>>> 'Pkg.add("Circuitscape")' log
INFO: Cloning cache of Circuitscape from https://github.com/ranjanan/Circuitscape.jl.git
INFO: Cloning cache of SimpleWeightedGraphs from https://github.com/JuliaGraphs/SimpleWeightedGraphs.jl.git
INFO: Installing AMG v0.0.3
INFO: Installing Circuitscape v0.0.2
INFO: Installing CodecZlib v0.4.2
INFO: Installing DataStructures v0.7.4
INFO: Installing GZip v0.3.0
INFO: Installing IterativeSolvers v0.5.0
INFO: Installing LightGraphs v0.11.1
INFO: Installing Logging v0.3.1
INFO: Installing MacroTools v0.4.0
INFO: Installing RecipesBase v0.2.3
INFO: Installing SimpleTraits v0.5.1
INFO: Installing SimpleWeightedGraphs v0.3.0
INFO: Installing TranscodingStreams v0.4.1
INFO: Package database updated
INFO: METADATA is out-of-date — you may not have the latest version of Circuitscape
INFO: Use `Pkg.update()` to get the latest versions of your packages

>>> 'Pkg.test("Circuitscape")' log
Julia Version 0.6.2
Commit d386e40c17 (2017-12-13 18:08 UTC)
Platform Info:
  OS: Linux (x86_64-pc-linux-gnu)
  CPU: Intel(R) Xeon(R) CPU E3-1241 v3 @ 3.50GHz
  WORD_SIZE: 64
           Ubuntu 14.04.5 LTS
  uname: Linux 3.13.0-135-generic #184-Ubuntu SMP Wed Oct 18 11:55:51 UTC 2017 x86_64 x86_64
Memory: 2.93927001953125 GB (921.10546875 MB free)
Uptime: 31525.0 sec
Load Avg:  0.923828125  0.96923828125  0.9638671875
Intel(R) Xeon(R) CPU E3-1241 v3 @ 3.50GHz: 
       speed         user         nice          sys         idle          irq
#1  3501 MHz    1846203 s         94 s      88008 s     742187 s         31 s
#2  3501 MHz     388210 s       6898 s      42776 s    2664280 s          0 s

  BLAS: libopenblas (USE64BITINT DYNAMIC_ARCH NO_AFFINITY Nehalem)
  LAPACK: libopenblas64_
  LIBM: libopenlibm
  LLVM: libLLVM-3.9.1 (ORCJIT, haswell)
Environment:
  TERM = vt100
  LD_LIBRARY_PATH = :/usr/local/lib/
  PATH = /usr/local/sbin:/usr/local/bin:/usr/sbin:/usr/bin:/sbin:/bin:/usr/games:/usr/local/games:/home/vagrant/julia/bin/
  JAVA_HOME = /usr/lib/jvm/java-8-openjdk-amd64
  HOME = /home/vagrant

Package Directory: /home/vagrant/.julia/v0.6
2 required packages:
 - Circuitscape                  0.0.2
 - JSON                          0.16.4
14 additional packages:
 - AMG                           0.0.3
 - CodecZlib                     0.4.2
 - Compat                        0.53.0
 - DataStructures                0.7.4
 - GZip                          0.3.0
 - IterativeSolvers              0.5.0
 - LightGraphs                   0.11.1
 - Logging                       0.3.1
 - MacroTools                    0.4.0
 - Nullables                     0.0.3
 - RecipesBase                   0.2.3
 - SimpleTraits                  0.5.1
 - SimpleWeightedGraphs          0.3.0
 - TranscodingStreams            0.4.1
INFO: Testing Circuitscape
WARNING: Method definition info(Any...) in module Base at util.jl:534 overwritten in module Logging at /home/vagrant/.julia/v0.6/Logging/src/Logging.jl:115.
WARNING: Method definition warn(Any...) in module Base at util.jl:589 overwritten in module Logging at /home/vagrant/.julia/v0.6/Logging/src/Logging.jl:115.
09-Feb 09:46:16:INFO:root:Reading maps
09-Feb 09:46:18:INFO:root:Resistance/Conductance map has 18 nodes
09-Feb 09:46:22:INFO:root:Testing sgNetworkVerify1
09-Feb 09:46:25:INFO:root:Graph has 67 nodes, 15 focal points and 4 connected components
09-Feb 09:46:25:INFO:root:Time to construct laplacian = 0.000115531 seconds
09-Feb 09:46:26:INFO:root:Time taken to construct preconditioner = 0.99840308 seconds
09-Feb 09:46:26:INFO:root:Time taken to construct local nodemap = 0.075865269 seconds
09-Feb 09:46:31:INFO:root:Solving points 1 and 2
09-Feb 09:46:35:INFO:root:Time taken to solve linear system = 3.858428207 seconds
09-Feb 09:46:36:INFO:root:Time taken to write voltage maps = 0.412739834 seconds
09-Feb 09:46:37:INFO:root:Time taken to write current maps = 1.164796687 seconds
09-Feb 09:46:37:INFO:root:Solving points 1 and 6
09-Feb 09:46:37:INFO:root:Time taken to solve linear system = 0.000878653 seconds
09-Feb 09:46:37:INFO:root:Time taken to write voltage maps = 0.000172144 seconds
09-Feb 09:46:37:INFO:root:Time taken to write current maps = 0.001100914 seconds
09-Feb 09:46:37:INFO:root:Solving points 1 and 7
09-Feb 09:46:37:INFO:root:Time taken to solve linear system = 0.001188506 seconds
09-Feb 09:46:37:INFO:root:Time taken to write voltage maps = 0.000198008 seconds
09-Feb 09:46:37:INFO:root:Time taken to write current maps = 0.000781554 seconds
09-Feb 09:46:37:INFO:root:Solving points 1 and 8
09-Feb 09:46:37:INFO:root:Time taken to solve linear system = 0.001225364 seconds
09-Feb 09:46:37:INFO:root:Time taken to write voltage maps = 0.000204888 seconds
09-Feb 09:46:37:INFO:root:Time taken to write current maps = 0.000783283 seconds
09-Feb 09:46:37:INFO:root:Solving points 2 and 6
09-Feb 09:46:37:INFO:root:Time taken to solve linear system = 0.001509172 seconds
09-Feb 09:46:37:INFO:root:Time taken to write voltage maps = 0.000352119 seconds
09-Feb 09:46:37:INFO:root:Time taken to write current maps = 0.001045454 seconds
09-Feb 09:46:37:INFO:root:Solving points 2 and 7
09-Feb 09:46:37:INFO:root:Time taken to solve linear system = 0.001214392 seconds
09-Feb 09:46:37:INFO:root:Time taken to write voltage maps = 0.000179546 seconds
09-Feb 09:46:37:INFO:root:Time taken to write current maps = 0.000756762 seconds
09-Feb 09:46:37:INFO:root:Solving points 2 and 8
09-Feb 09:46:37:INFO:root:Time taken to solve linear system = 0.001186521 seconds
09-Feb 09:46:37:INFO:root:Time taken to write voltage maps = 0.000257927 seconds
09-Feb 09:46:37:INFO:root:Time taken to write current maps = 0.000810554 seconds
09-Feb 09:46:37:INFO:root:Solving points 6 and 7
09-Feb 09:46:37:INFO:root:Time taken to solve linear system = 0.001345554 seconds
09-Feb 09:46:37:INFO:root:Time taken to write voltage maps = 0.00029892 seconds
09-Feb 09:46:37:INFO:root:Time taken to write current maps = 0.000839517 seconds
09-Feb 09:46:37:INFO:root:Solving points 6 and 8
09-Feb 09:46:37:INFO:root:Time taken to solve linear system = 0.001501153 seconds
09-Feb 09:46:37:INFO:root:Time taken to write voltage maps = 0.000240111 seconds
09-Feb 09:46:37:INFO:root:Time taken to write current maps = 0.000738895 seconds
09-Feb 09:46:37:INFO:root:Solving points 7 and 8
09-Feb 09:46:37:INFO:root:Time taken to solve linear system = 0.000781031 seconds
09-Feb 09:46:37:INFO:root:Time taken to write voltage maps = 0.000140753 seconds
09-Feb 09:46:37:INFO:root:Time taken to write current maps = 0.00061447 seconds
09-Feb 09:46:38:INFO:root:Time taken to construct preconditioner = 0.000196399 seconds
09-Feb 09:46:38:INFO:root:Time taken to construct local nodemap = 2.5098e-5 seconds
09-Feb 09:46:38:INFO:root:Solving points 44 and 45
09-Feb 09:46:38:INFO:root:Time taken to solve linear system = 9.4117e-5 seconds
09-Feb 09:46:38:INFO:root:Time taken to write voltage maps = 0.00028507 seconds
09-Feb 09:46:38:INFO:root:Time taken to write current maps = 0.000356605 seconds
09-Feb 09:46:38:INFO:root:Solving points 44 and 48
09-Feb 09:46:38:INFO:root:Time taken to solve linear system = 0.000175879 seconds
09-Feb 09:46:38:INFO:root:Time taken to write voltage maps = 7.771e-5 seconds
09-Feb 09:46:38:INFO:root:Time taken to write current maps = 0.000323893 seconds
09-Feb 09:46:38:INFO:root:Solving points 44 and 49
09-Feb 09:46:38:INFO:root:Time taken to solve linear system = 4.4444e-5 seconds
09-Feb 09:46:38:INFO:root:Time taken to write voltage maps = 0.000165665 seconds
09-Feb 09:46:38:INFO:root:Time taken to write current maps = 0.00026415 seconds
09-Feb 09:46:38:INFO:root:Solving points 45 and 48
09-Feb 09:46:38:INFO:root:Time taken to solve linear system = 0.000146523 seconds
09-Feb 09:46:38:INFO:root:Time taken to write voltage maps = 4.9505e-5 seconds
09-Feb 09:46:38:INFO:root:Time taken to write current maps = 0.000219904 seconds
09-Feb 09:46:38:INFO:root:Solving points 45 and 49
09-Feb 09:46:38:INFO:root:Time taken to solve linear system = 3.7122e-5 seconds
09-Feb 09:46:38:INFO:root:Time taken to write voltage maps = 0.000160282 seconds
09-Feb 09:46:38:INFO:root:Time taken to write current maps = 0.013924927 seconds
09-Feb 09:46:38:INFO:root:Solving points 48 and 49
09-Feb 09:46:38:INFO:root:Time taken to solve linear system = 8.0968e-5 seconds
09-Feb 09:46:38:INFO:root:Time taken to write voltage maps = 0.000196433 seconds
09-Feb 09:46:38:INFO:root:Time taken to write current maps = 0.00031287 seconds
09-Feb 09:46:38:INFO:root:Time taken to construct preconditioner = 4.761e-5 seconds
09-Feb 09:46:38:INFO:root:Time taken to construct local nodemap = 7.7773e-5 seconds
09-Feb 09:46:38:INFO:root:Solving points 51 and 59
09-Feb 09:46:38:INFO:root:Time taken to solve linear system = 0.000293506 seconds
09-Feb 09:46:38:INFO:root:Time taken to write voltage maps = 8.7196e-5 seconds
09-Feb 09:46:38:INFO:root:Time taken to write current maps = 0.000335084 seconds
09-Feb 09:46:38:INFO:root:Solving points 51 and 61
09-Feb 09:46:38:INFO:root:Time taken to solve linear system = 0.000342003 seconds
09-Feb 09:46:38:INFO:root:Time taken to write voltage maps = 0.000171698 seconds
09-Feb 09:46:38:INFO:root:Time taken to write current maps = 0.000320043 seconds
09-Feb 09:46:38:INFO:root:Solving points 59 and 61
09-Feb 09:46:38:INFO:root:Time taken to solve linear system = 0.00039386 seconds
09-Feb 09:46:38:INFO:root:Time taken to write voltage maps = 0.000199122 seconds
09-Feb 09:46:38:INFO:root:Time taken to write current maps = 0.000338526 seconds
09-Feb 09:46:38:INFO:root:Time taken to construct preconditioner = 0.000218921 seconds
09-Feb 09:46:38:INFO:root:Time taken to construct local nodemap = 1.867e-5 seconds
09-Feb 09:46:38:INFO:root:Solving points 58 and 66
09-Feb 09:46:38:INFO:root:Time taken to solve linear system = 0.000143109 seconds
09-Feb 09:46:38:INFO:root:Time taken to write voltage maps = 0.000167184 seconds
09-Feb 09:46:38:INFO:root:Time taken to write current maps = 0.000297553 seconds
09-Feb 09:46:38:INFO:root:Solving points 58 and 67
09-Feb 09:46:38:INFO:root:Time taken to solve linear system = 0.000159155 seconds
09-Feb 09:46:38:INFO:root:Time taken to write voltage maps = 0.000158547 seconds
09-Feb 09:46:38:INFO:root:Time taken to write current maps = 0.000311763 seconds
09-Feb 09:46:38:INFO:root:Solving points 66 and 67
09-Feb 09:46:38:INFO:root:Time taken to solve linear system = 0.000153833 seconds
09-Feb 09:46:38:INFO:root:Time taken to write voltage maps = 0.000216852 seconds
09-Feb 09:46:38:INFO:root:Time taken to write current maps = 0.000269879 seconds
09-Feb 09:46:38:INFO:root:Job took 15.704937504 seconds
09-Feb 09:46:38:INFO:root:Testing sgNetworkVerify1_branch_currents_1_2.txt
09-Feb 09:46:38:INFO:root:Test sgNetworkVerify1_branch_currents_1_2.txt passed
09-Feb 09:46:38:INFO:root:Testing sgNetworkVerify1_branch_currents_1_6.txt
09-Feb 09:46:38:INFO:root:Test sgNetworkVerify1_branch_currents_1_6.txt passed
09-Feb 09:46:38:INFO:root:Testing sgNetworkVerify1_branch_currents_1_7.txt
09-Feb 09:46:38:INFO:root:Test sgNetworkVerify1_branch_currents_1_7.txt passed
09-Feb 09:46:38:INFO:root:Testing sgNetworkVerify1_branch_currents_1_8.txt
09-Feb 09:46:38:INFO:root:Test sgNetworkVerify1_branch_currents_1_8.txt passed
09-Feb 09:46:38:INFO:root:Testing sgNetworkVerify1_branch_currents_2_6.txt
09-Feb 09:46:38:INFO:root:Test sgNetworkVerify1_branch_currents_2_6.txt passed
09-Feb 09:46:38:INFO:root:Testing sgNetworkVerify1_branch_currents_2_7.txt
09-Feb 09:46:38:INFO:root:Test sgNetworkVerify1_branch_currents_2_7.txt passed
09-Feb 09:46:38:INFO:root:Testing sgNetworkVerify1_branch_currents_2_8.txt
09-Feb 09:46:38:INFO:root:Test sgNetworkVerify1_branch_currents_2_8.txt passed
09-Feb 09:46:38:INFO:root:Testing sgNetworkVerify1_branch_currents_44_45.txt
09-Feb 09:46:38:INFO:root:Test sgNetworkVerify1_branch_currents_44_45.txt passed
09-Feb 09:46:38:INFO:root:Testing sgNetworkVerify1_branch_currents_44_48.txt
09-Feb 09:46:38:INFO:root:Test sgNetworkVerify1_branch_currents_44_48.txt passed
09-Feb 09:46:38:INFO:root:Testing sgNetworkVerify1_branch_currents_44_49.txt
09-Feb 09:46:38:INFO:root:Test sgNetworkVerify1_branch_currents_44_49.txt passed
09-Feb 09:46:38:INFO:root:Testing sgNetworkVerify1_branch_currents_45_48.txt
09-Feb 09:46:38:INFO:root:Test sgNetworkVerify1_branch_currents_45_48.txt passed
09-Feb 09:46:38:INFO:root:Testing sgNetworkVerify1_branch_currents_45_49.txt
09-Feb 09:46:38:INFO:root:Test sgNetworkVerify1_branch_currents_45_49.txt passed
09-Feb 09:46:38:INFO:root:Testing sgNetworkVerify1_branch_currents_48_49.txt
09-Feb 09:46:38:INFO:root:Test sgNetworkVerify1_branch_currents_48_49.txt passed
09-Feb 09:46:38:INFO:root:Testing sgNetworkVerify1_branch_currents_51_59.txt
09-Feb 09:46:38:INFO:root:Test sgNetworkVerify1_branch_currents_51_59.txt passed
09-Feb 09:46:38:INFO:root:Testing sgNetworkVerify1_branch_currents_51_61.txt
09-Feb 09:46:38:INFO:root:Test sgNetworkVerify1_branch_currents_51_61.txt passed
09-Feb 09:46:38:INFO:root:Testing sgNetworkVerify1_branch_currents_58_66.txt
09-Feb 09:46:38:INFO:root:Test sgNetworkVerify1_branch_currents_58_66.txt passed
09-Feb 09:46:38:INFO:root:Testing sgNetworkVerify1_branch_currents_58_67.txt
09-Feb 09:46:38:INFO:root:Test sgNetworkVerify1_branch_currents_58_67.txt passed
09-Feb 09:46:38:INFO:root:Testing sgNetworkVerify1_branch_currents_59_61.txt
09-Feb 09:46:38:INFO:root:Test sgNetworkVerify1_branch_currents_59_61.txt passed
09-Feb 09:46:38:INFO:root:Testing sgNetworkVerify1_branch_currents_66_67.txt
09-Feb 09:46:38:INFO:root:Test sgNetworkVerify1_branch_currents_66_67.txt passed
09-Feb 09:46:38:INFO:root:Testing sgNetworkVerify1_branch_currents_6_7.txt
09-Feb 09:46:38:INFO:root:Test sgNetworkVerify1_branch_currents_6_7.txt passed
09-Feb 09:46:38:INFO:root:Testing sgNetworkVerify1_branch_currents_6_8.txt
09-Feb 09:46:38:INFO:root:Test sgNetworkVerify1_branch_currents_6_8.txt passed
09-Feb 09:46:38:INFO:root:Testing sgNetworkVerify1_branch_currents_7_8.txt
09-Feb 09:46:38:INFO:root:Test sgNetworkVerify1_branch_currents_7_8.txt passed
09-Feb 09:46:38:INFO:root:Testing sgNetworkVerify1_node_currents_1_2.txt
09-Feb 09:46:38:INFO:root:Test sgNetworkVerify1_node_currents_1_2.txt passed
09-Feb 09:46:38:INFO:root:Testing sgNetworkVerify1_node_currents_1_6.txt
09-Feb 09:46:38:INFO:root:Test sgNetworkVerify1_node_currents_1_6.txt passed
09-Feb 09:46:38:INFO:root:Testing sgNetworkVerify1_node_currents_1_7.txt
09-Feb 09:46:38:INFO:root:Test sgNetworkVerify1_node_currents_1_7.txt passed
09-Feb 09:46:38:INFO:root:Testing sgNetworkVerify1_node_currents_1_8.txt
09-Feb 09:46:38:INFO:root:Test sgNetworkVerify1_node_currents_1_8.txt passed
09-Feb 09:46:38:INFO:root:Testing sgNetworkVerify1_node_currents_2_6.txt
09-Feb 09:46:38:INFO:root:Test sgNetworkVerify1_node_currents_2_6.txt passed
09-Feb 09:46:38:INFO:root:Testing sgNetworkVerify1_node_currents_2_7.txt
09-Feb 09:46:38:INFO:root:Test sgNetworkVerify1_node_currents_2_7.txt passed
09-Feb 09:46:38:INFO:root:Testing sgNetworkVerify1_node_currents_2_8.txt
09-Feb 09:46:38:INFO:root:Test sgNetworkVerify1_node_currents_2_8.txt passed
09-Feb 09:46:38:INFO:root:Testing sgNetworkVerify1_node_currents_44_45.txt
09-Feb 09:46:38:INFO:root:Test sgNetworkVerify1_node_currents_44_45.txt passed
09-Feb 09:46:38:INFO:root:Testing sgNetworkVerify1_node_currents_44_48.txt
09-Feb 09:46:38:INFO:root:Test sgNetworkVerify1_node_currents_44_48.txt passed
09-Feb 09:46:38:INFO:root:Testing sgNetworkVerify1_node_currents_44_49.txt
09-Feb 09:46:38:INFO:root:Test sgNetworkVerify1_node_currents_44_49.txt passed
09-Feb 09:46:38:INFO:root:Testing sgNetworkVerify1_node_currents_45_48.txt
09-Feb 09:46:38:INFO:root:Test sgNetworkVerify1_node_currents_45_48.txt passed
09-Feb 09:46:38:INFO:root:Testing sgNetworkVerify1_node_currents_45_49.txt
09-Feb 09:46:38:INFO:root:Test sgNetworkVerify1_node_currents_45_49.txt passed
09-Feb 09:46:38:INFO:root:Testing sgNetworkVerify1_node_currents_48_49.txt
09-Feb 09:46:38:INFO:root:Test sgNetworkVerify1_node_currents_48_49.txt passed
09-Feb 09:46:38:INFO:root:Testing sgNetworkVerify1_node_currents_51_59.txt
09-Feb 09:46:38:INFO:root:Test sgNetworkVerify1_node_currents_51_59.txt passed
09-Feb 09:46:38:INFO:root:Testing sgNetworkVerify1_node_currents_51_61.txt
09-Feb 09:46:38:INFO:root:Test sgNetworkVerify1_node_currents_51_61.txt passed
09-Feb 09:46:38:INFO:root:Testing sgNetworkVerify1_node_currents_58_66.txt
09-Feb 09:46:38:INFO:root:Test sgNetworkVerify1_node_currents_58_66.txt passed
09-Feb 09:46:38:INFO:root:Testing sgNetworkVerify1_node_currents_58_67.txt
09-Feb 09:46:38:INFO:root:Test sgNetworkVerify1_node_currents_58_67.txt passed
09-Feb 09:46:38:INFO:root:Testing sgNetworkVerify1_node_currents_59_61.txt
09-Feb 09:46:38:INFO:root:Test sgNetworkVerify1_node_currents_59_61.txt passed
09-Feb 09:46:38:INFO:root:Testing sgNetworkVerify1_node_currents_66_67.txt
09-Feb 09:46:38:INFO:root:Test sgNetworkVerify1_node_currents_66_67.txt passed
09-Feb 09:46:38:INFO:root:Testing sgNetworkVerify1_node_currents_6_7.txt
09-Feb 09:46:38:INFO:root:Test sgNetworkVerify1_node_currents_6_7.txt passed
09-Feb 09:46:38:INFO:root:Testing sgNetworkVerify1_node_currents_6_8.txt
09-Feb 09:46:38:INFO:root:Test sgNetworkVerify1_node_currents_6_8.txt passed
09-Feb 09:46:38:INFO:root:Testing sgNetworkVerify1_node_currents_7_8.txt
09-Feb 09:46:38:INFO:root:Test sgNetworkVerify1_node_currents_7_8.txt passed
09-Feb 09:46:38:INFO:root:Testing sgNetworkVerify1_voltages_1_2.txt
09-Feb 09:46:38:INFO:root:Test sgNetworkVerify1_voltages_1_2.txt passed
09-Feb 09:46:38:INFO:root:Testing sgNetworkVerify1_voltages_1_6.txt
09-Feb 09:46:38:INFO:root:Test sgNetworkVerify1_voltages_1_6.txt passed
09-Feb 09:46:38:INFO:root:Testing sgNetworkVerify1_voltages_1_7.txt
09-Feb 09:46:38:INFO:root:Test sgNetworkVerify1_voltages_1_7.txt passed
09-Feb 09:46:38:INFO:root:Testing sgNetworkVerify1_voltages_1_8.txt
09-Feb 09:46:38:INFO:root:Test sgNetworkVerify1_voltages_1_8.txt passed
09-Feb 09:46:38:INFO:root:Testing sgNetworkVerify1_voltages_2_6.txt
09-Feb 09:46:38:INFO:root:Test sgNetworkVerify1_voltages_2_6.txt passed
09-Feb 09:46:38:INFO:root:Testing sgNetworkVerify1_voltages_2_7.txt
09-Feb 09:46:38:INFO:root:Test sgNetworkVerify1_voltages_2_7.txt passed
09-Feb 09:46:38:INFO:root:Testing sgNetworkVerify1_voltages_2_8.txt
09-Feb 09:46:38:INFO:root:Test sgNetworkVerify1_voltages_2_8.txt passed
09-Feb 09:46:38:INFO:root:Testing sgNetworkVerify1_voltages_44_45.txt
09-Feb 09:46:38:INFO:root:Test sgNetworkVerify1_voltages_44_45.txt passed
09-Feb 09:46:38:INFO:root:Testing sgNetworkVerify1_voltages_44_48.txt
09-Feb 09:46:38:INFO:root:Test sgNetworkVerify1_voltages_44_48.txt passed
09-Feb 09:46:38:INFO:root:Testing sgNetworkVerify1_voltages_44_49.txt
09-Feb 09:46:38:INFO:root:Test sgNetworkVerify1_voltages_44_49.txt passed
09-Feb 09:46:38:INFO:root:Testing sgNetworkVerify1_voltages_45_48.txt
09-Feb 09:46:38:INFO:root:Test sgNetworkVerify1_voltages_45_48.txt passed
09-Feb 09:46:38:INFO:root:Testing sgNetworkVerify1_voltages_45_49.txt
09-Feb 09:46:38:INFO:root:Test sgNetworkVerify1_voltages_45_49.txt passed
09-Feb 09:46:38:INFO:root:Testing sgNetworkVerify1_voltages_48_49.txt
09-Feb 09:46:38:INFO:root:Test sgNetworkVerify1_voltages_48_49.txt passed
09-Feb 09:46:38:INFO:root:Testing sgNetworkVerify1_voltages_51_59.txt
09-Feb 09:46:38:INFO:root:Test sgNetworkVerify1_voltages_51_59.txt passed
09-Feb 09:46:38:INFO:root:Testing sgNetworkVerify1_voltages_51_61.txt
09-Feb 09:46:38:INFO:root:Test sgNetworkVerify1_voltages_51_61.txt passed
09-Feb 09:46:38:INFO:root:Testing sgNetworkVerify1_voltages_58_66.txt
09-Feb 09:46:38:INFO:root:Test sgNetworkVerify1_voltages_58_66.txt passed
09-Feb 09:46:38:INFO:root:Testing sgNetworkVerify1_voltages_58_67.txt
09-Feb 09:46:38:INFO:root:Test sgNetworkVerify1_voltages_58_67.txt passed
09-Feb 09:46:38:INFO:root:Testing sgNetworkVerify1_voltages_59_61.txt
09-Feb 09:46:38:INFO:root:Test sgNetworkVerify1_voltages_59_61.txt passed
09-Feb 09:46:38:INFO:root:Testing sgNetworkVerify1_voltages_66_67.txt
09-Feb 09:46:38:INFO:root:Test sgNetworkVerify1_voltages_66_67.txt passed
09-Feb 09:46:38:INFO:root:Testing sgNetworkVerify1_voltages_6_7.txt
09-Feb 09:46:38:INFO:root:Test sgNetworkVerify1_voltages_6_7.txt passed
09-Feb 09:46:38:INFO:root:Testing sgNetworkVerify1_voltages_6_8.txt
09-Feb 09:46:38:INFO:root:Test sgNetworkVerify1_voltages_6_8.txt passed
09-Feb 09:46:38:INFO:root:Testing sgNetworkVerify1_voltages_7_8.txt
09-Feb 09:46:38:INFO:root:Test sgNetworkVerify1_voltages_7_8.txt passed
09-Feb 09:46:38:INFO:root:Test sgNetworkVerify1 passed
09-Feb 09:46:38:INFO:root:Testing sgNetworkVerify2
09-Feb 09:46:38:INFO:root:Graph has 7 nodes, 5 focal points and 1 connected components
09-Feb 09:46:38:INFO:root:Time to construct laplacian = 9.312e-6 seconds
09-Feb 09:46:38:INFO:root:Time taken to construct preconditioner = 0.000416287 seconds
09-Feb 09:46:38:INFO:root:Time taken to construct local nodemap = 8.727e-6 seconds
09-Feb 09:46:38:INFO:root:Solving points 1 and 2
09-Feb 09:46:38:INFO:root:Time taken to solve linear system = 0.000241772 seconds
09-Feb 09:46:38:INFO:root:Time taken to write voltage maps = 0.000269909 seconds
09-Feb 09:46:38:INFO:root:Solving points 1 and 3
09-Feb 09:46:38:INFO:root:Time taken to solve linear system = 0.000322361 seconds
09-Feb 09:46:38:INFO:root:Time taken to write voltage maps = 0.000262148 seconds
09-Feb 09:46:38:INFO:root:Solving points 1 and 4
09-Feb 09:46:38:INFO:root:Time taken to solve linear system = 0.000297925 seconds
09-Feb 09:46:38:INFO:root:Time taken to write voltage maps = 0.000243972 seconds
09-Feb 09:46:38:INFO:root:Solving points 1 and 5
09-Feb 09:46:38:INFO:root:Time taken to solve linear system = 0.000315593 seconds
09-Feb 09:46:38:INFO:root:Time taken to write voltage maps = 7.1958e-5 seconds
09-Feb 09:46:38:INFO:root:Solving points 2 and 3
09-Feb 09:46:38:INFO:root:Time taken to solve linear system = 0.000325186 seconds
09-Feb 09:46:38:INFO:root:Time taken to write voltage maps = 0.00020791 seconds
09-Feb 09:46:38:INFO:root:Solving points 2 and 4
09-Feb 09:46:38:INFO:root:Time taken to solve linear system = 0.000129657 seconds
09-Feb 09:46:38:INFO:root:Time taken to write voltage maps = 6.8497e-5 seconds
09-Feb 09:46:38:INFO:root:Solving points 2 and 5
09-Feb 09:46:38:INFO:root:Time taken to solve linear system = 0.000124279 seconds
09-Feb 09:46:38:INFO:root:Time taken to write voltage maps = 6.6669e-5 seconds
09-Feb 09:46:38:INFO:root:Solving points 3 and 4
09-Feb 09:46:38:INFO:root:Time taken to solve linear system = 0.000133833 seconds
09-Feb 09:46:38:INFO:root:Time taken to write voltage maps = 6.0657e-5 seconds
09-Feb 09:46:38:INFO:root:Solving points 3 and 5
09-Feb 09:46:38:INFO:root:Time taken to solve linear system = 0.000139847 seconds
09-Feb 09:46:38:INFO:root:Time taken to write voltage maps = 6.7932e-5 seconds
09-Feb 09:46:38:INFO:root:Solving points 4 and 5
09-Feb 09:46:38:INFO:root:Time taken to solve linear system = 0.000117479 seconds
09-Feb 09:46:38:INFO:root:Time taken to write voltage maps = 6.3868e-5 seconds
09-Feb 09:46:38:INFO:root:Job took 0.008434151 seconds
09-Feb 09:46:38:INFO:root:Testing sgNetworkVerify2_voltages_1_2.txt
09-Feb 09:46:38:INFO:root:Test sgNetworkVerify2_voltages_1_2.txt passed
09-Feb 09:46:38:INFO:root:Testing sgNetworkVerify2_voltages_1_3.txt
09-Feb 09:46:38:INFO:root:Test sgNetworkVerify2_voltages_1_3.txt passed
09-Feb 09:46:38:INFO:root:Testing sgNetworkVerify2_voltages_1_4.txt
09-Feb 09:46:38:INFO:root:Test sgNetworkVerify2_voltages_1_4.txt passed
09-Feb 09:46:38:INFO:root:Testing sgNetworkVerify2_voltages_1_5.txt
09-Feb 09:46:38:INFO:root:Test sgNetworkVerify2_voltages_1_5.txt passed
09-Feb 09:46:38:INFO:root:Testing sgNetworkVerify2_voltages_2_3.txt
09-Feb 09:46:38:INFO:root:Test sgNetworkVerify2_voltages_2_3.txt passed
09-Feb 09:46:38:INFO:root:Testing sgNetworkVerify2_voltages_2_4.txt
09-Feb 09:46:38:INFO:root:Test sgNetworkVerify2_voltages_2_4.txt passed
09-Feb 09:46:38:INFO:root:Testing sgNetworkVerify2_voltages_2_5.txt
09-Feb 09:46:38:INFO:root:Test sgNetworkVerify2_voltages_2_5.txt passed
09-Feb 09:46:38:INFO:root:Testing sgNetworkVerify2_voltages_3_4.txt
09-Feb 09:46:38:INFO:root:Test sgNetworkVerify2_voltages_3_4.txt passed
09-Feb 09:46:38:INFO:root:Testing sgNetworkVerify2_voltages_3_5.txt
09-Feb 09:46:38:INFO:root:Test sgNetworkVerify2_voltages_3_5.txt passed
09-Feb 09:46:38:INFO:root:Testing sgNetworkVerify2_voltages_4_5.txt
09-Feb 09:46:38:INFO:root:Test sgNetworkVerify2_voltages_4_5.txt passed
09-Feb 09:46:38:INFO:root:Test sgNetworkVerify2 passed
09-Feb 09:46:38:INFO:root:Testing sgNetworkVerify3
09-Feb 09:46:38:INFO:root:Graph has 14 nodes, 7 focal points and 3 connected components
09-Feb 09:46:38:INFO:root:Time to construct laplacian = 1.0288e-5 seconds
09-Feb 09:46:38:INFO:root:Time taken to construct preconditioner = 0.000325763 seconds
09-Feb 09:46:38:INFO:root:Time taken to construct local nodemap = 7.329e-6 seconds
09-Feb 09:46:38:INFO:root:Solving points 1 and 2
09-Feb 09:46:38:INFO:root:Time taken to solve linear system = 0.000590069 seconds
09-Feb 09:46:38:INFO:root:Time taken to write voltage maps = 0.000264045 seconds
09-Feb 09:46:38:INFO:root:Solving points 1 and 6
09-Feb 09:46:38:INFO:root:Time taken to solve linear system = 0.000147474 seconds
09-Feb 09:46:38:INFO:root:Time taken to write voltage maps = 0.000277948 seconds
09-Feb 09:46:38:INFO:root:Solving points 1 and 9
09-Feb 09:46:38:INFO:root:Time taken to solve linear system = 0.000203437 seconds
09-Feb 09:46:38:INFO:root:Time taken to write voltage maps = 0.000207715 seconds
09-Feb 09:46:38:INFO:root:Solving points 1 and 12
09-Feb 09:46:38:INFO:root:Time taken to solve linear system = 0.000210939 seconds
09-Feb 09:46:38:INFO:root:Time taken to write voltage maps = 0.000210893 seconds
09-Feb 09:46:38:INFO:root:Solving points 2 and 6
09-Feb 09:46:38:INFO:root:Time taken to solve linear system = 0.000282055 seconds
09-Feb 09:46:38:INFO:root:Time taken to write voltage maps = 0.000201775 seconds
09-Feb 09:46:38:INFO:root:Solving points 2 and 9
09-Feb 09:46:38:INFO:root:Time taken to solve linear system = 0.000223551 seconds
09-Feb 09:46:38:INFO:root:Time taken to write voltage maps = 0.000205951 seconds
09-Feb 09:46:38:INFO:root:Solving points 2 and 12
09-Feb 09:46:38:INFO:root:Time taken to solve linear system = 0.000306465 seconds
09-Feb 09:46:38:INFO:root:Time taken to write voltage maps = 0.000201147 seconds
09-Feb 09:46:38:INFO:root:Solving points 6 and 9
09-Feb 09:46:38:INFO:root:Time taken to solve linear system = 0.000184616 seconds
09-Feb 09:46:38:INFO:root:Time taken to write voltage maps = 0.000208889 seconds
09-Feb 09:46:38:INFO:root:Solving points 6 and 12
09-Feb 09:46:38:INFO:root:Time taken to solve linear system = 0.00015978 seconds
09-Feb 09:46:38:INFO:root:Time taken to write voltage maps = 0.000227097 seconds
09-Feb 09:46:38:INFO:root:Solving points 9 and 12
09-Feb 09:46:38:INFO:root:Time taken to solve linear system = 0.00011452 seconds
09-Feb 09:46:38:INFO:root:Time taken to write voltage maps = 0.00020515 seconds
09-Feb 09:46:38:INFO:root:Time taken to construct preconditioner = 0.000169938 seconds
09-Feb 09:46:38:INFO:root:Time taken to construct local nodemap = 7.801e-6 seconds
09-Feb 09:46:38:INFO:root:Solving points 7 and 14
09-Feb 09:46:38:INFO:root:Time taken to solve linear system = 5.724e-5 seconds
09-Feb 09:46:38:INFO:root:Time taken to write voltage maps = 0.00029281 seconds
09-Feb 09:46:38:INFO:root:Job took 0.012236035 seconds
09-Feb 09:46:38:INFO:root:Testing sgNetworkVerify3_voltages_1_12.txt
09-Feb 09:46:38:INFO:root:Test sgNetworkVerify3_voltages_1_12.txt passed
09-Feb 09:46:38:INFO:root:Testing sgNetworkVerify3_voltages_1_2.txt
09-Feb 09:46:38:INFO:root:Test sgNetworkVerify3_voltages_1_2.txt passed
09-Feb 09:46:38:INFO:root:Testing sgNetworkVerify3_voltages_1_6.txt
09-Feb 09:46:38:INFO:root:Test sgNetworkVerify3_voltages_1_6.txt passed
09-Feb 09:46:38:INFO:root:Testing sgNetworkVerify3_voltages_1_9.txt
09-Feb 09:46:38:INFO:root:Test sgNetworkVerify3_voltages_1_9.txt passed
09-Feb 09:46:38:INFO:root:Testing sgNetworkVerify3_voltages_2_12.txt
09-Feb 09:46:38:INFO:root:Test sgNetworkVerify3_voltages_2_12.txt passed
09-Feb 09:46:38:INFO:root:Testing sgNetworkVerify3_voltages_2_6.txt
09-Feb 09:46:38:INFO:root:Test sgNetworkVerify3_voltages_2_6.txt passed
09-Feb 09:46:38:INFO:root:Testing sgNetworkVerify3_voltages_2_9.txt
09-Feb 09:46:38:INFO:root:Test sgNetworkVerify3_voltages_2_9.txt passed
09-Feb 09:46:38:INFO:root:Testing sgNetworkVerify3_voltages_6_12.txt
09-Feb 09:46:38:INFO:root:Test sgNetworkVerify3_voltages_6_12.txt passed
09-Feb 09:46:38:INFO:root:Testing sgNetworkVerify3_voltages_6_9.txt
09-Feb 09:46:38:INFO:root:Test sgNetworkVerify3_voltages_6_9.txt passed
09-Feb 09:46:38:INFO:root:Testing sgNetworkVerify3_voltages_7_14.txt
09-Feb 09:46:38:INFO:root:Test sgNetworkVerify3_voltages_7_14.txt passed
09-Feb 09:46:38:INFO:root:Testing sgNetworkVerify3_voltages_9_12.txt
09-Feb 09:46:38:INFO:root:Test sgNetworkVerify3_voltages_9_12.txt passed
09-Feb 09:46:38:INFO:root:Test sgNetworkVerify3 passed
09-Feb 09:46:38:INFO:root:Testing mgNetworkVerify1
09-Feb 09:46:41:DEBUG:root:There are 4 points and 1 connected components
09-Feb 09:46:42:INFO:root:Job took 3.454669309 seconds
09-Feb 09:46:42:INFO:root:Testing mgNetworkVerify1_branch_currents.txt
09-Feb 09:46:42:INFO:root:Test mgNetworkVerify1_branch_currents.txt passed
09-Feb 09:46:42:INFO:root:Testing mgNetworkVerify1_node_currents.txt
09-Feb 09:46:42:INFO:root:Test mgNetworkVerify1_node_currents.txt passed
09-Feb 09:46:42:INFO:root:Testing mgNetworkVerify1_voltages.txt
09-Feb 09:46:42:INFO:root:Test mgNetworkVerify1_voltages.txt passed
09-Feb 09:46:42:INFO:root:Test mgNetworkVerify1 passed
09-Feb 09:46:42:INFO:root:Testing mgNetworkVerify2
09-Feb 09:46:42:DEBUG:root:There are 5 points and 1 connected components
09-Feb 09:46:42:INFO:root:Job took 0.001164796 seconds
09-Feb 09:46:42:INFO:root:Testing mgNetworkVerify2_branch_currents.txt
09-Feb 09:46:42:INFO:root:Test mgNetworkVerify2_branch_currents.txt passed
09-Feb 09:46:42:INFO:root:Testing mgNetworkVerify2_node_currents.txt
09-Feb 09:46:42:INFO:root:Test mgNetworkVerify2_node_currents.txt passed
09-Feb 09:46:42:INFO:root:Testing mgNetworkVerify2_voltages.txt
09-Feb 09:46:42:INFO:root:Test mgNetworkVerify2_voltages.txt passed
09-Feb 09:46:42:INFO:root:Test mgNetworkVerify2 passed
09-Feb 09:46:42:INFO:root:Testing mgNetworkVerify3
09-Feb 09:46:42:DEBUG:root:There are 5 points and 1 connected components
09-Feb 09:46:42:INFO:root:Job took 0.001423597 seconds
09-Feb 09:46:42:INFO:root:Testing mgNetworkVerify3_branch_currents.txt
09-Feb 09:46:42:INFO:root:Test mgNetworkVerify3_branch_currents.txt passed
09-Feb 09:46:42:INFO:root:Testing mgNetworkVerify3_node_currents.txt
09-Feb 09:46:42:INFO:root:Test mgNetworkVerify3_node_currents.txt passed
09-Feb 09:46:42:INFO:root:Testing mgNetworkVerify3_voltages.txt
09-Feb 09:46:42:INFO:root:Test mgNetworkVerify3_voltages.txt passed
09-Feb 09:46:42:INFO:root:Test mgNetworkVerify3 passed
09-Feb 09:46:42:INFO:root:Testing sgVerify1
09-Feb 09:46:43:INFO:root:Reading maps
09-Feb 09:46:43:INFO:root:Resistance/Conductance map has 59 nodes
09-Feb 09:46:43:INFO:root:Time taken to read input = 0.096627024 seconds
09-Feb 09:46:43:INFO:root:Graph has 54 nodes, 10 focal points and 7 connected components
09-Feb 09:46:43:INFO:root:Time to construct laplacian = 3.2246e-5 seconds
09-Feb 09:46:43:INFO:root:Time taken to construct preconditioner = 0.000210334 seconds
09-Feb 09:46:43:INFO:root:Time taken to construct local nodemap = 0.156431985 seconds
09-Feb 09:46:43:INFO:root:Solving points 1 and 50
09-Feb 09:46:43:INFO:root:Time taken to solve linear system = 0.000991694 seconds
09-Feb 09:46:44:INFO:root:Time taken to write voltage maps = 0.08294358 seconds
09-Feb 09:46:44:INFO:root:Time taken to write current maps = 0.000406373 seconds
09-Feb 09:46:44:INFO:root:Solving points 1 and 52
09-Feb 09:46:44:INFO:root:Time taken to solve linear system = 0.000447019 seconds
09-Feb 09:46:44:INFO:root:Time taken to write voltage maps = 0.000173888 seconds
09-Feb 09:46:44:INFO:root:Time taken to write current maps = 0.000308399 seconds
09-Feb 09:46:44:INFO:root:Time taken to write voltage maps = 0.000148015 seconds
09-Feb 09:46:44:INFO:root:Time taken to write current maps = 0.000317175 seconds
09-Feb 09:46:44:INFO:root:Solving points 1 and 33
09-Feb 09:46:44:INFO:root:Time taken to solve linear system = 0.000516121 seconds
09-Feb 09:46:44:INFO:root:Time taken to write voltage maps = 0.000130131 seconds
09-Feb 09:46:44:INFO:root:Time taken to write current maps = 0.000262402 seconds
09-Feb 09:46:44:INFO:root:Solving points 1 and 46
09-Feb 09:46:44:INFO:root:Time taken to solve linear system = 0.000956727 seconds
09-Feb 09:46:44:INFO:root:Time taken to write voltage maps = 0.000455608 seconds
09-Feb 09:46:44:INFO:root:Time taken to write current maps = 0.000475197 seconds
09-Feb 09:46:44:INFO:root:Solving points 50 and 52
09-Feb 09:46:44:INFO:root:Time taken to solve linear system = 0.000880285 seconds
09-Feb 09:46:44:INFO:root:Time taken to write voltage maps = 0.000311447 seconds
09-Feb 09:46:44:INFO:root:Time taken to write current maps = 0.000453631 seconds
09-Feb 09:46:44:INFO:root:Time taken to write voltage maps = 0.000269039 seconds
09-Feb 09:46:44:INFO:root:Time taken to write current maps = 0.013032569 seconds
09-Feb 09:46:44:INFO:root:Solving points 50 and 33
09-Feb 09:46:44:INFO:root:Time taken to solve linear system = 0.001108556 seconds
09-Feb 09:46:44:INFO:root:Time taken to write voltage maps = 0.000315884 seconds
09-Feb 09:46:44:INFO:root:Time taken to write current maps = 0.000676016 seconds
09-Feb 09:46:44:INFO:root:Solving points 50 and 46
09-Feb 09:46:44:INFO:root:Time taken to solve linear system = 0.000878544 seconds
09-Feb 09:46:44:INFO:root:Time taken to write voltage maps = 0.000260404 seconds
09-Feb 09:46:44:INFO:root:Time taken to write current maps = 0.000432108 seconds
09-Feb 09:46:44:INFO:root:Solving points 52 and 33
09-Feb 09:46:44:INFO:root:Time taken to solve linear system = 0.000744488 seconds
09-Feb 09:46:44:INFO:root:Time taken to write voltage maps = 0.00023839 seconds
09-Feb 09:46:44:INFO:root:Time taken to write current maps = 0.0003938 seconds
09-Feb 09:46:44:INFO:root:Time taken to write voltage maps = 0.000252839 seconds
09-Feb 09:46:44:INFO:root:Time taken to write current maps = 0.000401805 seconds
09-Feb 09:46:44:INFO:root:Solving points 52 and 46
09-Feb 09:46:44:INFO:root:Time taken to solve linear system = 0.000855536 seconds
09-Feb 09:46:44:INFO:root:Time taken to write voltage maps = 0.000241442 seconds
09-Feb 09:46:44:INFO:root:Time taken to write current maps = 0.000408196 seconds
09-Feb 09:46:44:INFO:root:Time taken to write voltage maps = 0.000243152 seconds
09-Feb 09:46:44:INFO:root:Time taken to write current maps = 0.000405776 seconds
09-Feb 09:46:44:INFO:root:Solving points 33 and 46
09-Feb 09:46:44:INFO:root:Time taken to solve linear system = 0.000813021 seconds
09-Feb 09:46:44:INFO:root:Time taken to write voltage maps = 0.000436052 seconds
09-Feb 09:46:44:INFO:root:Time taken to write current maps = 0.000540535 seconds
09-Feb 09:46:44:INFO:root:Job took 1.868250213 seconds
09-Feb 09:46:44:INFO:root:Testing sgVerify1_curmap_1_2.asc
09-Feb 09:46:44:INFO:root:Test sgVerify1_curmap_1_2.asc passed
09-Feb 09:46:44:INFO:root:Testing sgVerify1_curmap_1_4.asc
09-Feb 09:46:44:INFO:root:Test sgVerify1_curmap_1_4.asc passed
09-Feb 09:46:44:INFO:root:Testing sgVerify1_curmap_1_5.asc
09-Feb 09:46:44:INFO:root:Test sgVerify1_curmap_1_5.asc passed
09-Feb 09:46:44:INFO:root:Testing sgVerify1_curmap_1_8.asc
09-Feb 09:46:44:INFO:root:Test sgVerify1_curmap_1_8.asc passed
09-Feb 09:46:44:INFO:root:Testing sgVerify1_curmap_1_9.asc
09-Feb 09:46:44:INFO:root:Test sgVerify1_curmap_1_9.asc passed
09-Feb 09:46:44:INFO:root:Testing sgVerify1_curmap_2_4.asc
09-Feb 09:46:44:INFO:root:Test sgVerify1_curmap_2_4.asc passed
09-Feb 09:46:44:INFO:root:Testing sgVerify1_curmap_2_5.asc
09-Feb 09:46:44:INFO:root:Test sgVerify1_curmap_2_5.asc passed
09-Feb 09:46:44:INFO:root:Testing sgVerify1_curmap_2_8.asc
09-Feb 09:46:44:INFO:root:Test sgVerify1_curmap_2_8.asc passed
09-Feb 09:46:44:INFO:root:Testing sgVerify1_curmap_2_9.asc
09-Feb 09:46:44:INFO:root:Test sgVerify1_curmap_2_9.asc passed
09-Feb 09:46:44:INFO:root:Testing sgVerify1_curmap_4_8.asc
09-Feb 09:46:44:INFO:root:Test sgVerify1_curmap_4_8.asc passed
09-Feb 09:46:44:INFO:root:Testing sgVerify1_curmap_4_9.asc
09-Feb 09:46:44:INFO:root:Test sgVerify1_curmap_4_9.asc passed
09-Feb 09:46:44:INFO:root:Testing sgVerify1_curmap_5_8.asc
09-Feb 09:46:44:INFO:root:Test sgVerify1_curmap_5_8.asc passed
09-Feb 09:46:44:INFO:root:Testing sgVerify1_curmap_5_9.asc
09-Feb 09:46:44:INFO:root:Test sgVerify1_curmap_5_9.asc passed
09-Feb 09:46:44:INFO:root:Testing sgVerify1_curmap_8_9.asc
09-Feb 09:46:44:INFO:root:Test sgVerify1_curmap_8_9.asc passed
09-Feb 09:46:44:INFO:root:Testing sgVerify1_voltmap_1_2.asc
09-Feb 09:46:44:INFO:root:Test sgVerify1_voltmap_1_2.asc passed
09-Feb 09:46:44:INFO:root:Testing sgVerify1_voltmap_1_4.asc
09-Feb 09:46:44:INFO:root:Test sgVerify1_voltmap_1_4.asc passed
09-Feb 09:46:44:INFO:root:Testing sgVerify1_voltmap_1_5.asc
09-Feb 09:46:44:INFO:root:Test sgVerify1_voltmap_1_5.asc passed
09-Feb 09:46:44:INFO:root:Testing sgVerify1_voltmap_1_8.asc
09-Feb 09:46:44:INFO:root:Test sgVerify1_voltmap_1_8.asc passed
09-Feb 09:46:44:INFO:root:Testing sgVerify1_voltmap_1_9.asc
09-Feb 09:46:44:INFO:root:Test sgVerify1_voltmap_1_9.asc passed
09-Feb 09:46:44:INFO:root:Testing sgVerify1_voltmap_2_4.asc
09-Feb 09:46:44:INFO:root:Test sgVerify1_voltmap_2_4.asc passed
09-Feb 09:46:44:INFO:root:Testing sgVerify1_voltmap_2_5.asc
09-Feb 09:46:44:INFO:root:Test sgVerify1_voltmap_2_5.asc passed
09-Feb 09:46:44:INFO:root:Testing sgVerify1_voltmap_2_8.asc
09-Feb 09:46:44:INFO:root:Test sgVerify1_voltmap_2_8.asc passed
09-Feb 09:46:44:INFO:root:Testing sgVerify1_voltmap_2_9.asc
09-Feb 09:46:44:INFO:root:Test sgVerify1_voltmap_2_9.asc passed
09-Feb 09:46:44:INFO:root:Testing sgVerify1_voltmap_4_8.asc
09-Feb 09:46:44:INFO:root:Test sgVerify1_voltmap_4_8.asc passed
09-Feb 09:46:44:INFO:root:Testing sgVerify1_voltmap_4_9.asc
09-Feb 09:46:44:INFO:root:Test sgVerify1_voltmap_4_9.asc passed
09-Feb 09:46:44:INFO:root:Testing sgVerify1_voltmap_5_8.asc
09-Feb 09:46:44:INFO:root:Test sgVerify1_voltmap_5_8.asc passed
09-Feb 09:46:44:INFO:root:Testing sgVerify1_voltmap_5_9.asc
09-Feb 09:46:44:INFO:root:Test sgVerify1_voltmap_5_9.asc passed
09-Feb 09:46:44:INFO:root:Testing sgVerify1_voltmap_8_9.asc
09-Feb 09:46:44:INFO:root:Test sgVerify1_voltmap_8_9.asc passed
09-Feb 09:46:44:INFO:root:Test sgVerify1 passed
09-Feb 09:46:44:INFO:root:Testing sgVerify2
09-Feb 09:46:44:INFO:root:Reading maps
09-Feb 09:46:44:INFO:root:Resistance/Conductance map has 7 nodes
09-Feb 09:46:44:INFO:root:Time taken to read input = 0.000560617 seconds
09-Feb 09:46:44:INFO:root:Graph has 6 nodes, 5 focal points and 1 connected components
09-Feb 09:46:44:INFO:root:Time to construct laplacian = 8.849e-6 seconds
09-Feb 09:46:44:INFO:root:Time taken to construct preconditioner = 4.4475e-5 seconds
09-Feb 09:46:44:INFO:root:Time taken to construct local nodemap = 1.463e-5 seconds
09-Feb 09:46:44:INFO:root:Solving points 1 and 2
09-Feb 09:46:44:INFO:root:Time taken to solve linear system = 0.000204336 seconds
09-Feb 09:46:44:INFO:root:Time taken to write voltage maps = 0.000195873 seconds
09-Feb 09:46:44:INFO:root:Time taken to write current maps = 0.000383924 seconds
09-Feb 09:46:44:INFO:root:Time taken to write voltage maps = 8.0871e-5 seconds
09-Feb 09:46:44:INFO:root:Time taken to write current maps = 0.00024637 seconds
09-Feb 09:46:44:INFO:root:Solving points 1 and 3
09-Feb 09:46:44:INFO:root:Time taken to solve linear system = 0.000385789 seconds
09-Feb 09:46:44:INFO:root:Time taken to write voltage maps = 0.000243394 seconds
