>>> 'Pkg.add("Circuitscape")' log
INFO: Cloning cache of Circuitscape from https://github.com/ranjanan/Circuitscape.jl.git
INFO: Cloning cache of SimpleWeightedGraphs from https://github.com/JuliaGraphs/SimpleWeightedGraphs.jl.git
INFO: Installing AMG v0.0.3
INFO: Installing BinDeps v0.8.2
INFO: Installing Circuitscape v0.0.2
INFO: Installing CodecZlib v0.4.1
INFO: Installing Combinatorics v0.5.0
INFO: Installing DataStructures v0.7.3
INFO: Installing GZip v0.3.0
INFO: Installing IterTools v0.2.0
INFO: Installing IterativeSolvers v0.4.2
INFO: Installing LightGraphs v0.11.1
INFO: Installing LinearMaps v1.0.4
INFO: Installing Logging v0.3.1
INFO: Installing MacroTools v0.4.0
INFO: Installing Polynomials v0.1.6
INFO: Installing RecipesBase v0.2.3
INFO: Installing SHA v0.5.2
INFO: Installing SimpleTraits v0.5.1
INFO: Installing SimpleWeightedGraphs v0.3.0
INFO: Installing SortingAlgorithms v0.2.0
INFO: Installing SpecialFunctions v0.3.6
INFO: Installing StatsBase v0.19.4
INFO: Installing SugarBLAS v0.0.4
INFO: Installing TranscodingStreams v0.4.1
INFO: Installing URIParser v0.3.0
INFO: Installing UnicodePlots v0.2.6
INFO: Building SpecialFunctions
INFO: Package database updated
INFO: METADATA is out-of-date — you may not have the latest version of Circuitscape
INFO: Use `Pkg.update()` to get the latest versions of your packages

>>> 'Pkg.test("Circuitscape")' log
Julia Version 0.6.2
Commit d386e40c17 (2017-12-13 18:08 UTC)
Platform Info:
  OS: Linux (x86_64-pc-linux-gnu)
  CPU: Intel(R) Xeon(R) CPU E3-1241 v3 @ 3.50GHz
  WORD_SIZE: 64
           Ubuntu 14.04.5 LTS
  uname: Linux 3.13.0-135-generic #184-Ubuntu SMP Wed Oct 18 11:55:51 UTC 2017 x86_64 x86_64
Memory: 2.93927001953125 GB (879.40234375 MB free)
Uptime: 27641.0 sec
Load Avg:  1.11865234375  1.03076171875  1.0400390625
Intel(R) Xeon(R) CPU E3-1241 v3 @ 3.50GHz: 
       speed         user         nice          sys         idle          irq
#1  3516 MHz    1666064 s         96 s      74758 s     614179 s         21 s
#2  3516 MHz     400776 s         60 s      38548 s    2275552 s          0 s

  BLAS: libopenblas (USE64BITINT DYNAMIC_ARCH NO_AFFINITY Nehalem)
  LAPACK: libopenblas64_
  LIBM: libopenlibm
  LLVM: libLLVM-3.9.1 (ORCJIT, haswell)
Environment:
  TERM = vt100
  LD_LIBRARY_PATH = :/usr/local/lib/
  PATH = /usr/local/sbin:/usr/local/bin:/usr/sbin:/usr/bin:/sbin:/bin:/usr/games:/usr/local/games:/home/vagrant/julia/bin/
  JAVA_HOME = /usr/lib/jvm/java-8-openjdk-amd64
  HOME = /home/vagrant

Package Directory: /home/vagrant/.julia/v0.6
2 required packages:
 - Circuitscape                  0.0.2
 - JSON                          0.16.3
26 additional packages:
 - AMG                           0.0.3
 - BinDeps                       0.8.2
 - CodecZlib                     0.4.1
 - Combinatorics                 0.5.0
 - Compat                        0.42.0
 - DataStructures                0.7.3
 - GZip                          0.3.0
 - IterTools                     0.2.0
 - IterativeSolvers              0.4.2
 - LightGraphs                   0.11.1
 - LinearMaps                    1.0.4
 - Logging                       0.3.1
 - MacroTools                    0.4.0
 - Nullables                     0.0.2
 - Polynomials                   0.1.6
 - RecipesBase                   0.2.3
 - SHA                           0.5.2
 - SimpleTraits                  0.5.1
 - SimpleWeightedGraphs          0.3.0
 - SortingAlgorithms             0.2.0
 - SpecialFunctions              0.3.6
 - StatsBase                     0.19.4
 - SugarBLAS                     0.0.4
 - TranscodingStreams            0.4.1
 - URIParser                     0.3.0
 - UnicodePlots                  0.2.6
INFO: Testing Circuitscape
WARNING: Method definition info(Any...) in module Base at util.jl:534 overwritten in module Logging at /home/vagrant/.julia/v0.6/Logging/src/Logging.jl:115.
WARNING: Method definition warn(Any...) in module Base at util.jl:589 overwritten in module Logging at /home/vagrant/.julia/v0.6/Logging/src/Logging.jl:115.
04-Jan 15:24:37:INFO:root:Reading maps
04-Jan 15:24:38:INFO:root:Resistance/Conductance map has 18 nodes
04-Jan 15:24:44:INFO:root:Testing sgNetworkVerify1
04-Jan 15:24:45:INFO:root:Graph has 67 nodes, 15 focal points and 4 connected components
04-Jan 15:24:45:INFO:root:Time to construct laplacian = 0.00013461 seconds
04-Jan 15:24:47:INFO:root:Time taken to construct preconditioner = 1.654995644 seconds
04-Jan 15:24:47:INFO:root:Time taken to construct local nodemap = 0.116135732 seconds
04-Jan 15:24:51:INFO:root:Solving points 1 and 2
04-Jan 15:24:54:INFO:root:Time taken to solve linear system = 3.094590912 seconds
04-Jan 15:24:54:INFO:root:Time taken to write voltage maps = 0.238696249 seconds
04-Jan 15:24:55:INFO:root:Time taken to write current maps = 1.138192687 seconds
04-Jan 15:24:55:INFO:root:Solving points 1 and 6
04-Jan 15:24:55:INFO:root:Time taken to solve linear system = 0.000900876 seconds
04-Jan 15:24:55:INFO:root:Time taken to write voltage maps = 0.000194222 seconds
04-Jan 15:24:55:INFO:root:Time taken to write current maps = 0.000752725 seconds
04-Jan 15:24:55:INFO:root:Solving points 1 and 7
04-Jan 15:24:55:INFO:root:Time taken to solve linear system = 0.000788583 seconds
04-Jan 15:24:55:INFO:root:Time taken to write voltage maps = 0.000179619 seconds
04-Jan 15:24:55:INFO:root:Time taken to write current maps = 0.000806999 seconds
04-Jan 15:24:55:INFO:root:Solving points 1 and 8
04-Jan 15:24:55:INFO:root:Time taken to solve linear system = 0.001080952 seconds
04-Jan 15:24:55:INFO:root:Time taken to write voltage maps = 0.000338561 seconds
04-Jan 15:24:55:INFO:root:Time taken to write current maps = 0.000735883 seconds
04-Jan 15:24:56:INFO:root:Solving points 2 and 6
04-Jan 15:24:56:INFO:root:Time taken to solve linear system = 0.001061202 seconds
04-Jan 15:24:56:INFO:root:Time taken to write voltage maps = 0.000215999 seconds
04-Jan 15:24:56:INFO:root:Time taken to write current maps = 0.000850075 seconds
04-Jan 15:24:56:INFO:root:Solving points 2 and 7
04-Jan 15:24:56:INFO:root:Time taken to solve linear system = 0.001311772 seconds
04-Jan 15:24:56:INFO:root:Time taken to write voltage maps = 0.000188744 seconds
04-Jan 15:24:56:INFO:root:Time taken to write current maps = 0.000743426 seconds
04-Jan 15:24:56:INFO:root:Solving points 2 and 8
04-Jan 15:24:56:INFO:root:Time taken to solve linear system = 0.000980465 seconds
04-Jan 15:24:56:INFO:root:Time taken to write voltage maps = 0.000266781 seconds
04-Jan 15:24:56:INFO:root:Time taken to write current maps = 0.000728485 seconds
04-Jan 15:24:56:INFO:root:Solving points 6 and 7
04-Jan 15:24:56:INFO:root:Time taken to solve linear system = 0.000941416 seconds
04-Jan 15:24:56:INFO:root:Time taken to write voltage maps = 0.000162187 seconds
04-Jan 15:24:56:INFO:root:Time taken to write current maps = 0.000711737 seconds
04-Jan 15:24:56:INFO:root:Solving points 6 and 8
04-Jan 15:24:56:INFO:root:Time taken to solve linear system = 0.000952837 seconds
04-Jan 15:24:56:INFO:root:Time taken to write voltage maps = 0.000257027 seconds
04-Jan 15:24:56:INFO:root:Time taken to write current maps = 0.000780214 seconds
04-Jan 15:24:56:INFO:root:Solving points 7 and 8
04-Jan 15:24:56:INFO:root:Time taken to solve linear system = 0.00102189 seconds
04-Jan 15:24:56:INFO:root:Time taken to write voltage maps = 0.000572633 seconds
04-Jan 15:24:56:INFO:root:Time taken to write current maps = 0.000794842 seconds
04-Jan 15:24:56:INFO:root:Time taken to construct preconditioner = 7.3479e-5 seconds
04-Jan 15:24:56:INFO:root:Time taken to construct local nodemap = 1.0597e-5 seconds
04-Jan 15:24:56:INFO:root:Solving points 44 and 45
04-Jan 15:24:56:INFO:root:Time taken to solve linear system = 6.538e-5 seconds
04-Jan 15:24:56:INFO:root:Time taken to write voltage maps = 0.000275782 seconds
04-Jan 15:24:56:INFO:root:Time taken to write current maps = 0.000523436 seconds
04-Jan 15:24:56:INFO:root:Solving points 44 and 48
04-Jan 15:24:56:INFO:root:Time taken to solve linear system = 7.5773e-5 seconds
04-Jan 15:24:56:INFO:root:Time taken to write voltage maps = 0.000194563 seconds
04-Jan 15:24:56:INFO:root:Time taken to write current maps = 0.000349245 seconds
04-Jan 15:24:56:INFO:root:Solving points 44 and 49
04-Jan 15:24:56:INFO:root:Time taken to solve linear system = 7.6531e-5 seconds
04-Jan 15:24:56:INFO:root:Time taken to write voltage maps = 0.000236863 seconds
04-Jan 15:24:56:INFO:root:Time taken to write current maps = 0.000307194 seconds
04-Jan 15:24:56:INFO:root:Solving points 45 and 48
04-Jan 15:24:56:INFO:root:Time taken to solve linear system = 8.0491e-5 seconds
04-Jan 15:24:56:INFO:root:Time taken to write voltage maps = 8.7884e-5 seconds
04-Jan 15:24:56:INFO:root:Time taken to write current maps = 0.000331411 seconds
04-Jan 15:24:56:INFO:root:Solving points 45 and 49
04-Jan 15:24:56:INFO:root:Time taken to solve linear system = 8.8472e-5 seconds
04-Jan 15:24:56:INFO:root:Time taken to write voltage maps = 0.000164893 seconds
04-Jan 15:24:56:INFO:root:Time taken to write current maps = 0.00043395 seconds
04-Jan 15:24:56:INFO:root:Solving points 48 and 49
04-Jan 15:24:56:INFO:root:Time taken to solve linear system = 4.6364e-5 seconds
04-Jan 15:24:56:INFO:root:Time taken to write voltage maps = 0.000164274 seconds
04-Jan 15:24:56:INFO:root:Time taken to write current maps = 0.000617719 seconds
04-Jan 15:24:56:INFO:root:Time taken to construct preconditioner = 8.8982e-5 seconds
04-Jan 15:24:56:INFO:root:Time taken to construct local nodemap = 1.069e-5 seconds
04-Jan 15:24:56:INFO:root:Solving points 51 and 59
04-Jan 15:24:56:INFO:root:Time taken to solve linear system = 0.000484226 seconds
04-Jan 15:24:56:INFO:root:Time taken to write voltage maps = 0.000139158 seconds
04-Jan 15:24:56:INFO:root:Time taken to write current maps = 0.000421413 seconds
04-Jan 15:24:56:INFO:root:Solving points 51 and 61
04-Jan 15:24:56:INFO:root:Time taken to solve linear system = 0.000509994 seconds
04-Jan 15:24:56:INFO:root:Time taken to write voltage maps = 0.000126007 seconds
04-Jan 15:24:56:INFO:root:Time taken to write current maps = 0.000458774 seconds
04-Jan 15:24:56:INFO:root:Solving points 59 and 61
04-Jan 15:24:56:INFO:root:Time taken to solve linear system = 0.000572636 seconds
04-Jan 15:24:56:INFO:root:Time taken to write voltage maps = 0.00014031 seconds
04-Jan 15:24:56:INFO:root:Time taken to write current maps = 0.000422847 seconds
04-Jan 15:24:56:INFO:root:Time taken to construct preconditioner = 6.6943e-5 seconds
04-Jan 15:24:56:INFO:root:Time taken to construct local nodemap = 8.793e-6 seconds
04-Jan 15:24:56:INFO:root:Solving points 58 and 66
04-Jan 15:24:56:INFO:root:Time taken to solve linear system = 4.8842e-5 seconds
04-Jan 15:24:56:INFO:root:Time taken to write voltage maps = 0.000203866 seconds
04-Jan 15:24:56:INFO:root:Time taken to write current maps = 0.000319986 seconds
04-Jan 15:24:56:INFO:root:Solving points 58 and 67
04-Jan 15:24:56:INFO:root:Time taken to solve linear system = 8.4142e-5 seconds
04-Jan 15:24:56:INFO:root:Time taken to write voltage maps = 0.000171641 seconds
04-Jan 15:24:56:INFO:root:Time taken to write current maps = 0.000471597 seconds
04-Jan 15:24:56:INFO:root:Solving points 66 and 67
04-Jan 15:24:56:INFO:root:Time taken to solve linear system = 0.000200062 seconds
04-Jan 15:24:56:INFO:root:Time taken to write voltage maps = 0.000215441 seconds
04-Jan 15:24:56:INFO:root:Time taken to write current maps = 0.000316643 seconds
04-Jan 15:24:56:INFO:root:Job took 12.057286452 seconds
04-Jan 15:24:56:INFO:root:Testing sgNetworkVerify1_branch_currents_1_2.txt
04-Jan 15:24:56:INFO:root:Test sgNetworkVerify1_branch_currents_1_2.txt passed
04-Jan 15:24:56:INFO:root:Testing sgNetworkVerify1_branch_currents_1_6.txt
04-Jan 15:24:56:INFO:root:Test sgNetworkVerify1_branch_currents_1_6.txt passed
04-Jan 15:24:56:INFO:root:Testing sgNetworkVerify1_branch_currents_1_7.txt
04-Jan 15:24:56:INFO:root:Test sgNetworkVerify1_branch_currents_1_7.txt passed
04-Jan 15:24:56:INFO:root:Testing sgNetworkVerify1_branch_currents_1_8.txt
04-Jan 15:24:56:INFO:root:Test sgNetworkVerify1_branch_currents_1_8.txt passed
04-Jan 15:24:56:INFO:root:Testing sgNetworkVerify1_branch_currents_2_6.txt
04-Jan 15:24:56:INFO:root:Test sgNetworkVerify1_branch_currents_2_6.txt passed
04-Jan 15:24:56:INFO:root:Testing sgNetworkVerify1_branch_currents_2_7.txt
04-Jan 15:24:56:INFO:root:Test sgNetworkVerify1_branch_currents_2_7.txt passed
04-Jan 15:24:56:INFO:root:Testing sgNetworkVerify1_branch_currents_2_8.txt
04-Jan 15:24:56:INFO:root:Test sgNetworkVerify1_branch_currents_2_8.txt passed
04-Jan 15:24:56:INFO:root:Testing sgNetworkVerify1_branch_currents_44_45.txt
04-Jan 15:24:56:INFO:root:Test sgNetworkVerify1_branch_currents_44_45.txt passed
04-Jan 15:24:56:INFO:root:Testing sgNetworkVerify1_branch_currents_44_48.txt
04-Jan 15:24:56:INFO:root:Test sgNetworkVerify1_branch_currents_44_48.txt passed
04-Jan 15:24:56:INFO:root:Testing sgNetworkVerify1_branch_currents_44_49.txt
04-Jan 15:24:56:INFO:root:Test sgNetworkVerify1_branch_currents_44_49.txt passed
04-Jan 15:24:56:INFO:root:Testing sgNetworkVerify1_branch_currents_45_48.txt
04-Jan 15:24:56:INFO:root:Test sgNetworkVerify1_branch_currents_45_48.txt passed
04-Jan 15:24:56:INFO:root:Testing sgNetworkVerify1_branch_currents_45_49.txt
04-Jan 15:24:56:INFO:root:Test sgNetworkVerify1_branch_currents_45_49.txt passed
04-Jan 15:24:56:INFO:root:Testing sgNetworkVerify1_branch_currents_48_49.txt
04-Jan 15:24:56:INFO:root:Test sgNetworkVerify1_branch_currents_48_49.txt passed
04-Jan 15:24:56:INFO:root:Testing sgNetworkVerify1_branch_currents_51_59.txt
04-Jan 15:24:56:INFO:root:Test sgNetworkVerify1_branch_currents_51_59.txt passed
04-Jan 15:24:56:INFO:root:Testing sgNetworkVerify1_branch_currents_51_61.txt
04-Jan 15:24:56:INFO:root:Test sgNetworkVerify1_branch_currents_51_61.txt passed
04-Jan 15:24:56:INFO:root:Testing sgNetworkVerify1_branch_currents_58_66.txt
04-Jan 15:24:56:INFO:root:Test sgNetworkVerify1_branch_currents_58_66.txt passed
04-Jan 15:24:56:INFO:root:Testing sgNetworkVerify1_branch_currents_58_67.txt
04-Jan 15:24:56:INFO:root:Test sgNetworkVerify1_branch_currents_58_67.txt passed
04-Jan 15:24:56:INFO:root:Testing sgNetworkVerify1_branch_currents_59_61.txt
04-Jan 15:24:56:INFO:root:Test sgNetworkVerify1_branch_currents_59_61.txt passed
04-Jan 15:24:56:INFO:root:Testing sgNetworkVerify1_branch_currents_66_67.txt
04-Jan 15:24:56:INFO:root:Test sgNetworkVerify1_branch_currents_66_67.txt passed
04-Jan 15:24:56:INFO:root:Testing sgNetworkVerify1_branch_currents_6_7.txt
04-Jan 15:24:56:INFO:root:Test sgNetworkVerify1_branch_currents_6_7.txt passed
04-Jan 15:24:56:INFO:root:Testing sgNetworkVerify1_branch_currents_6_8.txt
04-Jan 15:24:56:INFO:root:Test sgNetworkVerify1_branch_currents_6_8.txt passed
04-Jan 15:24:56:INFO:root:Testing sgNetworkVerify1_branch_currents_7_8.txt
04-Jan 15:24:56:INFO:root:Test sgNetworkVerify1_branch_currents_7_8.txt passed
04-Jan 15:24:56:INFO:root:Testing sgNetworkVerify1_node_currents_1_2.txt
04-Jan 15:24:56:INFO:root:Test sgNetworkVerify1_node_currents_1_2.txt passed
04-Jan 15:24:56:INFO:root:Testing sgNetworkVerify1_node_currents_1_6.txt
04-Jan 15:24:56:INFO:root:Test sgNetworkVerify1_node_currents_1_6.txt passed
04-Jan 15:24:56:INFO:root:Testing sgNetworkVerify1_node_currents_1_7.txt
04-Jan 15:24:56:INFO:root:Test sgNetworkVerify1_node_currents_1_7.txt passed
04-Jan 15:24:56:INFO:root:Testing sgNetworkVerify1_node_currents_1_8.txt
04-Jan 15:24:56:INFO:root:Test sgNetworkVerify1_node_currents_1_8.txt passed
04-Jan 15:24:56:INFO:root:Testing sgNetworkVerify1_node_currents_2_6.txt
04-Jan 15:24:56:INFO:root:Test sgNetworkVerify1_node_currents_2_6.txt passed
04-Jan 15:24:56:INFO:root:Testing sgNetworkVerify1_node_currents_2_7.txt
04-Jan 15:24:56:INFO:root:Test sgNetworkVerify1_node_currents_2_7.txt passed
04-Jan 15:24:56:INFO:root:Testing sgNetworkVerify1_node_currents_2_8.txt
04-Jan 15:24:56:INFO:root:Test sgNetworkVerify1_node_currents_2_8.txt passed
04-Jan 15:24:56:INFO:root:Testing sgNetworkVerify1_node_currents_44_45.txt
04-Jan 15:24:56:INFO:root:Test sgNetworkVerify1_node_currents_44_45.txt passed
04-Jan 15:24:56:INFO:root:Testing sgNetworkVerify1_node_currents_44_48.txt
04-Jan 15:24:56:INFO:root:Test sgNetworkVerify1_node_currents_44_48.txt passed
04-Jan 15:24:56:INFO:root:Testing sgNetworkVerify1_node_currents_44_49.txt
04-Jan 15:24:56:INFO:root:Test sgNetworkVerify1_node_currents_44_49.txt passed
04-Jan 15:24:56:INFO:root:Testing sgNetworkVerify1_node_currents_45_48.txt
04-Jan 15:24:56:INFO:root:Test sgNetworkVerify1_node_currents_45_48.txt passed
04-Jan 15:24:56:INFO:root:Testing sgNetworkVerify1_node_currents_45_49.txt
04-Jan 15:24:56:INFO:root:Test sgNetworkVerify1_node_currents_45_49.txt passed
04-Jan 15:24:56:INFO:root:Testing sgNetworkVerify1_node_currents_48_49.txt
04-Jan 15:24:56:INFO:root:Test sgNetworkVerify1_node_currents_48_49.txt passed
04-Jan 15:24:56:INFO:root:Testing sgNetworkVerify1_node_currents_51_59.txt
04-Jan 15:24:56:INFO:root:Test sgNetworkVerify1_node_currents_51_59.txt passed
04-Jan 15:24:56:INFO:root:Testing sgNetworkVerify1_node_currents_51_61.txt
04-Jan 15:24:56:INFO:root:Test sgNetworkVerify1_node_currents_51_61.txt passed
04-Jan 15:24:56:INFO:root:Testing sgNetworkVerify1_node_currents_58_66.txt
04-Jan 15:24:56:INFO:root:Test sgNetworkVerify1_node_currents_58_66.txt passed
04-Jan 15:24:56:INFO:root:Testing sgNetworkVerify1_node_currents_58_67.txt
04-Jan 15:24:56:INFO:root:Test sgNetworkVerify1_node_currents_58_67.txt passed
04-Jan 15:24:56:INFO:root:Testing sgNetworkVerify1_node_currents_59_61.txt
04-Jan 15:24:56:INFO:root:Test sgNetworkVerify1_node_currents_59_61.txt passed
04-Jan 15:24:56:INFO:root:Testing sgNetworkVerify1_node_currents_66_67.txt
04-Jan 15:24:56:INFO:root:Test sgNetworkVerify1_node_currents_66_67.txt passed
04-Jan 15:24:56:INFO:root:Testing sgNetworkVerify1_node_currents_6_7.txt
04-Jan 15:24:56:INFO:root:Test sgNetworkVerify1_node_currents_6_7.txt passed
04-Jan 15:24:56:INFO:root:Testing sgNetworkVerify1_node_currents_6_8.txt
04-Jan 15:24:56:INFO:root:Test sgNetworkVerify1_node_currents_6_8.txt passed
04-Jan 15:24:56:INFO:root:Testing sgNetworkVerify1_node_currents_7_8.txt
04-Jan 15:24:56:INFO:root:Test sgNetworkVerify1_node_currents_7_8.txt passed
04-Jan 15:24:56:INFO:root:Testing sgNetworkVerify1_voltages_1_2.txt
04-Jan 15:24:56:INFO:root:Test sgNetworkVerify1_voltages_1_2.txt passed
04-Jan 15:24:56:INFO:root:Testing sgNetworkVerify1_voltages_1_6.txt
04-Jan 15:24:56:INFO:root:Test sgNetworkVerify1_voltages_1_6.txt passed
04-Jan 15:24:56:INFO:root:Testing sgNetworkVerify1_voltages_1_7.txt
04-Jan 15:24:56:INFO:root:Test sgNetworkVerify1_voltages_1_7.txt passed
04-Jan 15:24:56:INFO:root:Testing sgNetworkVerify1_voltages_1_8.txt
04-Jan 15:24:56:INFO:root:Test sgNetworkVerify1_voltages_1_8.txt passed
04-Jan 15:24:56:INFO:root:Testing sgNetworkVerify1_voltages_2_6.txt
04-Jan 15:24:56:INFO:root:Test sgNetworkVerify1_voltages_2_6.txt passed
04-Jan 15:24:56:INFO:root:Testing sgNetworkVerify1_voltages_2_7.txt
04-Jan 15:24:56:INFO:root:Test sgNetworkVerify1_voltages_2_7.txt passed
04-Jan 15:24:56:INFO:root:Testing sgNetworkVerify1_voltages_2_8.txt
04-Jan 15:24:56:INFO:root:Test sgNetworkVerify1_voltages_2_8.txt passed
04-Jan 15:24:56:INFO:root:Testing sgNetworkVerify1_voltages_44_45.txt
04-Jan 15:24:56:INFO:root:Test sgNetworkVerify1_voltages_44_45.txt passed
04-Jan 15:24:56:INFO:root:Testing sgNetworkVerify1_voltages_44_48.txt
04-Jan 15:24:56:INFO:root:Test sgNetworkVerify1_voltages_44_48.txt passed
04-Jan 15:24:56:INFO:root:Testing sgNetworkVerify1_voltages_44_49.txt
04-Jan 15:24:56:INFO:root:Test sgNetworkVerify1_voltages_44_49.txt passed
04-Jan 15:24:56:INFO:root:Testing sgNetworkVerify1_voltages_45_48.txt
04-Jan 15:24:56:INFO:root:Test sgNetworkVerify1_voltages_45_48.txt passed
04-Jan 15:24:56:INFO:root:Testing sgNetworkVerify1_voltages_45_49.txt
04-Jan 15:24:56:INFO:root:Test sgNetworkVerify1_voltages_45_49.txt passed
04-Jan 15:24:56:INFO:root:Testing sgNetworkVerify1_voltages_48_49.txt
04-Jan 15:24:56:INFO:root:Test sgNetworkVerify1_voltages_48_49.txt passed
04-Jan 15:24:56:INFO:root:Testing sgNetworkVerify1_voltages_51_59.txt
04-Jan 15:24:56:INFO:root:Test sgNetworkVerify1_voltages_51_59.txt passed
04-Jan 15:24:56:INFO:root:Testing sgNetworkVerify1_voltages_51_61.txt
04-Jan 15:24:56:INFO:root:Test sgNetworkVerify1_voltages_51_61.txt passed
04-Jan 15:24:56:INFO:root:Testing sgNetworkVerify1_voltages_58_66.txt
04-Jan 15:24:56:INFO:root:Test sgNetworkVerify1_voltages_58_66.txt passed
04-Jan 15:24:56:INFO:root:Testing sgNetworkVerify1_voltages_58_67.txt
04-Jan 15:24:56:INFO:root:Test sgNetworkVerify1_voltages_58_67.txt passed
04-Jan 15:24:56:INFO:root:Testing sgNetworkVerify1_voltages_59_61.txt
04-Jan 15:24:56:INFO:root:Test sgNetworkVerify1_voltages_59_61.txt passed
04-Jan 15:24:56:INFO:root:Testing sgNetworkVerify1_voltages_66_67.txt
04-Jan 15:24:56:INFO:root:Test sgNetworkVerify1_voltages_66_67.txt passed
04-Jan 15:24:56:INFO:root:Testing sgNetworkVerify1_voltages_6_7.txt
04-Jan 15:24:56:INFO:root:Test sgNetworkVerify1_voltages_6_7.txt passed
04-Jan 15:24:56:INFO:root:Testing sgNetworkVerify1_voltages_6_8.txt
04-Jan 15:24:56:INFO:root:Test sgNetworkVerify1_voltages_6_8.txt passed
04-Jan 15:24:56:INFO:root:Testing sgNetworkVerify1_voltages_7_8.txt
04-Jan 15:24:56:INFO:root:Test sgNetworkVerify1_voltages_7_8.txt passed
04-Jan 15:24:56:INFO:root:Test sgNetworkVerify1 passed
04-Jan 15:24:56:INFO:root:Testing sgNetworkVerify2
04-Jan 15:24:56:INFO:root:Graph has 7 nodes, 5 focal points and 1 connected components
04-Jan 15:24:56:INFO:root:Time to construct laplacian = 1.8084e-5 seconds
04-Jan 15:24:56:INFO:root:Time taken to construct preconditioner = 6.3238e-5 seconds
04-Jan 15:24:56:INFO:root:Time taken to construct local nodemap = 1.0198e-5 seconds
04-Jan 15:24:56:INFO:root:Solving points 1 and 2
04-Jan 15:24:56:INFO:root:Time taken to solve linear system = 0.000394242 seconds
04-Jan 15:24:56:INFO:root:Time taken to write voltage maps = 0.000288063 seconds
04-Jan 15:24:56:INFO:root:Solving points 1 and 3
04-Jan 15:24:56:INFO:root:Time taken to solve linear system = 0.000483595 seconds
04-Jan 15:24:56:INFO:root:Time taken to write voltage maps = 0.000242721 seconds
04-Jan 15:24:56:INFO:root:Solving points 1 and 4
04-Jan 15:24:56:INFO:root:Time taken to solve linear system = 0.000504783 seconds
04-Jan 15:24:56:INFO:root:Time taken to write voltage maps = 0.000359004 seconds
04-Jan 15:24:56:INFO:root:Solving points 1 and 5
04-Jan 15:24:56:INFO:root:Time taken to solve linear system = 0.000353863 seconds
04-Jan 15:24:56:INFO:root:Time taken to write voltage maps = 0.000263338 seconds
04-Jan 15:24:56:INFO:root:Solving points 2 and 3
04-Jan 15:24:56:INFO:root:Time taken to solve linear system = 0.000251445 seconds
04-Jan 15:24:56:INFO:root:Time taken to write voltage maps = 0.000277061 seconds
04-Jan 15:24:56:INFO:root:Solving points 2 and 4
04-Jan 15:24:56:INFO:root:Time taken to solve linear system = 0.00046292 seconds
04-Jan 15:24:56:INFO:root:Time taken to write voltage maps = 0.000253674 seconds
04-Jan 15:24:56:INFO:root:Solving points 2 and 5
04-Jan 15:24:56:INFO:root:Time taken to solve linear system = 0.000540454 seconds
04-Jan 15:24:56:INFO:root:Time taken to write voltage maps = 0.000338329 seconds
04-Jan 15:24:56:INFO:root:Solving points 3 and 4
04-Jan 15:24:56:INFO:root:Time taken to solve linear system = 0.000261316 seconds
04-Jan 15:24:56:INFO:root:Time taken to write voltage maps = 0.000237033 seconds
04-Jan 15:24:56:INFO:root:Solving points 3 and 5
04-Jan 15:24:56:INFO:root:Time taken to solve linear system = 0.00036007 seconds
04-Jan 15:24:56:INFO:root:Time taken to write voltage maps = 0.000310279 seconds
04-Jan 15:24:56:INFO:root:Solving points 4 and 5
04-Jan 15:24:56:INFO:root:Time taken to solve linear system = 0.000339527 seconds
04-Jan 15:24:56:INFO:root:Time taken to write voltage maps = 0.000264106 seconds
04-Jan 15:24:56:INFO:root:Job took 0.025198529 seconds
04-Jan 15:24:56:INFO:root:Testing sgNetworkVerify2_voltages_1_2.txt
04-Jan 15:24:56:INFO:root:Test sgNetworkVerify2_voltages_1_2.txt passed
04-Jan 15:24:56:INFO:root:Testing sgNetworkVerify2_voltages_1_3.txt
04-Jan 15:24:56:INFO:root:Test sgNetworkVerify2_voltages_1_3.txt passed
04-Jan 15:24:56:INFO:root:Testing sgNetworkVerify2_voltages_1_4.txt
04-Jan 15:24:56:INFO:root:Test sgNetworkVerify2_voltages_1_4.txt passed
04-Jan 15:24:56:INFO:root:Testing sgNetworkVerify2_voltages_1_5.txt
04-Jan 15:24:56:INFO:root:Test sgNetworkVerify2_voltages_1_5.txt passed
04-Jan 15:24:56:INFO:root:Testing sgNetworkVerify2_voltages_2_3.txt
04-Jan 15:24:56:INFO:root:Test sgNetworkVerify2_voltages_2_3.txt passed
04-Jan 15:24:56:INFO:root:Testing sgNetworkVerify2_voltages_2_4.txt
04-Jan 15:24:56:INFO:root:Test sgNetworkVerify2_voltages_2_4.txt passed
04-Jan 15:24:56:INFO:root:Testing sgNetworkVerify2_voltages_2_5.txt
04-Jan 15:24:56:INFO:root:Test sgNetworkVerify2_voltages_2_5.txt passed
04-Jan 15:24:56:INFO:root:Testing sgNetworkVerify2_voltages_3_4.txt
04-Jan 15:24:56:INFO:root:Test sgNetworkVerify2_voltages_3_4.txt passed
04-Jan 15:24:56:INFO:root:Testing sgNetworkVerify2_voltages_3_5.txt
04-Jan 15:24:56:INFO:root:Test sgNetworkVerify2_voltages_3_5.txt passed
04-Jan 15:24:56:INFO:root:Testing sgNetworkVerify2_voltages_4_5.txt
04-Jan 15:24:56:INFO:root:Test sgNetworkVerify2_voltages_4_5.txt passed
04-Jan 15:24:56:INFO:root:Test sgNetworkVerify2 passed
04-Jan 15:24:56:INFO:root:Testing sgNetworkVerify3
04-Jan 15:24:56:INFO:root:Graph has 14 nodes, 7 focal points and 3 connected components
04-Jan 15:24:56:INFO:root:Time to construct laplacian = 1.3065e-5 seconds
04-Jan 15:24:56:INFO:root:Time taken to construct preconditioner = 5.462e-5 seconds
04-Jan 15:24:56:INFO:root:Time taken to construct local nodemap = 7.162e-6 seconds
04-Jan 15:24:56:INFO:root:Solving points 1 and 2
04-Jan 15:24:56:INFO:root:Time taken to solve linear system = 0.000414137 seconds
04-Jan 15:24:56:INFO:root:Time taken to write voltage maps = 0.000307055 seconds
04-Jan 15:24:56:INFO:root:Solving points 1 and 6
04-Jan 15:24:56:INFO:root:Time taken to solve linear system = 0.000651417 seconds
04-Jan 15:24:56:INFO:root:Time taken to write voltage maps = 0.000461108 seconds
04-Jan 15:24:56:INFO:root:Solving points 1 and 9
04-Jan 15:24:56:INFO:root:Time taken to solve linear system = 0.000420048 seconds
04-Jan 15:24:56:INFO:root:Time taken to write voltage maps = 0.000213002 seconds
04-Jan 15:24:56:INFO:root:Solving points 1 and 12
04-Jan 15:24:56:INFO:root:Time taken to solve linear system = 0.000357116 seconds
04-Jan 15:24:56:INFO:root:Time taken to write voltage maps = 5.4129e-5 seconds
04-Jan 15:24:56:INFO:root:Solving points 2 and 6
04-Jan 15:24:56:INFO:root:Time taken to solve linear system = 0.000174705 seconds
04-Jan 15:24:56:INFO:root:Time taken to write voltage maps = 5.679e-5 seconds
04-Jan 15:24:56:INFO:root:Solving points 2 and 9
04-Jan 15:24:56:INFO:root:Time taken to solve linear system = 0.00038326 seconds
04-Jan 15:24:56:INFO:root:Time taken to write voltage maps = 5.493e-5 seconds
04-Jan 15:24:56:INFO:root:Solving points 2 and 12
04-Jan 15:24:56:INFO:root:Time taken to solve linear system = 0.000353165 seconds
04-Jan 15:24:56:INFO:root:Time taken to write voltage maps = 0.000196086 seconds
04-Jan 15:24:56:INFO:root:Solving points 6 and 9
04-Jan 15:24:56:INFO:root:Time taken to solve linear system = 0.000422854 seconds
04-Jan 15:24:56:INFO:root:Time taken to write voltage maps = 0.000210932 seconds
04-Jan 15:24:56:INFO:root:Solving points 6 and 12
04-Jan 15:24:56:INFO:root:Time taken to solve linear system = 0.000392435 seconds
04-Jan 15:24:56:INFO:root:Time taken to write voltage maps = 0.000188793 seconds
04-Jan 15:24:56:INFO:root:Solving points 9 and 12
04-Jan 15:24:56:INFO:root:Time taken to solve linear system = 0.000196582 seconds
04-Jan 15:24:56:INFO:root:Time taken to write voltage maps = 0.000215423 seconds
04-Jan 15:24:56:INFO:root:Time taken to construct preconditioner = 0.000170334 seconds
04-Jan 15:24:56:INFO:root:Time taken to construct local nodemap = 6.959e-6 seconds
04-Jan 15:24:56:INFO:root:Solving points 7 and 14
04-Jan 15:24:56:INFO:root:Time taken to solve linear system = 6.193e-5 seconds
04-Jan 15:24:56:INFO:root:Time taken to write voltage maps = 0.000360292 seconds
04-Jan 15:24:56:INFO:root:Job took 0.012446312 seconds
04-Jan 15:24:56:INFO:root:Testing sgNetworkVerify3_voltages_1_12.txt
04-Jan 15:24:56:INFO:root:Test sgNetworkVerify3_voltages_1_12.txt passed
04-Jan 15:24:56:INFO:root:Testing sgNetworkVerify3_voltages_1_2.txt
04-Jan 15:24:56:INFO:root:Test sgNetworkVerify3_voltages_1_2.txt passed
04-Jan 15:24:56:INFO:root:Testing sgNetworkVerify3_voltages_1_6.txt
04-Jan 15:24:56:INFO:root:Test sgNetworkVerify3_voltages_1_6.txt passed
04-Jan 15:24:56:INFO:root:Testing sgNetworkVerify3_voltages_1_9.txt
04-Jan 15:24:56:INFO:root:Test sgNetworkVerify3_voltages_1_9.txt passed
04-Jan 15:24:56:INFO:root:Testing sgNetworkVerify3_voltages_2_12.txt
04-Jan 15:24:56:INFO:root:Test sgNetworkVerify3_voltages_2_12.txt passed
04-Jan 15:24:56:INFO:root:Testing sgNetworkVerify3_voltages_2_6.txt
04-Jan 15:24:56:INFO:root:Test sgNetworkVerify3_voltages_2_6.txt passed
04-Jan 15:24:56:INFO:root:Testing sgNetworkVerify3_voltages_2_9.txt
04-Jan 15:24:56:INFO:root:Test sgNetworkVerify3_voltages_2_9.txt passed
04-Jan 15:24:56:INFO:root:Testing sgNetworkVerify3_voltages_6_12.txt
04-Jan 15:24:56:INFO:root:Test sgNetworkVerify3_voltages_6_12.txt passed
04-Jan 15:24:56:INFO:root:Testing sgNetworkVerify3_voltages_6_9.txt
04-Jan 15:24:56:INFO:root:Test sgNetworkVerify3_voltages_6_9.txt passed
04-Jan 15:24:56:INFO:root:Testing sgNetworkVerify3_voltages_7_14.txt
04-Jan 15:24:56:INFO:root:Test sgNetworkVerify3_voltages_7_14.txt passed
04-Jan 15:24:56:INFO:root:Testing sgNetworkVerify3_voltages_9_12.txt
04-Jan 15:24:56:INFO:root:Test sgNetworkVerify3_voltages_9_12.txt passed
04-Jan 15:24:56:INFO:root:Test sgNetworkVerify3 passed
04-Jan 15:24:56:INFO:root:Testing mgNetworkVerify1
04-Jan 15:24:59:DEBUG:root:There are 4 points and 1 connected components
04-Jan 15:24:59:INFO:root:Job took 2.738550644 seconds
04-Jan 15:24:59:INFO:root:Testing mgNetworkVerify1_branch_currents.txt
04-Jan 15:24:59:INFO:root:Test mgNetworkVerify1_branch_currents.txt passed
04-Jan 15:24:59:INFO:root:Testing mgNetworkVerify1_node_currents.txt
04-Jan 15:24:59:INFO:root:Test mgNetworkVerify1_node_currents.txt passed
04-Jan 15:24:59:INFO:root:Testing mgNetworkVerify1_voltages.txt
04-Jan 15:24:59:INFO:root:Test mgNetworkVerify1_voltages.txt passed
04-Jan 15:24:59:INFO:root:Test mgNetworkVerify1 passed
04-Jan 15:24:59:INFO:root:Testing mgNetworkVerify2
04-Jan 15:24:59:DEBUG:root:There are 5 points and 1 connected components
04-Jan 15:24:59:INFO:root:Job took 0.001007039 seconds
04-Jan 15:24:59:INFO:root:Testing mgNetworkVerify2_branch_currents.txt
04-Jan 15:24:59:INFO:root:Test mgNetworkVerify2_branch_currents.txt passed
04-Jan 15:24:59:INFO:root:Testing mgNetworkVerify2_node_currents.txt
04-Jan 15:24:59:INFO:root:Test mgNetworkVerify2_node_currents.txt passed
04-Jan 15:24:59:INFO:root:Testing mgNetworkVerify2_voltages.txt
04-Jan 15:24:59:INFO:root:Test mgNetworkVerify2_voltages.txt passed
04-Jan 15:24:59:INFO:root:Test mgNetworkVerify2 passed
04-Jan 15:24:59:INFO:root:Testing mgNetworkVerify3
04-Jan 15:24:59:DEBUG:root:There are 5 points and 1 connected components
04-Jan 15:24:59:INFO:root:Job took 0.000960826 seconds
04-Jan 15:24:59:INFO:root:Testing mgNetworkVerify3_branch_currents.txt
04-Jan 15:24:59:INFO:root:Test mgNetworkVerify3_branch_currents.txt passed
04-Jan 15:24:59:INFO:root:Testing mgNetworkVerify3_node_currents.txt
04-Jan 15:24:59:INFO:root:Test mgNetworkVerify3_node_currents.txt passed
04-Jan 15:24:59:INFO:root:Testing mgNetworkVerify3_voltages.txt
04-Jan 15:24:59:INFO:root:Test mgNetworkVerify3_voltages.txt passed
04-Jan 15:24:59:INFO:root:Test mgNetworkVerify3 passed
04-Jan 15:24:59:INFO:root:Testing sgVerify1
04-Jan 15:25:00:INFO:root:Reading maps
04-Jan 15:25:00:INFO:root:Resistance/Conductance map has 59 nodes
04-Jan 15:25:00:INFO:root:Time taken to read input = 0.089079334 seconds
04-Jan 15:25:01:INFO:root:Graph has 54 nodes, 10 focal points and 7 connected components
04-Jan 15:25:01:INFO:root:Time to construct laplacian = 1.9026e-5 seconds
04-Jan 15:25:01:INFO:root:Time taken to construct preconditioner = 0.000227619 seconds
04-Jan 15:25:01:INFO:root:Time taken to construct local nodemap = 0.138890623 seconds
04-Jan 15:25:01:INFO:root:Solving points 1 and 50
04-Jan 15:25:01:INFO:root:Time taken to solve linear system = 0.000869568 seconds
04-Jan 15:25:01:INFO:root:Time taken to write voltage maps = 0.081314158 seconds
04-Jan 15:25:01:INFO:root:Time taken to write current maps = 0.000489178 seconds
04-Jan 15:25:01:INFO:root:Solving points 1 and 52
04-Jan 15:25:01:INFO:root:Time taken to solve linear system = 0.000861831 seconds
04-Jan 15:25:01:INFO:root:Time taken to write voltage maps = 0.000215817 seconds
04-Jan 15:25:01:INFO:root:Time taken to write current maps = 0.000473722 seconds
04-Jan 15:25:01:INFO:root:Time taken to write voltage maps = 0.00017905 seconds
04-Jan 15:25:01:INFO:root:Time taken to write current maps = 0.00041486 seconds
04-Jan 15:25:01:INFO:root:Solving points 1 and 33
04-Jan 15:25:01:INFO:root:Time taken to solve linear system = 0.000870456 seconds
04-Jan 15:25:01:INFO:root:Time taken to write voltage maps = 0.000202085 seconds
04-Jan 15:25:01:INFO:root:Time taken to write current maps = 0.000388738 seconds
04-Jan 15:25:01:INFO:root:Solving points 1 and 46
04-Jan 15:25:01:INFO:root:Time taken to solve linear system = 0.000777184 seconds
04-Jan 15:25:01:INFO:root:Time taken to write voltage maps = 0.000284631 seconds
04-Jan 15:25:01:INFO:root:Time taken to write current maps = 0.000407864 seconds
04-Jan 15:25:01:INFO:root:Solving points 50 and 52
04-Jan 15:25:01:INFO:root:Time taken to solve linear system = 0.000890074 seconds
04-Jan 15:25:01:INFO:root:Time taken to write voltage maps = 0.000295314 seconds
04-Jan 15:25:01:INFO:root:Time taken to write current maps = 0.000394845 seconds
04-Jan 15:25:01:INFO:root:Time taken to write voltage maps = 0.00021489 seconds
04-Jan 15:25:01:INFO:root:Time taken to write current maps = 0.000360986 seconds
04-Jan 15:25:01:INFO:root:Solving points 50 and 33
04-Jan 15:25:01:INFO:root:Time taken to solve linear system = 0.000755866 seconds
04-Jan 15:25:01:INFO:root:Time taken to write voltage maps = 0.00032256 seconds
04-Jan 15:25:01:INFO:root:Time taken to write current maps = 0.000361989 seconds
04-Jan 15:25:01:INFO:root:Solving points 50 and 46
04-Jan 15:25:01:INFO:root:Time taken to solve linear system = 0.000606757 seconds
04-Jan 15:25:01:INFO:root:Time taken to write voltage maps = 0.000149105 seconds
04-Jan 15:25:01:INFO:root:Time taken to write current maps = 0.00025347 seconds
04-Jan 15:25:01:INFO:root:Solving points 52 and 33
04-Jan 15:25:01:INFO:root:Time taken to solve linear system = 0.000481522 seconds
04-Jan 15:25:01:INFO:root:Time taken to write voltage maps = 0.000136533 seconds
04-Jan 15:25:01:INFO:root:Time taken to write current maps = 0.000262237 seconds
04-Jan 15:25:01:INFO:root:Time taken to write voltage maps = 0.000105163 seconds
04-Jan 15:25:01:INFO:root:Time taken to write current maps = 0.000248736 seconds
04-Jan 15:25:01:INFO:root:Solving points 52 and 46
04-Jan 15:25:01:INFO:root:Time taken to solve linear system = 0.000518878 seconds
04-Jan 15:25:01:INFO:root:Time taken to write voltage maps = 0.000253697 seconds
04-Jan 15:25:01:INFO:root:Time taken to write current maps = 0.000486145 seconds
04-Jan 15:25:01:INFO:root:Time taken to write voltage maps = 0.000139479 seconds
04-Jan 15:25:01:INFO:root:Time taken to write current maps = 0.000426096 seconds
04-Jan 15:25:01:INFO:root:Solving points 33 and 46
04-Jan 15:25:01:INFO:root:Time taken to solve linear system = 0.000841804 seconds
04-Jan 15:25:01:INFO:root:Time taken to write voltage maps = 0.000256218 seconds
04-Jan 15:25:01:INFO:root:Time taken to write current maps = 0.000550783 seconds
04-Jan 15:25:01:INFO:root:Job took 1.702184172 seconds
04-Jan 15:25:01:INFO:root:Testing sgVerify1_curmap_1_2.asc
04-Jan 15:25:01:INFO:root:Test sgVerify1_curmap_1_2.asc passed
04-Jan 15:25:01:INFO:root:Testing sgVerify1_curmap_1_4.asc
04-Jan 15:25:01:INFO:root:Test sgVerify1_curmap_1_4.asc passed
04-Jan 15:25:01:INFO:root:Testing sgVerify1_curmap_1_5.asc
04-Jan 15:25:01:INFO:root:Test sgVerify1_curmap_1_5.asc passed
04-Jan 15:25:01:INFO:root:Testing sgVerify1_curmap_1_8.asc
04-Jan 15:25:01:INFO:root:Test sgVerify1_curmap_1_8.asc passed
04-Jan 15:25:01:INFO:root:Testing sgVerify1_curmap_1_9.asc
04-Jan 15:25:01:INFO:root:Test sgVerify1_curmap_1_9.asc passed
04-Jan 15:25:01:INFO:root:Testing sgVerify1_curmap_2_4.asc
04-Jan 15:25:01:INFO:root:Test sgVerify1_curmap_2_4.asc passed
04-Jan 15:25:01:INFO:root:Testing sgVerify1_curmap_2_5.asc
04-Jan 15:25:01:INFO:root:Test sgVerify1_curmap_2_5.asc passed
04-Jan 15:25:01:INFO:root:Testing sgVerify1_curmap_2_8.asc
04-Jan 15:25:01:INFO:root:Test sgVerify1_curmap_2_8.asc passed
04-Jan 15:25:01:INFO:root:Testing sgVerify1_curmap_2_9.asc
04-Jan 15:25:01:INFO:root:Test sgVerify1_curmap_2_9.asc passed
04-Jan 15:25:01:INFO:root:Testing sgVerify1_curmap_4_8.asc
04-Jan 15:25:01:INFO:root:Test sgVerify1_curmap_4_8.asc passed
04-Jan 15:25:01:INFO:root:Testing sgVerify1_curmap_4_9.asc
04-Jan 15:25:01:INFO:root:Test sgVerify1_curmap_4_9.asc passed
04-Jan 15:25:01:INFO:root:Testing sgVerify1_curmap_5_8.asc
04-Jan 15:25:01:INFO:root:Test sgVerify1_curmap_5_8.asc passed
04-Jan 15:25:01:INFO:root:Testing sgVerify1_curmap_5_9.asc
04-Jan 15:25:01:INFO:root:Test sgVerify1_curmap_5_9.asc passed
04-Jan 15:25:01:INFO:root:Testing sgVerify1_curmap_8_9.asc
04-Jan 15:25:01:INFO:root:Test sgVerify1_curmap_8_9.asc passed
04-Jan 15:25:01:INFO:root:Testing sgVerify1_voltmap_1_2.asc
04-Jan 15:25:01:INFO:root:Test sgVerify1_voltmap_1_2.asc passed
04-Jan 15:25:01:INFO:root:Testing sgVerify1_voltmap_1_4.asc
04-Jan 15:25:01:INFO:root:Test sgVerify1_voltmap_1_4.asc passed
04-Jan 15:25:01:INFO:root:Testing sgVerify1_voltmap_1_5.asc
04-Jan 15:25:01:INFO:root:Test sgVerify1_voltmap_1_5.asc passed
04-Jan 15:25:01:INFO:root:Testing sgVerify1_voltmap_1_8.asc
04-Jan 15:25:01:INFO:root:Test sgVerify1_voltmap_1_8.asc passed
04-Jan 15:25:01:INFO:root:Testing sgVerify1_voltmap_1_9.asc
04-Jan 15:25:01:INFO:root:Test sgVerify1_voltmap_1_9.asc passed
04-Jan 15:25:01:INFO:root:Testing sgVerify1_voltmap_2_4.asc
04-Jan 15:25:01:INFO:root:Test sgVerify1_voltmap_2_4.asc passed
04-Jan 15:25:01:INFO:root:Testing sgVerify1_voltmap_2_5.asc
04-Jan 15:25:01:INFO:root:Test sgVerify1_voltmap_2_5.asc passed
04-Jan 15:25:01:INFO:root:Testing sgVerify1_voltmap_2_8.asc
04-Jan 15:25:01:INFO:root:Test sgVerify1_voltmap_2_8.asc passed
04-Jan 15:25:01:INFO:root:Testing sgVerify1_voltmap_2_9.asc
04-Jan 15:25:01:INFO:root:Test sgVerify1_voltmap_2_9.asc passed
04-Jan 15:25:01:INFO:root:Testing sgVerify1_voltmap_4_8.asc
04-Jan 15:25:01:INFO:root:Test sgVerify1_voltmap_4_8.asc passed
04-Jan 15:25:01:INFO:root:Testing sgVerify1_voltmap_4_9.asc
04-Jan 15:25:01:INFO:root:Test sgVerify1_voltmap_4_9.asc passed
04-Jan 15:25:01:INFO:root:Testing sgVerify1_voltmap_5_8.asc
04-Jan 15:25:01:INFO:root:Test sgVerify1_voltmap_5_8.asc passed
04-Jan 15:25:01:INFO:root:Testing sgVerify1_voltmap_5_9.asc
04-Jan 15:25:01:INFO:root:Test sgVerify1_voltmap_5_9.asc passed
04-Jan 15:25:01:INFO:root:Testing sgVerify1_voltmap_8_9.asc
04-Jan 15:25:01:INFO:root:Test sgVerify1_voltmap_8_9.asc passed
04-Jan 15:25:01:INFO:root:Test sgVerify1 passed
04-Jan 15:25:01:INFO:root:Testing sgVerify2
04-Jan 15:25:01:INFO:root:Reading maps
04-Jan 15:25:01:INFO:root:Resistance/Conductance map has 7 nodes
04-Jan 15:25:01:INFO:root:Time taken to read input = 0.004229915 seconds
