>>> 'Pkg.add("Circuitscape")' log
INFO: Cloning cache of Circuitscape from https://github.com/ranjanan/Circuitscape.jl.git
INFO: Cloning cache of SimpleWeightedGraphs from https://github.com/JuliaGraphs/SimpleWeightedGraphs.jl.git
INFO: Installing AMG v0.0.2
INFO: Installing BinDeps v0.6.0
INFO: Installing Circuitscape v0.0.2
INFO: Installing CodecZlib v0.4.1
INFO: Installing Combinatorics v0.5.0
INFO: Installing DataStructures v0.7.2
INFO: Installing GZip v0.3.0
INFO: Installing IterTools v0.1.0
INFO: Installing IterativeSolvers v0.4.1
INFO: Installing LightGraphs v0.11.1
INFO: Installing LinearMaps v1.0.3
INFO: Installing Logging v0.3.1
INFO: Installing MacroTools v0.4.0
INFO: Installing Polynomials v0.1.6
INFO: Installing RecipesBase v0.2.3
INFO: Installing SHA v0.5.2
INFO: Installing SimpleTraits v0.5.1
INFO: Installing SimpleWeightedGraphs v0.3.0
INFO: Installing SpecialFunctions v0.3.5
INFO: Installing StatsBase v0.19.1
INFO: Installing SugarBLAS v0.0.4
INFO: Installing TranscodingStreams v0.4.0
INFO: Installing URIParser v0.2.0
INFO: Installing UnicodePlots v0.2.5
INFO: Building SpecialFunctions
INFO: Package database updated

>>> 'Pkg.test("Circuitscape")' log
Julia Version 0.6.1
Commit 0d7248e2ff (2017-10-24 22:15 UTC)
Platform Info:
  OS: Linux (x86_64-pc-linux-gnu)
  CPU: Intel(R) Xeon(R) CPU E3-1241 v3 @ 3.50GHz
  WORD_SIZE: 64
           Ubuntu 14.04.5 LTS
  uname: Linux 3.13.0-135-generic #184-Ubuntu SMP Wed Oct 18 11:55:51 UTC 2017 x86_64 x86_64
Memory: 2.93927001953125 GB (909.9765625 MB free)
Uptime: 26389.0 sec
Load Avg:  1.01416015625  0.9873046875  0.9970703125
Intel(R) Xeon(R) CPU E3-1241 v3 @ 3.50GHz: 
       speed         user         nice          sys         idle          irq
#1  3499 MHz    1576751 s       6681 s      74675 s     578418 s         19 s
#2  3499 MHz     367543 s         94 s      39241 s    2177645 s          0 s

  BLAS: libopenblas (USE64BITINT DYNAMIC_ARCH NO_AFFINITY Nehalem)
  LAPACK: libopenblas64_
  LIBM: libopenlibm
  LLVM: libLLVM-3.9.1 (ORCJIT, haswell)
Environment:
  TERM = vt100
  LD_LIBRARY_PATH = :/usr/local/lib/
  PATH = /usr/local/sbin:/usr/local/bin:/usr/sbin:/usr/bin:/sbin:/bin:/usr/games:/usr/local/games:/home/vagrant/julia/bin/
  JAVA_HOME = /usr/lib/jvm/java-8-openjdk-amd64
  HOME = /home/vagrant

Package Directory: /home/vagrant/.julia/v0.6
2 required packages:
 - Circuitscape                  0.0.2
 - JSON                          0.16.1
24 additional packages:
 - AMG                           0.0.2
 - BinDeps                       0.6.0
 - CodecZlib                     0.4.1
 - Combinatorics                 0.5.0
 - Compat                        0.37.0
 - DataStructures                0.7.2
 - GZip                          0.3.0
 - IterTools                     0.1.0
 - IterativeSolvers              0.4.1
 - LightGraphs                   0.11.1
 - LinearMaps                    1.0.3
 - Logging                       0.3.1
 - MacroTools                    0.4.0
 - Polynomials                   0.1.6
 - RecipesBase                   0.2.3
 - SHA                           0.5.2
 - SimpleTraits                  0.5.1
 - SimpleWeightedGraphs          0.3.0
 - SpecialFunctions              0.3.5
 - StatsBase                     0.19.1
 - SugarBLAS                     0.0.4
 - TranscodingStreams            0.4.0
 - URIParser                     0.2.0
 - UnicodePlots                  0.2.5
INFO: Testing Circuitscape
WARNING: Method definition info(Any...) in module Base at util.jl:532 overwritten in module Logging at /home/vagrant/.julia/v0.6/Logging/src/Logging.jl:115.
WARNING: Method definition warn(Any...) in module Base at util.jl:585 overwritten in module Logging at /home/vagrant/.julia/v0.6/Logging/src/Logging.jl:115.
29-Nov 08:31:10:INFO:root:Reading maps
29-Nov 08:31:11:INFO:root:Resistance/Conductance map has 18 nodes
29-Nov 08:31:18:INFO:root:Testing sgNetworkVerify1
29-Nov 08:31:19:INFO:root:Graph has 67 nodes, 15 focal points and 4 connected components
29-Nov 08:31:19:INFO:root:Time to construct laplacian = 8.8541e-5 seconds
29-Nov 08:31:21:INFO:root:Time taken to construct preconditioner = 1.568219955 seconds
29-Nov 08:31:21:INFO:root:Time taken to construct local nodemap = 0.106824284 seconds
29-Nov 08:31:26:INFO:root:Solving points 1 and 2
29-Nov 08:31:29:INFO:root:Time taken to solve linear system = 3.637890974 seconds
29-Nov 08:31:31:INFO:root:Time taken to write voltage maps = 0.418871129 seconds
29-Nov 08:31:32:INFO:root:Time taken to write current maps = 1.171198193 seconds
29-Nov 08:31:32:INFO:root:Solving points 1 and 6
29-Nov 08:31:32:INFO:root:Time taken to solve linear system = 0.001127825 seconds
29-Nov 08:31:32:INFO:root:Time taken to write voltage maps = 0.00018037 seconds
29-Nov 08:31:32:INFO:root:Time taken to write current maps = 0.000730122 seconds
29-Nov 08:31:32:INFO:root:Solving points 1 and 7
29-Nov 08:31:32:INFO:root:Time taken to solve linear system = 0.001021713 seconds
29-Nov 08:31:32:INFO:root:Time taken to write voltage maps = 0.000181292 seconds
29-Nov 08:31:32:INFO:root:Time taken to write current maps = 0.000728293 seconds
29-Nov 08:31:32:INFO:root:Solving points 1 and 8
29-Nov 08:31:32:INFO:root:Time taken to solve linear system = 0.001147753 seconds
29-Nov 08:31:32:INFO:root:Time taken to write voltage maps = 0.000173277 seconds
29-Nov 08:31:32:INFO:root:Time taken to write current maps = 0.000767967 seconds
29-Nov 08:31:32:INFO:root:Solving points 2 and 6
29-Nov 08:31:32:INFO:root:Time taken to solve linear system = 0.001040874 seconds
29-Nov 08:31:32:INFO:root:Time taken to write voltage maps = 0.000246519 seconds
29-Nov 08:31:32:INFO:root:Time taken to write current maps = 0.000856916 seconds
29-Nov 08:31:32:INFO:root:Solving points 2 and 7
29-Nov 08:31:32:INFO:root:Time taken to solve linear system = 0.00157761 seconds
29-Nov 08:31:32:INFO:root:Time taken to write voltage maps = 0.000198249 seconds
29-Nov 08:31:32:INFO:root:Time taken to write current maps = 0.000810435 seconds
29-Nov 08:31:32:INFO:root:Solving points 2 and 8
29-Nov 08:31:32:INFO:root:Time taken to solve linear system = 0.000973984 seconds
29-Nov 08:31:32:INFO:root:Time taken to write voltage maps = 0.000216836 seconds
29-Nov 08:31:32:INFO:root:Time taken to write current maps = 0.000915336 seconds
29-Nov 08:31:32:INFO:root:Solving points 6 and 7
29-Nov 08:31:32:INFO:root:Time taken to solve linear system = 0.001133183 seconds
29-Nov 08:31:32:INFO:root:Time taken to write voltage maps = 0.000216284 seconds
29-Nov 08:31:32:INFO:root:Time taken to write current maps = 0.001159259 seconds
29-Nov 08:31:32:INFO:root:Solving points 6 and 8
29-Nov 08:31:32:INFO:root:Time taken to solve linear system = 0.014618291 seconds
29-Nov 08:31:32:INFO:root:Time taken to write voltage maps = 0.000172082 seconds
29-Nov 08:31:32:INFO:root:Time taken to write current maps = 0.000835029 seconds
29-Nov 08:31:32:INFO:root:Solving points 7 and 8
29-Nov 08:31:32:INFO:root:Time taken to solve linear system = 0.009879283 seconds
29-Nov 08:31:32:INFO:root:Time taken to write voltage maps = 0.000424287 seconds
29-Nov 08:31:32:INFO:root:Time taken to write current maps = 0.000936372 seconds
29-Nov 08:31:32:INFO:root:Time taken to construct preconditioner = 0.000312176 seconds
29-Nov 08:31:32:INFO:root:Time taken to construct local nodemap = 1.9998e-5 seconds
29-Nov 08:31:32:INFO:root:Solving points 44 and 45
29-Nov 08:31:32:INFO:root:Time taken to solve linear system = 0.000259812 seconds
29-Nov 08:31:32:INFO:root:Time taken to write voltage maps = 0.000253442 seconds
29-Nov 08:31:32:INFO:root:Time taken to write current maps = 0.0004082 seconds
29-Nov 08:31:32:INFO:root:Solving points 44 and 48
29-Nov 08:31:32:INFO:root:Time taken to solve linear system = 0.000190713 seconds
29-Nov 08:31:32:INFO:root:Time taken to write voltage maps = 0.000203751 seconds
29-Nov 08:31:32:INFO:root:Time taken to write current maps = 0.000334797 seconds
29-Nov 08:31:32:INFO:root:Solving points 44 and 49
29-Nov 08:31:32:INFO:root:Time taken to solve linear system = 0.000197312 seconds
29-Nov 08:31:32:INFO:root:Time taken to write voltage maps = 0.000200612 seconds
29-Nov 08:31:32:INFO:root:Time taken to write current maps = 0.003785345 seconds
29-Nov 08:31:32:INFO:root:Solving points 45 and 48
29-Nov 08:31:32:INFO:root:Time taken to solve linear system = 9.7068e-5 seconds
29-Nov 08:31:32:INFO:root:Time taken to write voltage maps = 0.000102833 seconds
29-Nov 08:31:32:INFO:root:Time taken to write current maps = 0.032044854 seconds
29-Nov 08:31:32:INFO:root:Solving points 45 and 49
29-Nov 08:31:32:INFO:root:Time taken to solve linear system = 7.5802e-5 seconds
29-Nov 08:31:32:INFO:root:Time taken to write voltage maps = 0.000113573 seconds
29-Nov 08:31:32:INFO:root:Time taken to write current maps = 0.000240641 seconds
29-Nov 08:31:32:INFO:root:Solving points 48 and 49
29-Nov 08:31:32:INFO:root:Time taken to solve linear system = 5.4705e-5 seconds
29-Nov 08:31:32:INFO:root:Time taken to write voltage maps = 7.7372e-5 seconds
29-Nov 08:31:32:INFO:root:Time taken to write current maps = 0.000204693 seconds
29-Nov 08:31:32:INFO:root:Time taken to construct preconditioner = 6.2451e-5 seconds
29-Nov 08:31:32:INFO:root:Time taken to construct local nodemap = 1.2445e-5 seconds
29-Nov 08:31:32:INFO:root:Solving points 51 and 59
29-Nov 08:31:32:INFO:root:Time taken to solve linear system = 0.000269619 seconds
29-Nov 08:31:32:INFO:root:Time taken to write voltage maps = 9.3834e-5 seconds
29-Nov 08:31:32:INFO:root:Time taken to write current maps = 0.000313523 seconds
29-Nov 08:31:32:INFO:root:Solving points 51 and 61
29-Nov 08:31:32:INFO:root:Time taken to solve linear system = 0.00022748 seconds
29-Nov 08:31:32:INFO:root:Time taken to write voltage maps = 7.9035e-5 seconds
29-Nov 08:31:32:INFO:root:Time taken to write current maps = 0.000299091 seconds
29-Nov 08:31:32:INFO:root:Solving points 59 and 61
29-Nov 08:31:32:INFO:root:Time taken to solve linear system = 0.00020291 seconds
29-Nov 08:31:32:INFO:root:Time taken to write voltage maps = 8.4143e-5 seconds
29-Nov 08:31:32:INFO:root:Time taken to write current maps = 0.000294485 seconds
29-Nov 08:31:32:INFO:root:Time taken to construct preconditioner = 2.8104e-5 seconds
29-Nov 08:31:32:INFO:root:Time taken to construct local nodemap = 8.181e-6 seconds
29-Nov 08:31:32:INFO:root:Solving points 58 and 66
29-Nov 08:31:32:INFO:root:Time taken to solve linear system = 4.6872e-5 seconds
29-Nov 08:31:32:INFO:root:Time taken to write voltage maps = 6.7834e-5 seconds
29-Nov 08:31:32:INFO:root:Time taken to write current maps = 0.000190771 seconds
29-Nov 08:31:32:INFO:root:Solving points 58 and 67
29-Nov 08:31:32:INFO:root:Time taken to solve linear system = 4.9983e-5 seconds
29-Nov 08:31:32:INFO:root:Time taken to write voltage maps = 6.9037e-5 seconds
29-Nov 08:31:32:INFO:root:Time taken to write current maps = 0.000181915 seconds
29-Nov 08:31:32:INFO:root:Solving points 66 and 67
29-Nov 08:31:32:INFO:root:Time taken to solve linear system = 4.388e-5 seconds
29-Nov 08:31:32:INFO:root:Time taken to write voltage maps = 5.6458e-5 seconds
29-Nov 08:31:32:INFO:root:Time taken to write current maps = 0.000613076 seconds
29-Nov 08:31:32:INFO:root:Job took 14.386340801 seconds
29-Nov 08:31:32:INFO:root:Testing sgNetworkVerify1_branch_currents_1_2.txt
29-Nov 08:31:33:INFO:root:Test sgNetworkVerify1_branch_currents_1_2.txt passed
29-Nov 08:31:33:INFO:root:Testing sgNetworkVerify1_branch_currents_1_6.txt
29-Nov 08:31:33:INFO:root:Test sgNetworkVerify1_branch_currents_1_6.txt passed
29-Nov 08:31:33:INFO:root:Testing sgNetworkVerify1_branch_currents_1_7.txt
29-Nov 08:31:33:INFO:root:Test sgNetworkVerify1_branch_currents_1_7.txt passed
29-Nov 08:31:33:INFO:root:Testing sgNetworkVerify1_branch_currents_1_8.txt
29-Nov 08:31:33:INFO:root:Test sgNetworkVerify1_branch_currents_1_8.txt passed
29-Nov 08:31:33:INFO:root:Testing sgNetworkVerify1_branch_currents_2_6.txt
29-Nov 08:31:33:INFO:root:Test sgNetworkVerify1_branch_currents_2_6.txt passed
29-Nov 08:31:33:INFO:root:Testing sgNetworkVerify1_branch_currents_2_7.txt
29-Nov 08:31:33:INFO:root:Test sgNetworkVerify1_branch_currents_2_7.txt passed
29-Nov 08:31:33:INFO:root:Testing sgNetworkVerify1_branch_currents_2_8.txt
29-Nov 08:31:33:INFO:root:Test sgNetworkVerify1_branch_currents_2_8.txt passed
29-Nov 08:31:33:INFO:root:Testing sgNetworkVerify1_branch_currents_44_45.txt
29-Nov 08:31:33:INFO:root:Test sgNetworkVerify1_branch_currents_44_45.txt passed
29-Nov 08:31:33:INFO:root:Testing sgNetworkVerify1_branch_currents_44_48.txt
29-Nov 08:31:33:INFO:root:Test sgNetworkVerify1_branch_currents_44_48.txt passed
29-Nov 08:31:33:INFO:root:Testing sgNetworkVerify1_branch_currents_44_49.txt
29-Nov 08:31:33:INFO:root:Test sgNetworkVerify1_branch_currents_44_49.txt passed
29-Nov 08:31:33:INFO:root:Testing sgNetworkVerify1_branch_currents_45_48.txt
29-Nov 08:31:33:INFO:root:Test sgNetworkVerify1_branch_currents_45_48.txt passed
29-Nov 08:31:33:INFO:root:Testing sgNetworkVerify1_branch_currents_45_49.txt
29-Nov 08:31:33:INFO:root:Test sgNetworkVerify1_branch_currents_45_49.txt passed
29-Nov 08:31:33:INFO:root:Testing sgNetworkVerify1_branch_currents_48_49.txt
29-Nov 08:31:33:INFO:root:Test sgNetworkVerify1_branch_currents_48_49.txt passed
29-Nov 08:31:33:INFO:root:Testing sgNetworkVerify1_branch_currents_51_59.txt
29-Nov 08:31:33:INFO:root:Test sgNetworkVerify1_branch_currents_51_59.txt passed
29-Nov 08:31:33:INFO:root:Testing sgNetworkVerify1_branch_currents_51_61.txt
29-Nov 08:31:33:INFO:root:Test sgNetworkVerify1_branch_currents_51_61.txt passed
29-Nov 08:31:33:INFO:root:Testing sgNetworkVerify1_branch_currents_58_66.txt
29-Nov 08:31:33:INFO:root:Test sgNetworkVerify1_branch_currents_58_66.txt passed
29-Nov 08:31:33:INFO:root:Testing sgNetworkVerify1_branch_currents_58_67.txt
29-Nov 08:31:33:INFO:root:Test sgNetworkVerify1_branch_currents_58_67.txt passed
29-Nov 08:31:33:INFO:root:Testing sgNetworkVerify1_branch_currents_59_61.txt
29-Nov 08:31:33:INFO:root:Test sgNetworkVerify1_branch_currents_59_61.txt passed
29-Nov 08:31:33:INFO:root:Testing sgNetworkVerify1_branch_currents_66_67.txt
29-Nov 08:31:33:INFO:root:Test sgNetworkVerify1_branch_currents_66_67.txt passed
29-Nov 08:31:33:INFO:root:Testing sgNetworkVerify1_branch_currents_6_7.txt
29-Nov 08:31:33:INFO:root:Test sgNetworkVerify1_branch_currents_6_7.txt passed
29-Nov 08:31:33:INFO:root:Testing sgNetworkVerify1_branch_currents_6_8.txt
29-Nov 08:31:33:INFO:root:Test sgNetworkVerify1_branch_currents_6_8.txt passed
29-Nov 08:31:33:INFO:root:Testing sgNetworkVerify1_branch_currents_7_8.txt
29-Nov 08:31:33:INFO:root:Test sgNetworkVerify1_branch_currents_7_8.txt passed
29-Nov 08:31:33:INFO:root:Testing sgNetworkVerify1_node_currents_1_2.txt
29-Nov 08:31:33:INFO:root:Test sgNetworkVerify1_node_currents_1_2.txt passed
29-Nov 08:31:33:INFO:root:Testing sgNetworkVerify1_node_currents_1_6.txt
29-Nov 08:31:33:INFO:root:Test sgNetworkVerify1_node_currents_1_6.txt passed
29-Nov 08:31:33:INFO:root:Testing sgNetworkVerify1_node_currents_1_7.txt
29-Nov 08:31:33:INFO:root:Test sgNetworkVerify1_node_currents_1_7.txt passed
29-Nov 08:31:33:INFO:root:Testing sgNetworkVerify1_node_currents_1_8.txt
29-Nov 08:31:33:INFO:root:Test sgNetworkVerify1_node_currents_1_8.txt passed
29-Nov 08:31:33:INFO:root:Testing sgNetworkVerify1_node_currents_2_6.txt
29-Nov 08:31:33:INFO:root:Test sgNetworkVerify1_node_currents_2_6.txt passed
29-Nov 08:31:33:INFO:root:Testing sgNetworkVerify1_node_currents_2_7.txt
29-Nov 08:31:33:INFO:root:Test sgNetworkVerify1_node_currents_2_7.txt passed
29-Nov 08:31:33:INFO:root:Testing sgNetworkVerify1_node_currents_2_8.txt
29-Nov 08:31:33:INFO:root:Test sgNetworkVerify1_node_currents_2_8.txt passed
29-Nov 08:31:33:INFO:root:Testing sgNetworkVerify1_node_currents_44_45.txt
29-Nov 08:31:33:INFO:root:Test sgNetworkVerify1_node_currents_44_45.txt passed
29-Nov 08:31:33:INFO:root:Testing sgNetworkVerify1_node_currents_44_48.txt
29-Nov 08:31:33:INFO:root:Test sgNetworkVerify1_node_currents_44_48.txt passed
29-Nov 08:31:33:INFO:root:Testing sgNetworkVerify1_node_currents_44_49.txt
29-Nov 08:31:33:INFO:root:Test sgNetworkVerify1_node_currents_44_49.txt passed
29-Nov 08:31:33:INFO:root:Testing sgNetworkVerify1_node_currents_45_48.txt
29-Nov 08:31:33:INFO:root:Test sgNetworkVerify1_node_currents_45_48.txt passed
29-Nov 08:31:33:INFO:root:Testing sgNetworkVerify1_node_currents_45_49.txt
29-Nov 08:31:33:INFO:root:Test sgNetworkVerify1_node_currents_45_49.txt passed
29-Nov 08:31:33:INFO:root:Testing sgNetworkVerify1_node_currents_48_49.txt
29-Nov 08:31:33:INFO:root:Test sgNetworkVerify1_node_currents_48_49.txt passed
29-Nov 08:31:33:INFO:root:Testing sgNetworkVerify1_node_currents_51_59.txt
29-Nov 08:31:33:INFO:root:Test sgNetworkVerify1_node_currents_51_59.txt passed
29-Nov 08:31:33:INFO:root:Testing sgNetworkVerify1_node_currents_51_61.txt
29-Nov 08:31:33:INFO:root:Test sgNetworkVerify1_node_currents_51_61.txt passed
29-Nov 08:31:33:INFO:root:Testing sgNetworkVerify1_node_currents_58_66.txt
29-Nov 08:31:33:INFO:root:Test sgNetworkVerify1_node_currents_58_66.txt passed
29-Nov 08:31:33:INFO:root:Testing sgNetworkVerify1_node_currents_58_67.txt
29-Nov 08:31:33:INFO:root:Test sgNetworkVerify1_node_currents_58_67.txt passed
29-Nov 08:31:33:INFO:root:Testing sgNetworkVerify1_node_currents_59_61.txt
29-Nov 08:31:33:INFO:root:Test sgNetworkVerify1_node_currents_59_61.txt passed
29-Nov 08:31:33:INFO:root:Testing sgNetworkVerify1_node_currents_66_67.txt
29-Nov 08:31:33:INFO:root:Test sgNetworkVerify1_node_currents_66_67.txt passed
29-Nov 08:31:33:INFO:root:Testing sgNetworkVerify1_node_currents_6_7.txt
29-Nov 08:31:33:INFO:root:Test sgNetworkVerify1_node_currents_6_7.txt passed
29-Nov 08:31:33:INFO:root:Testing sgNetworkVerify1_node_currents_6_8.txt
29-Nov 08:31:33:INFO:root:Test sgNetworkVerify1_node_currents_6_8.txt passed
29-Nov 08:31:33:INFO:root:Testing sgNetworkVerify1_node_currents_7_8.txt
29-Nov 08:31:33:INFO:root:Test sgNetworkVerify1_node_currents_7_8.txt passed
29-Nov 08:31:33:INFO:root:Testing sgNetworkVerify1_voltages_1_2.txt
29-Nov 08:31:33:INFO:root:Test sgNetworkVerify1_voltages_1_2.txt passed
29-Nov 08:31:33:INFO:root:Testing sgNetworkVerify1_voltages_1_6.txt
29-Nov 08:31:33:INFO:root:Test sgNetworkVerify1_voltages_1_6.txt passed
29-Nov 08:31:33:INFO:root:Testing sgNetworkVerify1_voltages_1_7.txt
29-Nov 08:31:33:INFO:root:Test sgNetworkVerify1_voltages_1_7.txt passed
29-Nov 08:31:33:INFO:root:Testing sgNetworkVerify1_voltages_1_8.txt
29-Nov 08:31:33:INFO:root:Test sgNetworkVerify1_voltages_1_8.txt passed
29-Nov 08:31:33:INFO:root:Testing sgNetworkVerify1_voltages_2_6.txt
29-Nov 08:31:33:INFO:root:Test sgNetworkVerify1_voltages_2_6.txt passed
29-Nov 08:31:33:INFO:root:Testing sgNetworkVerify1_voltages_2_7.txt
29-Nov 08:31:33:INFO:root:Test sgNetworkVerify1_voltages_2_7.txt passed
29-Nov 08:31:33:INFO:root:Testing sgNetworkVerify1_voltages_2_8.txt
29-Nov 08:31:33:INFO:root:Test sgNetworkVerify1_voltages_2_8.txt passed
29-Nov 08:31:33:INFO:root:Testing sgNetworkVerify1_voltages_44_45.txt
29-Nov 08:31:33:INFO:root:Test sgNetworkVerify1_voltages_44_45.txt passed
29-Nov 08:31:33:INFO:root:Testing sgNetworkVerify1_voltages_44_48.txt
29-Nov 08:31:33:INFO:root:Test sgNetworkVerify1_voltages_44_48.txt passed
29-Nov 08:31:33:INFO:root:Testing sgNetworkVerify1_voltages_44_49.txt
29-Nov 08:31:33:INFO:root:Test sgNetworkVerify1_voltages_44_49.txt passed
29-Nov 08:31:33:INFO:root:Testing sgNetworkVerify1_voltages_45_48.txt
29-Nov 08:31:33:INFO:root:Test sgNetworkVerify1_voltages_45_48.txt passed
29-Nov 08:31:33:INFO:root:Testing sgNetworkVerify1_voltages_45_49.txt
29-Nov 08:31:33:INFO:root:Test sgNetworkVerify1_voltages_45_49.txt passed
29-Nov 08:31:33:INFO:root:Testing sgNetworkVerify1_voltages_48_49.txt
29-Nov 08:31:33:INFO:root:Test sgNetworkVerify1_voltages_48_49.txt passed
29-Nov 08:31:33:INFO:root:Testing sgNetworkVerify1_voltages_51_59.txt
29-Nov 08:31:33:INFO:root:Test sgNetworkVerify1_voltages_51_59.txt passed
29-Nov 08:31:33:INFO:root:Testing sgNetworkVerify1_voltages_51_61.txt
29-Nov 08:31:33:INFO:root:Test sgNetworkVerify1_voltages_51_61.txt passed
29-Nov 08:31:33:INFO:root:Testing sgNetworkVerify1_voltages_58_66.txt
29-Nov 08:31:33:INFO:root:Test sgNetworkVerify1_voltages_58_66.txt passed
29-Nov 08:31:33:INFO:root:Testing sgNetworkVerify1_voltages_58_67.txt
29-Nov 08:31:33:INFO:root:Test sgNetworkVerify1_voltages_58_67.txt passed
29-Nov 08:31:33:INFO:root:Testing sgNetworkVerify1_voltages_59_61.txt
29-Nov 08:31:33:INFO:root:Test sgNetworkVerify1_voltages_59_61.txt passed
29-Nov 08:31:33:INFO:root:Testing sgNetworkVerify1_voltages_66_67.txt
29-Nov 08:31:33:INFO:root:Test sgNetworkVerify1_voltages_66_67.txt passed
29-Nov 08:31:33:INFO:root:Testing sgNetworkVerify1_voltages_6_7.txt
29-Nov 08:31:33:INFO:root:Test sgNetworkVerify1_voltages_6_7.txt passed
29-Nov 08:31:33:INFO:root:Testing sgNetworkVerify1_voltages_6_8.txt
29-Nov 08:31:33:INFO:root:Test sgNetworkVerify1_voltages_6_8.txt passed
29-Nov 08:31:33:INFO:root:Testing sgNetworkVerify1_voltages_7_8.txt
29-Nov 08:31:33:INFO:root:Test sgNetworkVerify1_voltages_7_8.txt passed
29-Nov 08:31:33:INFO:root:Test sgNetworkVerify1 passed
29-Nov 08:31:33:INFO:root:Testing sgNetworkVerify2
29-Nov 08:31:33:INFO:root:Graph has 7 nodes, 5 focal points and 1 connected components
29-Nov 08:31:33:INFO:root:Time to construct laplacian = 9.883e-6 seconds
29-Nov 08:31:33:INFO:root:Time taken to construct preconditioner = 4.7825e-5 seconds
29-Nov 08:31:33:INFO:root:Time taken to construct local nodemap = 6.392e-6 seconds
29-Nov 08:31:33:INFO:root:Solving points 1 and 2
29-Nov 08:31:33:INFO:root:Time taken to solve linear system = 0.000204013 seconds
29-Nov 08:31:33:INFO:root:Time taken to write voltage maps = 0.000131379 seconds
29-Nov 08:31:33:INFO:root:Solving points 1 and 3
29-Nov 08:31:33:INFO:root:Time taken to solve linear system = 0.000122996 seconds
29-Nov 08:31:33:INFO:root:Time taken to write voltage maps = 4.8931e-5 seconds
29-Nov 08:31:33:INFO:root:Solving points 1 and 4
29-Nov 08:31:33:INFO:root:Time taken to solve linear system = 0.000128268 seconds
29-Nov 08:31:33:INFO:root:Time taken to write voltage maps = 5.0393e-5 seconds
29-Nov 08:31:33:INFO:root:Solving points 1 and 5
29-Nov 08:31:33:INFO:root:Time taken to solve linear system = 0.000143067 seconds
29-Nov 08:31:33:INFO:root:Time taken to write voltage maps = 4.9566e-5 seconds
29-Nov 08:31:33:INFO:root:Solving points 2 and 3
29-Nov 08:31:33:INFO:root:Time taken to solve linear system = 0.000107036 seconds
29-Nov 08:31:33:INFO:root:Time taken to write voltage maps = 4.5684e-5 seconds
29-Nov 08:31:33:INFO:root:Solving points 2 and 4
29-Nov 08:31:33:INFO:root:Time taken to solve linear system = 0.000102207 seconds
29-Nov 08:31:33:INFO:root:Time taken to write voltage maps = 4.5266e-5 seconds
29-Nov 08:31:33:INFO:root:Solving points 2 and 5
29-Nov 08:31:33:INFO:root:Time taken to solve linear system = 9.8092e-5 seconds
29-Nov 08:31:33:INFO:root:Time taken to write voltage maps = 4.258e-5 seconds
29-Nov 08:31:33:INFO:root:Solving points 3 and 4
29-Nov 08:31:33:INFO:root:Time taken to solve linear system = 0.000124638 seconds
29-Nov 08:31:33:INFO:root:Time taken to write voltage maps = 4.7704e-5 seconds
29-Nov 08:31:33:INFO:root:Solving points 3 and 5
29-Nov 08:31:33:INFO:root:Time taken to solve linear system = 0.000120783 seconds
29-Nov 08:31:33:INFO:root:Time taken to write voltage maps = 4.6268e-5 seconds
29-Nov 08:31:33:INFO:root:Solving points 4 and 5
29-Nov 08:31:33:INFO:root:Time taken to solve linear system = 0.000103684 seconds
29-Nov 08:31:33:INFO:root:Time taken to write voltage maps = 4.3884e-5 seconds
29-Nov 08:31:33:INFO:root:Job took 0.005778107 seconds
29-Nov 08:31:33:INFO:root:Testing sgNetworkVerify2_voltages_1_2.txt
29-Nov 08:31:33:INFO:root:Test sgNetworkVerify2_voltages_1_2.txt passed
29-Nov 08:31:33:INFO:root:Testing sgNetworkVerify2_voltages_1_3.txt
29-Nov 08:31:33:INFO:root:Test sgNetworkVerify2_voltages_1_3.txt passed
29-Nov 08:31:33:INFO:root:Testing sgNetworkVerify2_voltages_1_4.txt
29-Nov 08:31:33:INFO:root:Test sgNetworkVerify2_voltages_1_4.txt passed
29-Nov 08:31:33:INFO:root:Testing sgNetworkVerify2_voltages_1_5.txt
29-Nov 08:31:33:INFO:root:Test sgNetworkVerify2_voltages_1_5.txt passed
29-Nov 08:31:33:INFO:root:Testing sgNetworkVerify2_voltages_2_3.txt
29-Nov 08:31:33:INFO:root:Test sgNetworkVerify2_voltages_2_3.txt passed
29-Nov 08:31:33:INFO:root:Testing sgNetworkVerify2_voltages_2_4.txt
29-Nov 08:31:33:INFO:root:Test sgNetworkVerify2_voltages_2_4.txt passed
29-Nov 08:31:33:INFO:root:Testing sgNetworkVerify2_voltages_2_5.txt
29-Nov 08:31:33:INFO:root:Test sgNetworkVerify2_voltages_2_5.txt passed
29-Nov 08:31:33:INFO:root:Testing sgNetworkVerify2_voltages_3_4.txt
29-Nov 08:31:33:INFO:root:Test sgNetworkVerify2_voltages_3_4.txt passed
29-Nov 08:31:33:INFO:root:Testing sgNetworkVerify2_voltages_3_5.txt
29-Nov 08:31:33:INFO:root:Test sgNetworkVerify2_voltages_3_5.txt passed
29-Nov 08:31:33:INFO:root:Testing sgNetworkVerify2_voltages_4_5.txt
29-Nov 08:31:33:INFO:root:Test sgNetworkVerify2_voltages_4_5.txt passed
29-Nov 08:31:33:INFO:root:Test sgNetworkVerify2 passed
29-Nov 08:31:33:INFO:root:Testing sgNetworkVerify3
29-Nov 08:31:33:INFO:root:Graph has 14 nodes, 7 focal points and 3 connected components
29-Nov 08:31:33:INFO:root:Time to construct laplacian = 1.0427e-5 seconds
29-Nov 08:31:33:INFO:root:Time taken to construct preconditioner = 2.4493e-5 seconds
29-Nov 08:31:33:INFO:root:Time taken to construct local nodemap = 6.216e-6 seconds
29-Nov 08:31:33:INFO:root:Solving points 1 and 2
29-Nov 08:31:33:INFO:root:Time taken to solve linear system = 0.00018819 seconds
29-Nov 08:31:33:INFO:root:Time taken to write voltage maps = 9.1945e-5 seconds
29-Nov 08:31:33:INFO:root:Solving points 1 and 6
29-Nov 08:31:33:INFO:root:Time taken to solve linear system = 0.000127629 seconds
29-Nov 08:31:33:INFO:root:Time taken to write voltage maps = 5.9396e-5 seconds
29-Nov 08:31:33:INFO:root:Solving points 1 and 9
29-Nov 08:31:33:INFO:root:Time taken to solve linear system = 0.000121199 seconds
29-Nov 08:31:33:INFO:root:Time taken to write voltage maps = 5.6273e-5 seconds
29-Nov 08:31:33:INFO:root:Solving points 1 and 12
29-Nov 08:31:33:INFO:root:Time taken to solve linear system = 0.000120794 seconds
29-Nov 08:31:33:INFO:root:Time taken to write voltage maps = 5.2862e-5 seconds
29-Nov 08:31:33:INFO:root:Solving points 2 and 6
29-Nov 08:31:33:INFO:root:Time taken to solve linear system = 0.000116463 seconds
29-Nov 08:31:33:INFO:root:Time taken to write voltage maps = 5.4735e-5 seconds
29-Nov 08:31:33:INFO:root:Solving points 2 and 9
29-Nov 08:31:33:INFO:root:Time taken to solve linear system = 0.000114536 seconds
29-Nov 08:31:33:INFO:root:Time taken to write voltage maps = 5.2412e-5 seconds
29-Nov 08:31:33:INFO:root:Solving points 2 and 12
29-Nov 08:31:33:INFO:root:Time taken to solve linear system = 0.000113162 seconds
29-Nov 08:31:33:INFO:root:Time taken to write voltage maps = 5.853e-5 seconds
29-Nov 08:31:33:INFO:root:Solving points 6 and 9
29-Nov 08:31:33:INFO:root:Time taken to solve linear system = 0.000102492 seconds
29-Nov 08:31:33:INFO:root:Time taken to write voltage maps = 5.0077e-5 seconds
29-Nov 08:31:33:INFO:root:Solving points 6 and 12
29-Nov 08:31:33:INFO:root:Time taken to solve linear system = 7.7364e-5 seconds
29-Nov 08:31:33:INFO:root:Time taken to write voltage maps = 5.7543e-5 seconds
29-Nov 08:31:33:INFO:root:Solving points 9 and 12
29-Nov 08:31:33:INFO:root:Time taken to solve linear system = 4.2673e-5 seconds
29-Nov 08:31:33:INFO:root:Time taken to write voltage maps = 4.8019e-5 seconds
29-Nov 08:31:33:INFO:root:Time taken to construct preconditioner = 2.8311e-5 seconds
29-Nov 08:31:33:INFO:root:Time taken to construct local nodemap = 6.78e-6 seconds
29-Nov 08:31:33:INFO:root:Solving points 7 and 14
29-Nov 08:31:33:INFO:root:Time taken to solve linear system = 4.6532e-5 seconds
29-Nov 08:31:33:INFO:root:Time taken to write voltage maps = 5.253e-5 seconds
29-Nov 08:31:33:INFO:root:Job took 0.005152406 seconds
29-Nov 08:31:33:INFO:root:Testing sgNetworkVerify3_voltages_1_12.txt
29-Nov 08:31:33:INFO:root:Test sgNetworkVerify3_voltages_1_12.txt passed
29-Nov 08:31:33:INFO:root:Testing sgNetworkVerify3_voltages_1_2.txt
29-Nov 08:31:33:INFO:root:Test sgNetworkVerify3_voltages_1_2.txt passed
29-Nov 08:31:33:INFO:root:Testing sgNetworkVerify3_voltages_1_6.txt
29-Nov 08:31:33:INFO:root:Test sgNetworkVerify3_voltages_1_6.txt passed
29-Nov 08:31:33:INFO:root:Testing sgNetworkVerify3_voltages_1_9.txt
29-Nov 08:31:33:INFO:root:Test sgNetworkVerify3_voltages_1_9.txt passed
29-Nov 08:31:33:INFO:root:Testing sgNetworkVerify3_voltages_2_12.txt
29-Nov 08:31:33:INFO:root:Test sgNetworkVerify3_voltages_2_12.txt passed
29-Nov 08:31:33:INFO:root:Testing sgNetworkVerify3_voltages_2_6.txt
29-Nov 08:31:33:INFO:root:Test sgNetworkVerify3_voltages_2_6.txt passed
29-Nov 08:31:33:INFO:root:Testing sgNetworkVerify3_voltages_2_9.txt
29-Nov 08:31:33:INFO:root:Test sgNetworkVerify3_voltages_2_9.txt passed
29-Nov 08:31:33:INFO:root:Testing sgNetworkVerify3_voltages_6_12.txt
29-Nov 08:31:33:INFO:root:Test sgNetworkVerify3_voltages_6_12.txt passed
29-Nov 08:31:33:INFO:root:Testing sgNetworkVerify3_voltages_6_9.txt
29-Nov 08:31:33:INFO:root:Test sgNetworkVerify3_voltages_6_9.txt passed
29-Nov 08:31:33:INFO:root:Testing sgNetworkVerify3_voltages_7_14.txt
29-Nov 08:31:33:INFO:root:Test sgNetworkVerify3_voltages_7_14.txt passed
29-Nov 08:31:33:INFO:root:Testing sgNetworkVerify3_voltages_9_12.txt
29-Nov 08:31:33:INFO:root:Test sgNetworkVerify3_voltages_9_12.txt passed
29-Nov 08:31:33:INFO:root:Test sgNetworkVerify3 passed
29-Nov 08:31:33:INFO:root:Testing mgNetworkVerify1
29-Nov 08:31:36:DEBUG:root:There are 4 points and 1 connected components
29-Nov 08:31:36:INFO:root:Job took 3.379154286 seconds
29-Nov 08:31:36:INFO:root:Testing mgNetworkVerify1_branch_currents.txt
29-Nov 08:31:36:INFO:root:Test mgNetworkVerify1_branch_currents.txt passed
29-Nov 08:31:36:INFO:root:Testing mgNetworkVerify1_node_currents.txt
29-Nov 08:31:36:INFO:root:Test mgNetworkVerify1_node_currents.txt passed
29-Nov 08:31:36:INFO:root:Testing mgNetworkVerify1_voltages.txt
29-Nov 08:31:36:INFO:root:Test mgNetworkVerify1_voltages.txt passed
29-Nov 08:31:36:INFO:root:Test mgNetworkVerify1 passed
29-Nov 08:31:36:INFO:root:Testing mgNetworkVerify2
29-Nov 08:31:36:DEBUG:root:There are 5 points and 1 connected components
29-Nov 08:31:36:INFO:root:Job took 0.00082596 seconds
29-Nov 08:31:36:INFO:root:Testing mgNetworkVerify2_branch_currents.txt
29-Nov 08:31:36:INFO:root:Test mgNetworkVerify2_branch_currents.txt passed
29-Nov 08:31:36:INFO:root:Testing mgNetworkVerify2_node_currents.txt
29-Nov 08:31:36:INFO:root:Test mgNetworkVerify2_node_currents.txt passed
29-Nov 08:31:36:INFO:root:Testing mgNetworkVerify2_voltages.txt
29-Nov 08:31:36:INFO:root:Test mgNetworkVerify2_voltages.txt passed
29-Nov 08:31:36:INFO:root:Test mgNetworkVerify2 passed
29-Nov 08:31:36:INFO:root:Testing mgNetworkVerify3
29-Nov 08:31:36:DEBUG:root:There are 5 points and 1 connected components
29-Nov 08:31:36:INFO:root:Job took 0.000816825 seconds
29-Nov 08:31:36:INFO:root:Testing mgNetworkVerify3_branch_currents.txt
29-Nov 08:31:36:INFO:root:Test mgNetworkVerify3_branch_currents.txt passed
29-Nov 08:31:36:INFO:root:Testing mgNetworkVerify3_node_currents.txt
29-Nov 08:31:36:INFO:root:Test mgNetworkVerify3_node_currents.txt passed
29-Nov 08:31:36:INFO:root:Testing mgNetworkVerify3_voltages.txt
29-Nov 08:31:36:INFO:root:Test mgNetworkVerify3_voltages.txt passed
29-Nov 08:31:36:INFO:root:Test mgNetworkVerify3 passed
29-Nov 08:31:36:INFO:root:Testing sgVerify1
29-Nov 08:31:37:INFO:root:Reading maps
29-Nov 08:31:37:INFO:root:Resistance/Conductance map has 59 nodes
29-Nov 08:31:37:INFO:root:Time taken to read input = 0.086538012 seconds
29-Nov 08:31:38:INFO:root:Graph has 54 nodes, 10 focal points and 7 connected components
29-Nov 08:31:38:INFO:root:Time to construct laplacian = 8.5872e-5 seconds
29-Nov 08:31:38:INFO:root:Time taken to construct preconditioner = 0.000149613 seconds
29-Nov 08:31:38:INFO:root:Time taken to construct local nodemap = 0.138601889 seconds
29-Nov 08:31:38:INFO:root:Solving points 1 and 50
29-Nov 08:31:38:INFO:root:Time taken to solve linear system = 0.000625597 seconds
29-Nov 08:31:38:INFO:root:Time taken to write voltage maps = 0.091264678 seconds
29-Nov 08:31:38:INFO:root:Time taken to write current maps = 0.000353164 seconds
29-Nov 08:31:38:INFO:root:Solving points 1 and 52
29-Nov 08:31:38:INFO:root:Time taken to solve linear system = 0.000650431 seconds
29-Nov 08:31:38:INFO:root:Time taken to write voltage maps = 0.000148027 seconds
29-Nov 08:31:38:INFO:root:Time taken to write current maps = 0.000324861 seconds
29-Nov 08:31:38:INFO:root:Time taken to write voltage maps = 0.000148494 seconds
29-Nov 08:31:38:INFO:root:Time taken to write current maps = 0.000303522 seconds
29-Nov 08:31:38:INFO:root:Solving points 1 and 33
29-Nov 08:31:38:INFO:root:Time taken to solve linear system = 0.000572979 seconds
29-Nov 08:31:38:INFO:root:Time taken to write voltage maps = 0.000139645 seconds
29-Nov 08:31:38:INFO:root:Time taken to write current maps = 0.000471276 seconds
29-Nov 08:31:38:INFO:root:Solving points 1 and 46
29-Nov 08:31:38:INFO:root:Time taken to solve linear system = 0.000540403 seconds
29-Nov 08:31:38:INFO:root:Time taken to write voltage maps = 0.000142079 seconds
29-Nov 08:31:38:INFO:root:Time taken to write current maps = 0.000273258 seconds
29-Nov 08:31:38:INFO:root:Solving points 50 and 52
29-Nov 08:31:38:INFO:root:Time taken to solve linear system = 0.000595567 seconds
29-Nov 08:31:38:INFO:root:Time taken to write voltage maps = 0.000154933 seconds
29-Nov 08:31:38:INFO:root:Time taken to write current maps = 0.000283088 seconds
29-Nov 08:31:38:INFO:root:Time taken to write voltage maps = 0.000147747 seconds
29-Nov 08:31:38:INFO:root:Time taken to write current maps = 0.000322548 seconds
29-Nov 08:31:38:INFO:root:Solving points 50 and 33
29-Nov 08:31:38:INFO:root:Time taken to solve linear system = 0.000668345 seconds
29-Nov 08:31:38:INFO:root:Time taken to write voltage maps = 0.000144326 seconds
29-Nov 08:31:38:INFO:root:Time taken to write current maps = 0.000270417 seconds
29-Nov 08:31:38:INFO:root:Solving points 50 and 46
29-Nov 08:31:38:INFO:root:Time taken to solve linear system = 0.00782677 seconds
29-Nov 08:31:38:INFO:root:Time taken to write voltage maps = 0.00022377 seconds
29-Nov 08:31:38:INFO:root:Time taken to write current maps = 0.000534738 seconds
29-Nov 08:31:38:INFO:root:Solving points 52 and 33
29-Nov 08:31:38:INFO:root:Time taken to solve linear system = 0.000539036 seconds
29-Nov 08:31:38:INFO:root:Time taken to write voltage maps = 0.000149469 seconds
29-Nov 08:31:38:INFO:root:Time taken to write current maps = 0.000267227 seconds
29-Nov 08:31:38:INFO:root:Time taken to write voltage maps = 0.00012076 seconds
29-Nov 08:31:38:INFO:root:Time taken to write current maps = 0.000243525 seconds
29-Nov 08:31:38:INFO:root:Solving points 52 and 46
29-Nov 08:31:38:INFO:root:Time taken to solve linear system = 0.000566116 seconds
29-Nov 08:31:38:INFO:root:Time taken to write voltage maps = 0.000136087 seconds
29-Nov 08:31:38:INFO:root:Time taken to write current maps = 0.00025788 seconds
29-Nov 08:31:38:INFO:root:Time taken to write voltage maps = 0.000104462 seconds
29-Nov 08:31:38:INFO:root:Time taken to write current maps = 0.000315612 seconds
29-Nov 08:31:38:INFO:root:Solving points 33 and 46
29-Nov 08:31:38:INFO:root:Time taken to solve linear system = 0.000553403 seconds
29-Nov 08:31:38:INFO:root:Time taken to write voltage maps = 0.000132529 seconds
29-Nov 08:31:38:INFO:root:Time taken to write current maps = 0.000258378 seconds
29-Nov 08:31:38:INFO:root:Job took 1.81628757 seconds
29-Nov 08:31:38:INFO:root:Testing sgVerify1_curmap_1_2.asc
29-Nov 08:31:38:INFO:root:Test sgVerify1_curmap_1_2.asc passed
29-Nov 08:31:38:INFO:root:Testing sgVerify1_curmap_1_4.asc
29-Nov 08:31:38:INFO:root:Test sgVerify1_curmap_1_4.asc passed
29-Nov 08:31:38:INFO:root:Testing sgVerify1_curmap_1_5.asc
29-Nov 08:31:38:INFO:root:Test sgVerify1_curmap_1_5.asc passed
29-Nov 08:31:38:INFO:root:Testing sgVerify1_curmap_1_8.asc
29-Nov 08:31:38:INFO:root:Test sgVerify1_curmap_1_8.asc passed
29-Nov 08:31:38:INFO:root:Testing sgVerify1_curmap_1_9.asc
29-Nov 08:31:38:INFO:root:Test sgVerify1_curmap_1_9.asc passed
29-Nov 08:31:38:INFO:root:Testing sgVerify1_curmap_2_4.asc
29-Nov 08:31:38:INFO:root:Test sgVerify1_curmap_2_4.asc passed
29-Nov 08:31:38:INFO:root:Testing sgVerify1_curmap_2_5.asc
29-Nov 08:31:38:INFO:root:Test sgVerify1_curmap_2_5.asc passed
29-Nov 08:31:38:INFO:root:Testing sgVerify1_curmap_2_8.asc
29-Nov 08:31:38:INFO:root:Test sgVerify1_curmap_2_8.asc passed
29-Nov 08:31:38:INFO:root:Testing sgVerify1_curmap_2_9.asc
29-Nov 08:31:38:INFO:root:Test sgVerify1_curmap_2_9.asc passed
29-Nov 08:31:38:INFO:root:Testing sgVerify1_curmap_4_8.asc
29-Nov 08:31:38:INFO:root:Test sgVerify1_curmap_4_8.asc passed
29-Nov 08:31:38:INFO:root:Testing sgVerify1_curmap_4_9.asc
29-Nov 08:31:38:INFO:root:Test sgVerify1_curmap_4_9.asc passed
29-Nov 08:31:38:INFO:root:Testing sgVerify1_curmap_5_8.asc
29-Nov 08:31:38:INFO:root:Test sgVerify1_curmap_5_8.asc passed
29-Nov 08:31:38:INFO:root:Testing sgVerify1_curmap_5_9.asc
29-Nov 08:31:38:INFO:root:Test sgVerify1_curmap_5_9.asc passed
29-Nov 08:31:38:INFO:root:Testing sgVerify1_curmap_8_9.asc
29-Nov 08:31:38:INFO:root:Test sgVerify1_curmap_8_9.asc passed
29-Nov 08:31:38:INFO:root:Testing sgVerify1_voltmap_1_2.asc
29-Nov 08:31:38:INFO:root:Test sgVerify1_voltmap_1_2.asc passed
29-Nov 08:31:38:INFO:root:Testing sgVerify1_voltmap_1_4.asc
29-Nov 08:31:38:INFO:root:Test sgVerify1_voltmap_1_4.asc passed
29-Nov 08:31:38:INFO:root:Testing sgVerify1_voltmap_1_5.asc
29-Nov 08:31:38:INFO:root:Test sgVerify1_voltmap_1_5.asc passed
29-Nov 08:31:38:INFO:root:Testing sgVerify1_voltmap_1_8.asc
29-Nov 08:31:38:INFO:root:Test sgVerify1_voltmap_1_8.asc passed
29-Nov 08:31:38:INFO:root:Testing sgVerify1_voltmap_1_9.asc
29-Nov 08:31:38:INFO:root:Test sgVerify1_voltmap_1_9.asc passed
29-Nov 08:31:38:INFO:root:Testing sgVerify1_voltmap_2_4.asc
29-Nov 08:31:38:INFO:root:Test sgVerify1_voltmap_2_4.asc passed
29-Nov 08:31:38:INFO:root:Testing sgVerify1_voltmap_2_5.asc
29-Nov 08:31:38:INFO:root:Test sgVerify1_voltmap_2_5.asc passed
29-Nov 08:31:38:INFO:root:Testing sgVerify1_voltmap_2_8.asc
29-Nov 08:31:38:INFO:root:Test sgVerify1_voltmap_2_8.asc passed
29-Nov 08:31:38:INFO:root:Testing sgVerify1_voltmap_2_9.asc
29-Nov 08:31:38:INFO:root:Test sgVerify1_voltmap_2_9.asc passed
29-Nov 08:31:38:INFO:root:Testing sgVerify1_voltmap_4_8.asc
29-Nov 08:31:38:INFO:root:Test sgVerify1_voltmap_4_8.asc passed
29-Nov 08:31:38:INFO:root:Testing sgVerify1_voltmap_4_9.asc
29-Nov 08:31:38:INFO:root:Test sgVerify1_voltmap_4_9.asc passed
29-Nov 08:31:38:INFO:root:Testing sgVerify1_voltmap_5_8.asc
29-Nov 08:31:38:INFO:root:Test sgVerify1_voltmap_5_8.asc passed
29-Nov 08:31:38:INFO:root:Testing sgVerify1_voltmap_5_9.asc
29-Nov 08:31:38:INFO:root:Test sgVerify1_voltmap_5_9.asc passed
29-Nov 08:31:38:INFO:root:Testing sgVerify1_voltmap_8_9.asc
29-Nov 08:31:38:INFO:root:Test sgVerify1_voltmap_8_9.asc passed
29-Nov 08:31:38:INFO:root:Test sgVerify1 passed
29-Nov 08:31:38:INFO:root:Testing sgVerify2
29-Nov 08:31:38:INFO:root:Reading maps
29-Nov 08:31:38:INFO:root:Resistance/Conductance map has 7 nodes
29-Nov 08:31:38:INFO:root:Time taken to read input = 0.000481695 seconds
29-Nov 08:31:38:INFO:root:Graph has 6 nodes, 5 focal points and 1 connected components
29-Nov 08:31:38:INFO:root:Time to construct laplacian = 7.316e-6 seconds
29-Nov 08:31:38:INFO:root:Time taken to construct preconditioner = 2.9653e-5 seconds
29-Nov 08:31:38:INFO:root:Time taken to construct local nodemap = 1.1916e-5 seconds
29-Nov 08:31:38:INFO:root:Solving points 1 and 2
