>>> 'Pkg.add("Circuitscape")' log
INFO: Cloning cache of Circuitscape from https://github.com/ranjanan/Circuitscape.jl.git
INFO: Cloning cache of SimpleWeightedGraphs from https://github.com/JuliaGraphs/SimpleWeightedGraphs.jl.git
INFO: Installing AMG v0.0.5
INFO: Installing Circuitscape v0.0.2
INFO: Installing CodecZlib v0.4.2
INFO: Installing DataStructures v0.7.4
INFO: Installing GZip v0.3.0
INFO: Installing IterativeSolvers v0.5.0
INFO: Installing LightGraphs v0.12.0
INFO: Installing Logging v0.3.1
INFO: Installing MacroTools v0.4.0
INFO: Installing RecipesBase v0.2.3
INFO: Installing SimpleTraits v0.6.0
INFO: Installing SimpleWeightedGraphs v0.3.0
INFO: Installing TranscodingStreams v0.5.0
INFO: Package database updated

>>> 'Pkg.test("Circuitscape")' log
Julia Version 0.6.2
Commit d386e40c17 (2017-12-13 18:08 UTC)
Platform Info:
  OS: Linux (x86_64-pc-linux-gnu)
  CPU: Intel(R) Xeon(R) CPU E3-1241 v3 @ 3.50GHz
  WORD_SIZE: 64
           Ubuntu 14.04.5 LTS
  uname: Linux 3.13.0-135-generic #184-Ubuntu SMP Wed Oct 18 11:55:51 UTC 2017 x86_64 x86_64
Memory: 2.93927001953125 GB (884.9609375 MB free)
Uptime: 31244.0 sec
Load Avg:  0.9970703125  0.9853515625  0.99951171875
Intel(R) Xeon(R) CPU E3-1241 v3 @ 3.50GHz: 
       speed         user         nice          sys         idle          irq
#1  3513 MHz    1791268 s       7350 s      88905 s     780290 s         19 s
#2  3513 MHz     409942 s         71 s      45027 s    2617611 s          0 s

  BLAS: libopenblas (USE64BITINT DYNAMIC_ARCH NO_AFFINITY Nehalem)
  LAPACK: libopenblas64_
  LIBM: libopenlibm
  LLVM: libLLVM-3.9.1 (ORCJIT, haswell)
Environment:
  TERM = vt100
  LD_LIBRARY_PATH = :/usr/local/lib/
  PATH = /usr/local/sbin:/usr/local/bin:/usr/sbin:/usr/bin:/sbin:/bin:/usr/games:/usr/local/games:/home/vagrant/julia/bin/
  JAVA_HOME = /usr/lib/jvm/java-8-openjdk-amd64
  HOME = /home/vagrant

Package Directory: /home/vagrant/.julia/v0.6
2 required packages:
 - Circuitscape                  0.0.2
 - JSON                          0.17.1
14 additional packages:
 - AMG                           0.0.5
 - CodecZlib                     0.4.2
 - Compat                        0.56.0
 - DataStructures                0.7.4
 - GZip                          0.3.0
 - IterativeSolvers              0.5.0
 - LightGraphs                   0.12.0
 - Logging                       0.3.1
 - MacroTools                    0.4.0
 - Nullables                     0.0.3
 - RecipesBase                   0.2.3
 - SimpleTraits                  0.6.0
 - SimpleWeightedGraphs          0.3.0
 - TranscodingStreams            0.5.0
INFO: Testing Circuitscape
WARNING: Method definition info(Any...) in module Base at util.jl:534 overwritten in module Logging at /home/vagrant/.julia/v0.6/Logging/src/Logging.jl:115.
WARNING: Method definition warn(Any...) in module Base at util.jl:589 overwritten in module Logging at /home/vagrant/.julia/v0.6/Logging/src/Logging.jl:115.
03-Mar 09:41:27:INFO:root:Reading maps
03-Mar 09:41:28:INFO:root:Resistance/Conductance map has 18 nodes
03-Mar 09:41:33:INFO:root:Testing sgNetworkVerify1
03-Mar 09:41:36:INFO:root:Graph has 67 nodes, 15 focal points and 4 connected components
03-Mar 09:41:36:INFO:root:Time to construct laplacian = 0.000176091 seconds
03-Mar 09:41:38:INFO:root:Time taken to construct preconditioner = 1.786062796 seconds
03-Mar 09:41:38:INFO:root:Time taken to construct local nodemap = 0.115263764 seconds
03-Mar 09:41:43:INFO:root:Solving points 1 and 2
03-Mar 09:41:47:INFO:root:Time taken to solve linear system = 3.450405754 seconds
03-Mar 09:41:48:INFO:root:Time taken to write voltage maps = 0.406955213 seconds
03-Mar 09:41:49:INFO:root:Time taken to write current maps = 1.169099925 seconds
03-Mar 09:41:49:INFO:root:Solving points 1 and 6
03-Mar 09:41:49:INFO:root:Time taken to solve linear system = 0.001324023 seconds
03-Mar 09:41:49:INFO:root:Time taken to write voltage maps = 0.000234188 seconds
03-Mar 09:41:49:INFO:root:Time taken to write current maps = 0.000784336 seconds
03-Mar 09:41:49:INFO:root:Solving points 1 and 7
03-Mar 09:41:49:INFO:root:Time taken to solve linear system = 0.000952703 seconds
03-Mar 09:41:49:INFO:root:Time taken to write voltage maps = 0.000260752 seconds
03-Mar 09:41:49:INFO:root:Time taken to write current maps = 0.000732948 seconds
03-Mar 09:41:49:INFO:root:Solving points 1 and 8
03-Mar 09:41:49:INFO:root:Time taken to solve linear system = 0.001033314 seconds
03-Mar 09:41:49:INFO:root:Time taken to write voltage maps = 0.00025029 seconds
03-Mar 09:41:49:INFO:root:Time taken to write current maps = 0.000778724 seconds
03-Mar 09:41:49:INFO:root:Solving points 2 and 6
03-Mar 09:41:49:INFO:root:Time taken to solve linear system = 0.000940637 seconds
03-Mar 09:41:49:INFO:root:Time taken to write voltage maps = 0.003220773 seconds
03-Mar 09:41:49:INFO:root:Time taken to write current maps = 0.001089528 seconds
03-Mar 09:41:49:INFO:root:Solving points 2 and 7
03-Mar 09:41:49:INFO:root:Time taken to solve linear system = 0.001295412 seconds
03-Mar 09:41:49:INFO:root:Time taken to write voltage maps = 0.000334645 seconds
03-Mar 09:41:49:INFO:root:Time taken to write current maps = 0.000770818 seconds
03-Mar 09:41:49:INFO:root:Solving points 2 and 8
03-Mar 09:41:49:INFO:root:Time taken to solve linear system = 0.001133232 seconds
03-Mar 09:41:49:INFO:root:Time taken to write voltage maps = 0.000329691 seconds
03-Mar 09:41:49:INFO:root:Time taken to write current maps = 0.00070932 seconds
03-Mar 09:41:49:INFO:root:Solving points 6 and 7
03-Mar 09:41:49:INFO:root:Time taken to solve linear system = 0.001231573 seconds
03-Mar 09:41:49:INFO:root:Time taken to write voltage maps = 0.000222913 seconds
03-Mar 09:41:49:INFO:root:Time taken to write current maps = 0.000747764 seconds
03-Mar 09:41:49:INFO:root:Solving points 6 and 8
03-Mar 09:41:49:INFO:root:Time taken to solve linear system = 0.001071287 seconds
03-Mar 09:41:49:INFO:root:Time taken to write voltage maps = 0.000205346 seconds
03-Mar 09:41:49:INFO:root:Time taken to write current maps = 0.000798541 seconds
03-Mar 09:41:49:INFO:root:Solving points 7 and 8
03-Mar 09:41:49:INFO:root:Time taken to solve linear system = 0.001072106 seconds
03-Mar 09:41:49:INFO:root:Time taken to write voltage maps = 0.000246581 seconds
03-Mar 09:41:49:INFO:root:Time taken to write current maps = 0.000839941 seconds
03-Mar 09:41:49:INFO:root:Time taken to construct preconditioner = 7.645e-6 seconds
03-Mar 09:41:49:INFO:root:Time taken to construct local nodemap = 1.0578e-5 seconds
03-Mar 09:41:49:INFO:root:Solving points 44 and 45
03-Mar 09:41:49:INFO:root:Time taken to solve linear system = 0.000285075 seconds
03-Mar 09:41:49:INFO:root:Time taken to write voltage maps = 0.000440083 seconds
03-Mar 09:41:49:INFO:root:Time taken to write current maps = 0.000385536 seconds
03-Mar 09:41:49:INFO:root:Solving points 44 and 48
03-Mar 09:41:49:INFO:root:Time taken to solve linear system = 0.000131215 seconds
03-Mar 09:41:49:INFO:root:Time taken to write voltage maps = 0.00019827 seconds
03-Mar 09:41:49:INFO:root:Time taken to write current maps = 0.000314502 seconds
03-Mar 09:41:49:INFO:root:Solving points 44 and 49
03-Mar 09:41:49:INFO:root:Time taken to solve linear system = 0.000117757 seconds
03-Mar 09:41:49:INFO:root:Time taken to write voltage maps = 0.000157021 seconds
03-Mar 09:41:49:INFO:root:Time taken to write current maps = 0.000440963 seconds
03-Mar 09:41:49:INFO:root:Solving points 45 and 48
03-Mar 09:41:49:INFO:root:Time taken to solve linear system = 0.000215867 seconds
03-Mar 09:41:49:INFO:root:Time taken to write voltage maps = 8.9024e-5 seconds
03-Mar 09:41:49:INFO:root:Time taken to write current maps = 0.000305367 seconds
03-Mar 09:41:49:INFO:root:Solving points 45 and 49
03-Mar 09:41:49:INFO:root:Time taken to solve linear system = 0.000310155 seconds
03-Mar 09:41:49:INFO:root:Time taken to write voltage maps = 8.7194e-5 seconds
03-Mar 09:41:49:INFO:root:Time taken to write current maps = 0.000194689 seconds
03-Mar 09:41:49:INFO:root:Solving points 48 and 49
03-Mar 09:41:49:INFO:root:Time taken to solve linear system = 0.000300189 seconds
03-Mar 09:41:49:INFO:root:Time taken to write voltage maps = 5.8207e-5 seconds
03-Mar 09:41:49:INFO:root:Time taken to write current maps = 0.000284859 seconds
03-Mar 09:41:49:INFO:root:Time taken to construct preconditioner = 0.000158236 seconds
03-Mar 09:41:49:INFO:root:Time taken to construct local nodemap = 1.9787e-5 seconds
03-Mar 09:41:49:INFO:root:Solving points 51 and 59
03-Mar 09:41:49:INFO:root:Time taken to solve linear system = 0.000424314 seconds
03-Mar 09:41:49:INFO:root:Time taken to write voltage maps = 0.000222618 seconds
03-Mar 09:41:49:INFO:root:Time taken to write current maps = 0.000409587 seconds
03-Mar 09:41:49:INFO:root:Solving points 51 and 61
03-Mar 09:41:49:INFO:root:Time taken to solve linear system = 0.000375567 seconds
03-Mar 09:41:49:INFO:root:Time taken to write voltage maps = 0.000376739 seconds
03-Mar 09:41:49:INFO:root:Time taken to write current maps = 0.00039366 seconds
03-Mar 09:41:49:INFO:root:Solving points 59 and 61
03-Mar 09:41:49:INFO:root:Time taken to solve linear system = 0.00030362 seconds
03-Mar 09:41:49:INFO:root:Time taken to write voltage maps = 0.00017008 seconds
03-Mar 09:41:49:INFO:root:Time taken to write current maps = 0.000411561 seconds
03-Mar 09:41:49:INFO:root:Time taken to construct preconditioner = 4.5887e-5 seconds
03-Mar 09:41:49:INFO:root:Time taken to construct local nodemap = 6.466e-6 seconds
03-Mar 09:41:49:INFO:root:Solving points 58 and 66
03-Mar 09:41:49:INFO:root:Time taken to solve linear system = 7.7125e-5 seconds
03-Mar 09:41:49:INFO:root:Time taken to write voltage maps = 5.5831e-5 seconds
03-Mar 09:41:49:INFO:root:Time taken to write current maps = 0.000255518 seconds
03-Mar 09:41:49:INFO:root:Solving points 58 and 67
03-Mar 09:41:49:INFO:root:Time taken to solve linear system = 0.000293154 seconds
03-Mar 09:41:49:INFO:root:Time taken to write voltage maps = 6.3506e-5 seconds
03-Mar 09:41:49:INFO:root:Time taken to write current maps = 0.00026903 seconds
03-Mar 09:41:49:INFO:root:Solving points 66 and 67
03-Mar 09:41:49:INFO:root:Time taken to solve linear system = 0.000268305 seconds
03-Mar 09:41:49:INFO:root:Time taken to write voltage maps = 5.4374e-5 seconds
03-Mar 09:41:49:INFO:root:Time taken to write current maps = 0.000277164 seconds
03-Mar 09:41:49:INFO:root:Job took 15.903496556 seconds
03-Mar 09:41:49:INFO:root:Testing sgNetworkVerify1_branch_currents_1_2.txt
03-Mar 09:41:50:INFO:root:Test sgNetworkVerify1_branch_currents_1_2.txt passed
03-Mar 09:41:50:INFO:root:Testing sgNetworkVerify1_branch_currents_1_6.txt
03-Mar 09:41:50:INFO:root:Test sgNetworkVerify1_branch_currents_1_6.txt passed
03-Mar 09:41:50:INFO:root:Testing sgNetworkVerify1_branch_currents_1_7.txt
03-Mar 09:41:50:INFO:root:Test sgNetworkVerify1_branch_currents_1_7.txt passed
03-Mar 09:41:50:INFO:root:Testing sgNetworkVerify1_branch_currents_1_8.txt
03-Mar 09:41:50:INFO:root:Test sgNetworkVerify1_branch_currents_1_8.txt passed
03-Mar 09:41:50:INFO:root:Testing sgNetworkVerify1_branch_currents_2_6.txt
03-Mar 09:41:50:INFO:root:Test sgNetworkVerify1_branch_currents_2_6.txt passed
03-Mar 09:41:50:INFO:root:Testing sgNetworkVerify1_branch_currents_2_7.txt
03-Mar 09:41:50:INFO:root:Test sgNetworkVerify1_branch_currents_2_7.txt passed
03-Mar 09:41:50:INFO:root:Testing sgNetworkVerify1_branch_currents_2_8.txt
03-Mar 09:41:50:INFO:root:Test sgNetworkVerify1_branch_currents_2_8.txt passed
03-Mar 09:41:50:INFO:root:Testing sgNetworkVerify1_branch_currents_44_45.txt
03-Mar 09:41:50:INFO:root:Test sgNetworkVerify1_branch_currents_44_45.txt passed
03-Mar 09:41:50:INFO:root:Testing sgNetworkVerify1_branch_currents_44_48.txt
03-Mar 09:41:50:INFO:root:Test sgNetworkVerify1_branch_currents_44_48.txt passed
03-Mar 09:41:50:INFO:root:Testing sgNetworkVerify1_branch_currents_44_49.txt
03-Mar 09:41:50:INFO:root:Test sgNetworkVerify1_branch_currents_44_49.txt passed
03-Mar 09:41:50:INFO:root:Testing sgNetworkVerify1_branch_currents_45_48.txt
03-Mar 09:41:50:INFO:root:Test sgNetworkVerify1_branch_currents_45_48.txt passed
03-Mar 09:41:50:INFO:root:Testing sgNetworkVerify1_branch_currents_45_49.txt
03-Mar 09:41:50:INFO:root:Test sgNetworkVerify1_branch_currents_45_49.txt passed
03-Mar 09:41:50:INFO:root:Testing sgNetworkVerify1_branch_currents_48_49.txt
03-Mar 09:41:50:INFO:root:Test sgNetworkVerify1_branch_currents_48_49.txt passed
03-Mar 09:41:50:INFO:root:Testing sgNetworkVerify1_branch_currents_51_59.txt
03-Mar 09:41:50:INFO:root:Test sgNetworkVerify1_branch_currents_51_59.txt passed
03-Mar 09:41:50:INFO:root:Testing sgNetworkVerify1_branch_currents_51_61.txt
03-Mar 09:41:50:INFO:root:Test sgNetworkVerify1_branch_currents_51_61.txt passed
03-Mar 09:41:50:INFO:root:Testing sgNetworkVerify1_branch_currents_58_66.txt
03-Mar 09:41:50:INFO:root:Test sgNetworkVerify1_branch_currents_58_66.txt passed
03-Mar 09:41:50:INFO:root:Testing sgNetworkVerify1_branch_currents_58_67.txt
03-Mar 09:41:50:INFO:root:Test sgNetworkVerify1_branch_currents_58_67.txt passed
03-Mar 09:41:50:INFO:root:Testing sgNetworkVerify1_branch_currents_59_61.txt
03-Mar 09:41:50:INFO:root:Test sgNetworkVerify1_branch_currents_59_61.txt passed
03-Mar 09:41:50:INFO:root:Testing sgNetworkVerify1_branch_currents_66_67.txt
03-Mar 09:41:50:INFO:root:Test sgNetworkVerify1_branch_currents_66_67.txt passed
03-Mar 09:41:50:INFO:root:Testing sgNetworkVerify1_branch_currents_6_7.txt
03-Mar 09:41:50:INFO:root:Test sgNetworkVerify1_branch_currents_6_7.txt passed
03-Mar 09:41:50:INFO:root:Testing sgNetworkVerify1_branch_currents_6_8.txt
03-Mar 09:41:50:INFO:root:Test sgNetworkVerify1_branch_currents_6_8.txt passed
03-Mar 09:41:50:INFO:root:Testing sgNetworkVerify1_branch_currents_7_8.txt
03-Mar 09:41:50:INFO:root:Test sgNetworkVerify1_branch_currents_7_8.txt passed
03-Mar 09:41:50:INFO:root:Testing sgNetworkVerify1_node_currents_1_2.txt
03-Mar 09:41:50:INFO:root:Test sgNetworkVerify1_node_currents_1_2.txt passed
03-Mar 09:41:50:INFO:root:Testing sgNetworkVerify1_node_currents_1_6.txt
03-Mar 09:41:50:INFO:root:Test sgNetworkVerify1_node_currents_1_6.txt passed
03-Mar 09:41:50:INFO:root:Testing sgNetworkVerify1_node_currents_1_7.txt
03-Mar 09:41:50:INFO:root:Test sgNetworkVerify1_node_currents_1_7.txt passed
03-Mar 09:41:50:INFO:root:Testing sgNetworkVerify1_node_currents_1_8.txt
03-Mar 09:41:50:INFO:root:Test sgNetworkVerify1_node_currents_1_8.txt passed
03-Mar 09:41:50:INFO:root:Testing sgNetworkVerify1_node_currents_2_6.txt
03-Mar 09:41:50:INFO:root:Test sgNetworkVerify1_node_currents_2_6.txt passed
03-Mar 09:41:50:INFO:root:Testing sgNetworkVerify1_node_currents_2_7.txt
03-Mar 09:41:50:INFO:root:Test sgNetworkVerify1_node_currents_2_7.txt passed
03-Mar 09:41:50:INFO:root:Testing sgNetworkVerify1_node_currents_2_8.txt
03-Mar 09:41:50:INFO:root:Test sgNetworkVerify1_node_currents_2_8.txt passed
03-Mar 09:41:50:INFO:root:Testing sgNetworkVerify1_node_currents_44_45.txt
03-Mar 09:41:50:INFO:root:Test sgNetworkVerify1_node_currents_44_45.txt passed
03-Mar 09:41:50:INFO:root:Testing sgNetworkVerify1_node_currents_44_48.txt
03-Mar 09:41:50:INFO:root:Test sgNetworkVerify1_node_currents_44_48.txt passed
03-Mar 09:41:50:INFO:root:Testing sgNetworkVerify1_node_currents_44_49.txt
03-Mar 09:41:50:INFO:root:Test sgNetworkVerify1_node_currents_44_49.txt passed
03-Mar 09:41:50:INFO:root:Testing sgNetworkVerify1_node_currents_45_48.txt
03-Mar 09:41:50:INFO:root:Test sgNetworkVerify1_node_currents_45_48.txt passed
03-Mar 09:41:50:INFO:root:Testing sgNetworkVerify1_node_currents_45_49.txt
03-Mar 09:41:50:INFO:root:Test sgNetworkVerify1_node_currents_45_49.txt passed
03-Mar 09:41:50:INFO:root:Testing sgNetworkVerify1_node_currents_48_49.txt
03-Mar 09:41:50:INFO:root:Test sgNetworkVerify1_node_currents_48_49.txt passed
03-Mar 09:41:50:INFO:root:Testing sgNetworkVerify1_node_currents_51_59.txt
03-Mar 09:41:50:INFO:root:Test sgNetworkVerify1_node_currents_51_59.txt passed
03-Mar 09:41:50:INFO:root:Testing sgNetworkVerify1_node_currents_51_61.txt
03-Mar 09:41:50:INFO:root:Test sgNetworkVerify1_node_currents_51_61.txt passed
03-Mar 09:41:50:INFO:root:Testing sgNetworkVerify1_node_currents_58_66.txt
03-Mar 09:41:50:INFO:root:Test sgNetworkVerify1_node_currents_58_66.txt passed
03-Mar 09:41:50:INFO:root:Testing sgNetworkVerify1_node_currents_58_67.txt
03-Mar 09:41:50:INFO:root:Test sgNetworkVerify1_node_currents_58_67.txt passed
03-Mar 09:41:50:INFO:root:Testing sgNetworkVerify1_node_currents_59_61.txt
03-Mar 09:41:50:INFO:root:Test sgNetworkVerify1_node_currents_59_61.txt passed
03-Mar 09:41:50:INFO:root:Testing sgNetworkVerify1_node_currents_66_67.txt
03-Mar 09:41:50:INFO:root:Test sgNetworkVerify1_node_currents_66_67.txt passed
03-Mar 09:41:50:INFO:root:Testing sgNetworkVerify1_node_currents_6_7.txt
03-Mar 09:41:50:INFO:root:Test sgNetworkVerify1_node_currents_6_7.txt passed
03-Mar 09:41:50:INFO:root:Testing sgNetworkVerify1_node_currents_6_8.txt
03-Mar 09:41:50:INFO:root:Test sgNetworkVerify1_node_currents_6_8.txt passed
03-Mar 09:41:50:INFO:root:Testing sgNetworkVerify1_node_currents_7_8.txt
03-Mar 09:41:50:INFO:root:Test sgNetworkVerify1_node_currents_7_8.txt passed
03-Mar 09:41:50:INFO:root:Testing sgNetworkVerify1_voltages_1_2.txt
03-Mar 09:41:50:INFO:root:Test sgNetworkVerify1_voltages_1_2.txt passed
03-Mar 09:41:50:INFO:root:Testing sgNetworkVerify1_voltages_1_6.txt
03-Mar 09:41:50:INFO:root:Test sgNetworkVerify1_voltages_1_6.txt passed
03-Mar 09:41:50:INFO:root:Testing sgNetworkVerify1_voltages_1_7.txt
03-Mar 09:41:50:INFO:root:Test sgNetworkVerify1_voltages_1_7.txt passed
03-Mar 09:41:50:INFO:root:Testing sgNetworkVerify1_voltages_1_8.txt
03-Mar 09:41:50:INFO:root:Test sgNetworkVerify1_voltages_1_8.txt passed
03-Mar 09:41:50:INFO:root:Testing sgNetworkVerify1_voltages_2_6.txt
03-Mar 09:41:50:INFO:root:Test sgNetworkVerify1_voltages_2_6.txt passed
03-Mar 09:41:50:INFO:root:Testing sgNetworkVerify1_voltages_2_7.txt
03-Mar 09:41:50:INFO:root:Test sgNetworkVerify1_voltages_2_7.txt passed
03-Mar 09:41:50:INFO:root:Testing sgNetworkVerify1_voltages_2_8.txt
03-Mar 09:41:50:INFO:root:Test sgNetworkVerify1_voltages_2_8.txt passed
03-Mar 09:41:50:INFO:root:Testing sgNetworkVerify1_voltages_44_45.txt
03-Mar 09:41:50:INFO:root:Test sgNetworkVerify1_voltages_44_45.txt passed
03-Mar 09:41:50:INFO:root:Testing sgNetworkVerify1_voltages_44_48.txt
03-Mar 09:41:50:INFO:root:Test sgNetworkVerify1_voltages_44_48.txt passed
03-Mar 09:41:50:INFO:root:Testing sgNetworkVerify1_voltages_44_49.txt
03-Mar 09:41:50:INFO:root:Test sgNetworkVerify1_voltages_44_49.txt passed
03-Mar 09:41:50:INFO:root:Testing sgNetworkVerify1_voltages_45_48.txt
03-Mar 09:41:50:INFO:root:Test sgNetworkVerify1_voltages_45_48.txt passed
03-Mar 09:41:50:INFO:root:Testing sgNetworkVerify1_voltages_45_49.txt
03-Mar 09:41:50:INFO:root:Test sgNetworkVerify1_voltages_45_49.txt passed
03-Mar 09:41:50:INFO:root:Testing sgNetworkVerify1_voltages_48_49.txt
03-Mar 09:41:50:INFO:root:Test sgNetworkVerify1_voltages_48_49.txt passed
03-Mar 09:41:50:INFO:root:Testing sgNetworkVerify1_voltages_51_59.txt
03-Mar 09:41:50:INFO:root:Test sgNetworkVerify1_voltages_51_59.txt passed
03-Mar 09:41:50:INFO:root:Testing sgNetworkVerify1_voltages_51_61.txt
03-Mar 09:41:50:INFO:root:Test sgNetworkVerify1_voltages_51_61.txt passed
03-Mar 09:41:50:INFO:root:Testing sgNetworkVerify1_voltages_58_66.txt
03-Mar 09:41:50:INFO:root:Test sgNetworkVerify1_voltages_58_66.txt passed
03-Mar 09:41:50:INFO:root:Testing sgNetworkVerify1_voltages_58_67.txt
03-Mar 09:41:50:INFO:root:Test sgNetworkVerify1_voltages_58_67.txt passed
03-Mar 09:41:50:INFO:root:Testing sgNetworkVerify1_voltages_59_61.txt
03-Mar 09:41:50:INFO:root:Test sgNetworkVerify1_voltages_59_61.txt passed
03-Mar 09:41:50:INFO:root:Testing sgNetworkVerify1_voltages_66_67.txt
03-Mar 09:41:50:INFO:root:Test sgNetworkVerify1_voltages_66_67.txt passed
03-Mar 09:41:50:INFO:root:Testing sgNetworkVerify1_voltages_6_7.txt
03-Mar 09:41:50:INFO:root:Test sgNetworkVerify1_voltages_6_7.txt passed
03-Mar 09:41:50:INFO:root:Testing sgNetworkVerify1_voltages_6_8.txt
03-Mar 09:41:50:INFO:root:Test sgNetworkVerify1_voltages_6_8.txt passed
03-Mar 09:41:50:INFO:root:Testing sgNetworkVerify1_voltages_7_8.txt
03-Mar 09:41:50:INFO:root:Test sgNetworkVerify1_voltages_7_8.txt passed
03-Mar 09:41:50:INFO:root:Test sgNetworkVerify1 passed
03-Mar 09:41:50:INFO:root:Testing sgNetworkVerify2
03-Mar 09:41:50:INFO:root:Graph has 7 nodes, 5 focal points and 1 connected components
03-Mar 09:41:50:INFO:root:Time to construct laplacian = 5.734e-6 seconds
03-Mar 09:41:50:INFO:root:Time taken to construct preconditioner = 3.346e-6 seconds
03-Mar 09:41:50:INFO:root:Time taken to construct local nodemap = 6.227e-6 seconds
03-Mar 09:41:50:INFO:root:Solving points 1 and 2
03-Mar 09:41:50:INFO:root:Time taken to solve linear system = 0.000422315 seconds
03-Mar 09:41:50:INFO:root:Time taken to write voltage maps = 0.00018549 seconds
03-Mar 09:41:50:INFO:root:Solving points 1 and 3
03-Mar 09:41:50:INFO:root:Time taken to solve linear system = 0.00020494 seconds
03-Mar 09:41:50:INFO:root:Time taken to write voltage maps = 0.000111914 seconds
03-Mar 09:41:50:INFO:root:Solving points 1 and 4
03-Mar 09:41:50:INFO:root:Time taken to solve linear system = 0.000127292 seconds
03-Mar 09:41:50:INFO:root:Time taken to write voltage maps = 3.9262e-5 seconds
03-Mar 09:41:50:INFO:root:Solving points 1 and 5
03-Mar 09:41:50:INFO:root:Time taken to solve linear system = 0.000192091 seconds
03-Mar 09:41:50:INFO:root:Time taken to write voltage maps = 0.000111887 seconds
03-Mar 09:41:50:INFO:root:Solving points 2 and 3
03-Mar 09:41:50:INFO:root:Time taken to solve linear system = 0.000132865 seconds
03-Mar 09:41:50:INFO:root:Time taken to write voltage maps = 5.2924e-5 seconds
03-Mar 09:41:50:INFO:root:Solving points 2 and 4
03-Mar 09:41:50:INFO:root:Time taken to solve linear system = 0.000117255 seconds
03-Mar 09:41:50:INFO:root:Time taken to write voltage maps = 0.000119981 seconds
03-Mar 09:41:50:INFO:root:Solving points 2 and 5
03-Mar 09:41:50:INFO:root:Time taken to solve linear system = 0.000189426 seconds
03-Mar 09:41:50:INFO:root:Time taken to write voltage maps = 3.8e-5 seconds
03-Mar 09:41:50:INFO:root:Solving points 3 and 4
03-Mar 09:41:50:INFO:root:Time taken to solve linear system = 0.000347322 seconds
03-Mar 09:41:50:INFO:root:Time taken to write voltage maps = 0.00012629 seconds
03-Mar 09:41:50:INFO:root:Solving points 3 and 5
03-Mar 09:41:50:INFO:root:Time taken to solve linear system = 5.3829e-5 seconds
03-Mar 09:41:50:INFO:root:Time taken to write voltage maps = 3.8799e-5 seconds
03-Mar 09:41:50:INFO:root:Solving points 4 and 5
03-Mar 09:41:50:INFO:root:Time taken to solve linear system = 4.7135e-5 seconds
03-Mar 09:41:50:INFO:root:Time taken to write voltage maps = 3.6114e-5 seconds
03-Mar 09:41:50:INFO:root:Job took 0.00600093 seconds
03-Mar 09:41:50:INFO:root:Testing sgNetworkVerify2_voltages_1_2.txt
03-Mar 09:41:50:INFO:root:Test sgNetworkVerify2_voltages_1_2.txt passed
03-Mar 09:41:50:INFO:root:Testing sgNetworkVerify2_voltages_1_3.txt
03-Mar 09:41:50:INFO:root:Test sgNetworkVerify2_voltages_1_3.txt passed
03-Mar 09:41:50:INFO:root:Testing sgNetworkVerify2_voltages_1_4.txt
03-Mar 09:41:50:INFO:root:Test sgNetworkVerify2_voltages_1_4.txt passed
03-Mar 09:41:50:INFO:root:Testing sgNetworkVerify2_voltages_1_5.txt
03-Mar 09:41:50:INFO:root:Test sgNetworkVerify2_voltages_1_5.txt passed
03-Mar 09:41:50:INFO:root:Testing sgNetworkVerify2_voltages_2_3.txt
03-Mar 09:41:50:INFO:root:Test sgNetworkVerify2_voltages_2_3.txt passed
03-Mar 09:41:50:INFO:root:Testing sgNetworkVerify2_voltages_2_4.txt
03-Mar 09:41:50:INFO:root:Test sgNetworkVerify2_voltages_2_4.txt passed
03-Mar 09:41:50:INFO:root:Testing sgNetworkVerify2_voltages_2_5.txt
03-Mar 09:41:50:INFO:root:Test sgNetworkVerify2_voltages_2_5.txt passed
03-Mar 09:41:50:INFO:root:Testing sgNetworkVerify2_voltages_3_4.txt
03-Mar 09:41:50:INFO:root:Test sgNetworkVerify2_voltages_3_4.txt passed
03-Mar 09:41:50:INFO:root:Testing sgNetworkVerify2_voltages_3_5.txt
03-Mar 09:41:50:INFO:root:Test sgNetworkVerify2_voltages_3_5.txt passed
03-Mar 09:41:50:INFO:root:Testing sgNetworkVerify2_voltages_4_5.txt
03-Mar 09:41:50:INFO:root:Test sgNetworkVerify2_voltages_4_5.txt passed
03-Mar 09:41:50:INFO:root:Test sgNetworkVerify2 passed
03-Mar 09:41:50:INFO:root:Testing sgNetworkVerify3
03-Mar 09:41:50:INFO:root:Graph has 14 nodes, 7 focal points and 3 connected components
03-Mar 09:41:50:INFO:root:Time to construct laplacian = 7.406e-6 seconds
03-Mar 09:41:50:INFO:root:Time taken to construct preconditioner = 3.703e-6 seconds
03-Mar 09:41:50:INFO:root:Time taken to construct local nodemap = 4.74e-6 seconds
03-Mar 09:41:50:INFO:root:Solving points 1 and 2
03-Mar 09:41:50:INFO:root:Time taken to solve linear system = 0.00019189 seconds
03-Mar 09:41:50:INFO:root:Time taken to write voltage maps = 0.000139124 seconds
03-Mar 09:41:50:INFO:root:Solving points 1 and 6
03-Mar 09:41:50:INFO:root:Time taken to solve linear system = 0.000122708 seconds
03-Mar 09:41:50:INFO:root:Time taken to write voltage maps = 7.9728e-5 seconds
03-Mar 09:41:50:INFO:root:Solving points 1 and 9
03-Mar 09:41:50:INFO:root:Time taken to solve linear system = 0.000122793 seconds
03-Mar 09:41:50:INFO:root:Time taken to write voltage maps = 3.8438e-5 seconds
03-Mar 09:41:50:INFO:root:Solving points 1 and 12
03-Mar 09:41:50:INFO:root:Time taken to solve linear system = 0.000116789 seconds
03-Mar 09:41:50:INFO:root:Time taken to write voltage maps = 0.00011067 seconds
03-Mar 09:41:50:INFO:root:Solving points 2 and 6
03-Mar 09:41:50:INFO:root:Time taken to solve linear system = 0.000117938 seconds
03-Mar 09:41:50:INFO:root:Time taken to write voltage maps = 3.8012e-5 seconds
03-Mar 09:41:50:INFO:root:Solving points 2 and 9
03-Mar 09:41:50:INFO:root:Time taken to solve linear system = 0.000118032 seconds
03-Mar 09:41:50:INFO:root:Time taken to write voltage maps = 3.644e-5 seconds
03-Mar 09:41:50:INFO:root:Solving points 2 and 12
03-Mar 09:41:50:INFO:root:Time taken to solve linear system = 0.000180523 seconds
03-Mar 09:41:50:INFO:root:Time taken to write voltage maps = 9.0756e-5 seconds
03-Mar 09:41:50:INFO:root:Solving points 6 and 9
03-Mar 09:41:50:INFO:root:Time taken to solve linear system = 4.5384e-5 seconds
03-Mar 09:41:50:INFO:root:Time taken to write voltage maps = 3.4878e-5 seconds
03-Mar 09:41:50:INFO:root:Solving points 6 and 12
03-Mar 09:41:50:INFO:root:Time taken to solve linear system = 4.268e-5 seconds
03-Mar 09:41:50:INFO:root:Time taken to write voltage maps = 3.3025e-5 seconds
03-Mar 09:41:50:INFO:root:Solving points 9 and 12
03-Mar 09:41:50:INFO:root:Time taken to solve linear system = 4.3215e-5 seconds
03-Mar 09:41:50:INFO:root:Time taken to write voltage maps = 3.2949e-5 seconds
03-Mar 09:41:50:INFO:root:Time taken to construct preconditioner = 3.376e-6 seconds
03-Mar 09:41:50:INFO:root:Time taken to construct local nodemap = 4.776e-6 seconds
03-Mar 09:41:50:INFO:root:Solving points 7 and 14
03-Mar 09:41:50:INFO:root:Time taken to solve linear system = 4.2226e-5 seconds
03-Mar 09:41:50:INFO:root:Time taken to write voltage maps = 3.6722e-5 seconds
03-Mar 09:41:50:INFO:root:Job took 0.005367488 seconds
03-Mar 09:41:50:INFO:root:Testing sgNetworkVerify3_voltages_1_12.txt
03-Mar 09:41:50:INFO:root:Test sgNetworkVerify3_voltages_1_12.txt passed
03-Mar 09:41:50:INFO:root:Testing sgNetworkVerify3_voltages_1_2.txt
03-Mar 09:41:50:INFO:root:Test sgNetworkVerify3_voltages_1_2.txt passed
03-Mar 09:41:50:INFO:root:Testing sgNetworkVerify3_voltages_1_6.txt
03-Mar 09:41:50:INFO:root:Test sgNetworkVerify3_voltages_1_6.txt passed
03-Mar 09:41:50:INFO:root:Testing sgNetworkVerify3_voltages_1_9.txt
03-Mar 09:41:50:INFO:root:Test sgNetworkVerify3_voltages_1_9.txt passed
03-Mar 09:41:50:INFO:root:Testing sgNetworkVerify3_voltages_2_12.txt
03-Mar 09:41:50:INFO:root:Test sgNetworkVerify3_voltages_2_12.txt passed
03-Mar 09:41:50:INFO:root:Testing sgNetworkVerify3_voltages_2_6.txt
03-Mar 09:41:50:INFO:root:Test sgNetworkVerify3_voltages_2_6.txt passed
03-Mar 09:41:50:INFO:root:Testing sgNetworkVerify3_voltages_2_9.txt
03-Mar 09:41:50:INFO:root:Test sgNetworkVerify3_voltages_2_9.txt passed
03-Mar 09:41:50:INFO:root:Testing sgNetworkVerify3_voltages_6_12.txt
03-Mar 09:41:50:INFO:root:Test sgNetworkVerify3_voltages_6_12.txt passed
03-Mar 09:41:50:INFO:root:Testing sgNetworkVerify3_voltages_6_9.txt
03-Mar 09:41:50:INFO:root:Test sgNetworkVerify3_voltages_6_9.txt passed
03-Mar 09:41:50:INFO:root:Testing sgNetworkVerify3_voltages_7_14.txt
03-Mar 09:41:50:INFO:root:Test sgNetworkVerify3_voltages_7_14.txt passed
03-Mar 09:41:50:INFO:root:Testing sgNetworkVerify3_voltages_9_12.txt
03-Mar 09:41:50:INFO:root:Test sgNetworkVerify3_voltages_9_12.txt passed
03-Mar 09:41:50:INFO:root:Test sgNetworkVerify3 passed
03-Mar 09:41:50:INFO:root:Testing mgNetworkVerify1
03-Mar 09:41:52:DEBUG:root:There are 4 points and 1 connected components
03-Mar 09:41:52:INFO:root:Job took 2.518414877 seconds
03-Mar 09:41:52:INFO:root:Testing mgNetworkVerify1_branch_currents.txt
03-Mar 09:41:52:INFO:root:Test mgNetworkVerify1_branch_currents.txt passed
03-Mar 09:41:52:INFO:root:Testing mgNetworkVerify1_node_currents.txt
03-Mar 09:41:52:INFO:root:Test mgNetworkVerify1_node_currents.txt passed
03-Mar 09:41:52:INFO:root:Testing mgNetworkVerify1_voltages.txt
03-Mar 09:41:52:INFO:root:Test mgNetworkVerify1_voltages.txt passed
03-Mar 09:41:52:INFO:root:Test mgNetworkVerify1 passed
03-Mar 09:41:52:INFO:root:Testing mgNetworkVerify2
03-Mar 09:41:52:DEBUG:root:There are 5 points and 1 connected components
03-Mar 09:41:52:INFO:root:Job took 0.000844812 seconds
03-Mar 09:41:52:INFO:root:Testing mgNetworkVerify2_branch_currents.txt
03-Mar 09:41:52:INFO:root:Test mgNetworkVerify2_branch_currents.txt passed
03-Mar 09:41:52:INFO:root:Testing mgNetworkVerify2_node_currents.txt
03-Mar 09:41:52:INFO:root:Test mgNetworkVerify2_node_currents.txt passed
03-Mar 09:41:52:INFO:root:Testing mgNetworkVerify2_voltages.txt
03-Mar 09:41:52:INFO:root:Test mgNetworkVerify2_voltages.txt passed
03-Mar 09:41:52:INFO:root:Test mgNetworkVerify2 passed
03-Mar 09:41:52:INFO:root:Testing mgNetworkVerify3
03-Mar 09:41:52:DEBUG:root:There are 5 points and 1 connected components
03-Mar 09:41:52:INFO:root:Job took 0.001167433 seconds
03-Mar 09:41:52:INFO:root:Testing mgNetworkVerify3_branch_currents.txt
03-Mar 09:41:52:INFO:root:Test mgNetworkVerify3_branch_currents.txt passed
03-Mar 09:41:52:INFO:root:Testing mgNetworkVerify3_node_currents.txt
03-Mar 09:41:52:INFO:root:Test mgNetworkVerify3_node_currents.txt passed
03-Mar 09:41:52:INFO:root:Testing mgNetworkVerify3_voltages.txt
03-Mar 09:41:52:INFO:root:Test mgNetworkVerify3_voltages.txt passed
03-Mar 09:41:52:INFO:root:Test mgNetworkVerify3 passed
03-Mar 09:41:52:INFO:root:Testing sgVerify1
03-Mar 09:41:53:INFO:root:Reading maps
03-Mar 09:41:53:INFO:root:Resistance/Conductance map has 59 nodes
03-Mar 09:41:53:INFO:root:Time taken to read input = 0.0878823 seconds
03-Mar 09:41:53:INFO:root:Graph has 54 nodes, 10 focal points and 7 connected components
03-Mar 09:41:53:INFO:root:Time to construct laplacian = 0.000233439 seconds
03-Mar 09:41:53:INFO:root:Time taken to construct preconditioner = 0.000265159 seconds
03-Mar 09:41:54:INFO:root:Time taken to construct local nodemap = 0.148857472 seconds
03-Mar 09:41:54:INFO:root:Solving points 1 and 50
03-Mar 09:41:54:INFO:root:Time taken to solve linear system = 0.000746625 seconds
03-Mar 09:41:54:INFO:root:Time taken to write voltage maps = 0.083411071 seconds
03-Mar 09:41:54:INFO:root:Time taken to write current maps = 0.000278835 seconds
03-Mar 09:41:54:INFO:root:Solving points 1 and 52
03-Mar 09:41:54:INFO:root:Time taken to solve linear system = 0.000518156 seconds
03-Mar 09:41:54:INFO:root:Time taken to write voltage maps = 0.000113547 seconds
03-Mar 09:41:54:INFO:root:Time taken to write current maps = 0.000227126 seconds
03-Mar 09:41:54:INFO:root:Time taken to write voltage maps = 0.000116811 seconds
03-Mar 09:41:54:INFO:root:Time taken to write current maps = 0.000228975 seconds
03-Mar 09:41:54:INFO:root:Solving points 1 and 33
03-Mar 09:41:54:INFO:root:Time taken to solve linear system = 0.000460735 seconds
03-Mar 09:41:54:INFO:root:Time taken to write voltage maps = 0.000110484 seconds
03-Mar 09:41:54:INFO:root:Time taken to write current maps = 0.000225876 seconds
03-Mar 09:41:54:INFO:root:Solving points 1 and 46
03-Mar 09:41:54:INFO:root:Time taken to solve linear system = 0.000459486 seconds
03-Mar 09:41:54:INFO:root:Time taken to write voltage maps = 0.00010665 seconds
03-Mar 09:41:54:INFO:root:Time taken to write current maps = 0.00022229 seconds
03-Mar 09:41:54:INFO:root:Solving points 50 and 52
03-Mar 09:41:54:INFO:root:Time taken to solve linear system = 0.00061221 seconds
03-Mar 09:41:54:INFO:root:Time taken to write voltage maps = 0.000171596 seconds
03-Mar 09:41:54:INFO:root:Time taken to write current maps = 0.00086355 seconds
03-Mar 09:41:54:INFO:root:Time taken to write voltage maps = 0.000146609 seconds
03-Mar 09:41:54:INFO:root:Time taken to write current maps = 0.000415269 seconds
03-Mar 09:41:54:INFO:root:Solving points 50 and 33
03-Mar 09:41:54:INFO:root:Time taken to solve linear system = 0.000930115 seconds
03-Mar 09:41:54:INFO:root:Time taken to write voltage maps = 0.000190356 seconds
03-Mar 09:41:54:INFO:root:Time taken to write current maps = 0.00042555 seconds
03-Mar 09:41:54:INFO:root:Solving points 50 and 46
03-Mar 09:41:54:INFO:root:Time taken to solve linear system = 0.000768998 seconds
03-Mar 09:41:54:INFO:root:Time taken to write voltage maps = 0.000250712 seconds
03-Mar 09:41:54:INFO:root:Time taken to write current maps = 0.00042764 seconds
03-Mar 09:41:54:INFO:root:Solving points 52 and 33
03-Mar 09:41:54:INFO:root:Time taken to solve linear system = 0.00078625 seconds
03-Mar 09:41:54:INFO:root:Time taken to write voltage maps = 0.000146616 seconds
03-Mar 09:41:54:INFO:root:Time taken to write current maps = 0.000395649 seconds
03-Mar 09:41:54:INFO:root:Time taken to write voltage maps = 0.00022517 seconds
03-Mar 09:41:54:INFO:root:Time taken to write current maps = 0.000385271 seconds
03-Mar 09:41:54:INFO:root:Solving points 52 and 46
03-Mar 09:41:54:INFO:root:Time taken to solve linear system = 0.000734771 seconds
03-Mar 09:41:54:INFO:root:Time taken to write voltage maps = 0.000236156 seconds
03-Mar 09:41:54:INFO:root:Time taken to write current maps = 0.000373632 seconds
03-Mar 09:41:54:INFO:root:Time taken to write voltage maps = 0.000212843 seconds
03-Mar 09:41:54:INFO:root:Time taken to write current maps = 0.000354612 seconds
03-Mar 09:41:54:INFO:root:Solving points 33 and 46
03-Mar 09:41:54:INFO:root:Time taken to solve linear system = 0.000754572 seconds
03-Mar 09:41:54:INFO:root:Time taken to write voltage maps = 0.000183413 seconds
03-Mar 09:41:54:INFO:root:Time taken to write current maps = 0.000362128 seconds
03-Mar 09:41:54:INFO:root:Job took 1.549749002 seconds
03-Mar 09:41:54:INFO:root:Testing sgVerify1_curmap_1_2.asc
03-Mar 09:41:54:INFO:root:Test sgVerify1_curmap_1_2.asc passed
03-Mar 09:41:54:INFO:root:Testing sgVerify1_curmap_1_4.asc
03-Mar 09:41:54:INFO:root:Test sgVerify1_curmap_1_4.asc passed
03-Mar 09:41:54:INFO:root:Testing sgVerify1_curmap_1_5.asc
03-Mar 09:41:54:INFO:root:Test sgVerify1_curmap_1_5.asc passed
03-Mar 09:41:54:INFO:root:Testing sgVerify1_curmap_1_8.asc
03-Mar 09:41:54:INFO:root:Test sgVerify1_curmap_1_8.asc passed
03-Mar 09:41:54:INFO:root:Testing sgVerify1_curmap_1_9.asc
03-Mar 09:41:54:INFO:root:Test sgVerify1_curmap_1_9.asc passed
03-Mar 09:41:54:INFO:root:Testing sgVerify1_curmap_2_4.asc
03-Mar 09:41:54:INFO:root:Test sgVerify1_curmap_2_4.asc passed
03-Mar 09:41:54:INFO:root:Testing sgVerify1_curmap_2_5.asc
03-Mar 09:41:54:INFO:root:Test sgVerify1_curmap_2_5.asc passed
03-Mar 09:41:54:INFO:root:Testing sgVerify1_curmap_2_8.asc
03-Mar 09:41:54:INFO:root:Test sgVerify1_curmap_2_8.asc passed
03-Mar 09:41:54:INFO:root:Testing sgVerify1_curmap_2_9.asc
03-Mar 09:41:54:INFO:root:Test sgVerify1_curmap_2_9.asc passed
03-Mar 09:41:54:INFO:root:Testing sgVerify1_curmap_4_8.asc
03-Mar 09:41:54:INFO:root:Test sgVerify1_curmap_4_8.asc passed
03-Mar 09:41:54:INFO:root:Testing sgVerify1_curmap_4_9.asc
03-Mar 09:41:54:INFO:root:Test sgVerify1_curmap_4_9.asc passed
03-Mar 09:41:54:INFO:root:Testing sgVerify1_curmap_5_8.asc
03-Mar 09:41:54:INFO:root:Test sgVerify1_curmap_5_8.asc passed
03-Mar 09:41:54:INFO:root:Testing sgVerify1_curmap_5_9.asc
03-Mar 09:41:54:INFO:root:Test sgVerify1_curmap_5_9.asc passed
03-Mar 09:41:54:INFO:root:Testing sgVerify1_curmap_8_9.asc
03-Mar 09:41:54:INFO:root:Test sgVerify1_curmap_8_9.asc passed
03-Mar 09:41:54:INFO:root:Testing sgVerify1_voltmap_1_2.asc
03-Mar 09:41:54:INFO:root:Test sgVerify1_voltmap_1_2.asc passed
03-Mar 09:41:54:INFO:root:Testing sgVerify1_voltmap_1_4.asc
03-Mar 09:41:54:INFO:root:Test sgVerify1_voltmap_1_4.asc passed
03-Mar 09:41:54:INFO:root:Testing sgVerify1_voltmap_1_5.asc
03-Mar 09:41:54:INFO:root:Test sgVerify1_voltmap_1_5.asc passed
03-Mar 09:41:54:INFO:root:Testing sgVerify1_voltmap_1_8.asc
03-Mar 09:41:54:INFO:root:Test sgVerify1_voltmap_1_8.asc passed
03-Mar 09:41:54:INFO:root:Testing sgVerify1_voltmap_1_9.asc
03-Mar 09:41:54:INFO:root:Test sgVerify1_voltmap_1_9.asc passed
03-Mar 09:41:54:INFO:root:Testing sgVerify1_voltmap_2_4.asc
03-Mar 09:41:54:INFO:root:Test sgVerify1_voltmap_2_4.asc passed
03-Mar 09:41:54:INFO:root:Testing sgVerify1_voltmap_2_5.asc
03-Mar 09:41:54:INFO:root:Test sgVerify1_voltmap_2_5.asc passed
03-Mar 09:41:54:INFO:root:Testing sgVerify1_voltmap_2_8.asc
03-Mar 09:41:54:INFO:root:Test sgVerify1_voltmap_2_8.asc passed
03-Mar 09:41:54:INFO:root:Testing sgVerify1_voltmap_2_9.asc
03-Mar 09:41:54:INFO:root:Test sgVerify1_voltmap_2_9.asc passed
03-Mar 09:41:54:INFO:root:Testing sgVerify1_voltmap_4_8.asc
03-Mar 09:41:54:INFO:root:Test sgVerify1_voltmap_4_8.asc passed
03-Mar 09:41:54:INFO:root:Testing sgVerify1_voltmap_4_9.asc
03-Mar 09:41:54:INFO:root:Test sgVerify1_voltmap_4_9.asc passed
03-Mar 09:41:54:INFO:root:Testing sgVerify1_voltmap_5_8.asc
03-Mar 09:41:54:INFO:root:Test sgVerify1_voltmap_5_8.asc passed
03-Mar 09:41:54:INFO:root:Testing sgVerify1_voltmap_5_9.asc
03-Mar 09:41:54:INFO:root:Test sgVerify1_voltmap_5_9.asc passed
03-Mar 09:41:54:INFO:root:Testing sgVerify1_voltmap_8_9.asc
03-Mar 09:41:54:INFO:root:Test sgVerify1_voltmap_8_9.asc passed
03-Mar 09:41:54:INFO:root:Test sgVerify1 passed
03-Mar 09:41:54:INFO:root:Testing sgVerify2
03-Mar 09:41:54:INFO:root:Reading maps
03-Mar 09:41:54:INFO:root:Resistance/Conductance map has 7 nodes
03-Mar 09:41:54:INFO:root:Time taken to read input = 0.000901904 seconds
03-Mar 09:41:54:INFO:root:Graph has 6 nodes, 5 focal points and 1 connected components
03-Mar 09:41:54:INFO:root:Time to construct laplacian = 7.812e-6 seconds
03-Mar 09:41:54:INFO:root:Time taken to construct preconditioner = 3.88e-6 seconds
03-Mar 09:41:54:INFO:root:Time taken to construct local nodemap = 1.8523e-5 seconds
03-Mar 09:41:54:INFO:root:Solving points 1 and 2
03-Mar 09:41:54:INFO:root:Time taken to solve linear system = 0.000136269 seconds
03-Mar 09:41:54:INFO:root:Time taken to write voltage maps = 0.000137416 seconds
03-Mar 09:41:54:INFO:root:Time taken to write current maps = 0.000249839 seconds
03-Mar 09:41:54:INFO:root:Time taken to write voltage maps = 5.852e-5 seconds
03-Mar 09:41:54:INFO:root:Time taken to write current maps = 0.000115697 seconds
03-Mar 09:41:54:INFO:root:Solving points 1 and 3
03-Mar 09:41:54:INFO:root:Time taken to solve linear system = 9.2991e-5 seconds
03-Mar 09:41:54:INFO:root:Time taken to write voltage maps = 6.6626e-5 seconds
03-Mar 09:41:54:INFO:root:Time taken to write current maps = 0.000116409 seconds
03-Mar 09:41:54:INFO:root:Time taken to write voltage maps = 6.066e-5 seconds
