>>> 'Pkg.add("MatrixDepot")' log
INFO: Cloning cache of MatrixDepot from git://github.com/weijianzhang/MatrixDepot.jl.git
INFO: Cloning cache of MatrixMarket from git://github.com/JuliaSparse/MatrixMarket.jl.git
INFO: Installing Docile v0.5.19
INFO: Installing GZip v0.2.18
INFO: Installing MatrixDepot v0.4.2
INFO: Installing MatrixMarket v0.0.1
INFO: Package database updated

>>> 'Pkg.test("MatrixDepot")' log
Julia Version 0.4.1
Commit cbe1bee* (2015-11-08 10:33 UTC)
Platform Info:
  System: Linux (x86_64-unknown-linux-gnu)
  CPU: Intel(R) Xeon(R) CPU E3-1241 v3 @ 3.50GHz
  WORD_SIZE: 64
  BLAS: libopenblas (USE64BITINT DYNAMIC_ARCH NO_AFFINITY Nehalem)
  LAPACK: libopenblas64_
  LIBM: libopenlibm
  LLVM: libLLVM-3.3
INFO: Testing MatrixDepot
'cauchy' passed test...
'circul' passed test...
hadamard: arguementerror
'hadamard' passed test...
'hilb' passed test...
'dingdong' passed test...
'frank' passed test...
'invhilb' passed test...
'forsythe' passed test...
'magic' passed test...
'grcar' passed test...
'triw' passed test...
'moler' passed test...
'pascal' passed test...
'kahan' passed test...
'pei' passed test...
'vand' passed test...
'invol' passed test...
'chebspec' passed test...
'lotkin' passed test...
'clement' passed test...
'fiedler' passed test...
'minij' passed test...
'binomial' passed test...
'tridiag' passed test...
'lehmer' passed test...
'parter' passed test...
'chow' passed test...
'randcorr' passed test...
'poisson' passed test...
'neumann' passed test...
'rosser' passed test...
'sampling' passed test...
'wilkinson' passed test...
rando: invalid k value
'rando' passed test...
randsvd: invalid mode value
'randsvd' passed test...
'rohess' passed test...
'kms' passed test...
'wathen' passed test...
oscillate invalid mode value
'oscillate' passed test...
'toeplitz' passed test...
'prolate' passed test...
'hankel' passed test...
'golub' passed test...
'companion' passed test...
running /home/vagrant/.julia/v0.4/MatrixDepot/test/common.jl ...

Matrices:
   1) baart            2) binomial         3) blur             4) cauchy        
   5) chebspec         6) chow             7) circul           8) clement       
   9) companion       10) deriv2          11) dingdong        12) fiedler       
  13) forsythe        14) foxgood         15) frank           16) golub         
  17) gravity         18) grcar           19) hadamard        20) hankel        
  21) heat            22) hilb            23) invhilb         24) invol         
  25) kahan           26) kms             27) lehmer          28) lotkin        
  29) magic           30) minij           31) moler           32) neumann       
  33) oscillate       34) parter          35) pascal          36) pei           
  37) phillips        38) poisson         39) prolate         40) randcorr      
  41) rando           42) randsvd         43) rohess          44) rosser        
  45) sampling        46) shaw            47) spikes          48) toeplitz      
  49) tridiag         50) triw            51) ursell          52) vand          
  53) wathen          54) wilkinson       55) wing          
Groups:
  all           data          eigen         ill-cond    
  inverse       pos-def       random        regprob     
  sparse        symmetric   
matrixdepot: no information for `something`
Grcar Matrix:
             The Grcar matrix is a Toeplitz matrix with sensitive 
             eigenvalues.
             
 Input options:
             
 1. [type,] dim, k: dim is the dimension of the matrix and
             k is the number of superdiagonals;
             
 2. [type,] dim: the dimension of the matrix.
             
 ['eigen']
             
 Reference: J. F. Grcar, Operator coefficient methods
             for linear equations, Report SAND89-8691, Sandia National
             Laboratories, Albuquerque, New Mexico, 1989 (Appendix 2).
WARNING: Method definition remote_do(Function, Main.Base.LocalProcess, Any...) in module Compat at /home/vagrant/.julia/v0.4/Compat/src/Compat.jl:697 overwritten in module Compat at /home/vagrant/.julia/v0.4/Compat/src/Compat.jl:697.
WARNING: Method definition remote_do(Function, Main.Base.Worker, Any...) in module Compat at /home/vagrant/.julia/v0.4/Compat/src/Compat.jl:698 overwritten in module Compat at /home/vagrant/.julia/v0.4/Compat/src/Compat.jl:698.
WARNING: Method definition remote_do(Function, Integer, Any...) in module Compat at /home/vagrant/.julia/v0.4/Compat/src/Compat.jl:699 overwritten in module Compat at /home/vagrant/.julia/v0.4/Compat/src/Compat.jl:699.
WARNING: Method definition remotecall_fetch(Function, Main.Base.LocalProcess, Any...) in module Compat at /home/vagrant/.julia/v0.4/Compat/src/Compat.jl:697 overwritten in module Compat at /home/vagrant/.julia/v0.4/Compat/src/Compat.jl:697.
WARNING: Method definition remotecall_fetch(Function, Main.Base.Worker, Any...) in module Compat at /home/vagrant/.julia/v0.4/Compat/src/Compat.jl:698 overwritten in module Compat at /home/vagrant/.julia/v0.4/Compat/src/Compat.jl:698.
WARNING: Method definition remotecall_fetch(Function, Integer, Any...) in module Compat at /home/vagrant/.julia/v0.4/Compat/src/Compat.jl:699 overwritten in module Compat at /home/vagrant/.julia/v0.4/Compat/src/Compat.jl:699.
WARNING: Method definition remotecall(Function, Main.Base.LocalProcess, Any...) in module Compat at /home/vagrant/.julia/v0.4/Compat/src/Compat.jl:697 overwritten in module Compat at /home/vagrant/.julia/v0.4/Compat/src/Compat.jl:697.
WARNING: Method definition remotecall(Function, Main.Base.Worker, Any...) in module Compat at /home/vagrant/.julia/v0.4/Compat/src/Compat.jl:698 overwritten in module Compat at /home/vagrant/.julia/v0.4/Compat/src/Compat.jl:698.
WARNING: Method definition remotecall(Function, Integer, Any...) in module Compat at /home/vagrant/.julia/v0.4/Compat/src/Compat.jl:699 overwritten in module Compat at /home/vagrant/.julia/v0.4/Compat/src/Compat.jl:699.
WARNING: Method definition remotecall_wait(Function, Main.Base.LocalProcess, Any...) in module Compat at /home/vagrant/.julia/v0.4/Compat/src/Compat.jl:697 overwritten in module Compat at /home/vagrant/.julia/v0.4/Compat/src/Compat.jl:697.
WARNING: Method definition remotecall_wait(Function, Main.Base.Worker, Any...) in module Compat at /home/vagrant/.julia/v0.4/Compat/src/Compat.jl:698 overwritten in module Compat at /home/vagrant/.julia/v0.4/Compat/src/Compat.jl:698.
WARNING: Method definition remotecall_wait(Function, Integer, Any...) in module Compat at /home/vagrant/.julia/v0.4/Compat/src/Compat.jl:699 overwritten in module Compat at /home/vagrant/.julia/v0.4/Compat/src/Compat.jl:699.
WARNING: Method definition search(AbstractString) in module MatrixDepot at /home/vagrant/.julia/v0.4/MatrixDepot/src/download.jl:72 overwritten in module MatrixDepot at /home/vagrant/.julia/v0.4/MatrixDepot/src/download.jl:72.
running /home/vagrant/.julia/v0.4/MatrixDepot/test/download.jl ...
  % Total    % Received % Xferd  Average Speed   Time    Time     Time  Current
                                 Dload  Upload   Total   Spent    Left  Speed
  0     0    0     0    0     0      0      0 --:--:-- --:--:-- --:--:--     0  0     0    0     0    0     0      0      0 --:--:--  0:00:01 --:--:--     0  0     0    0     0    0     0      0      0 --:--:--  0:00:02 --:--:--     0  0     0    0     0    0     0      0      0 --:--:--  0:00:03 --:--:--     0  0     0    0     0    0     0      0      0 --:--:--  0:00:04 --:--:--     0  0     0    0     0    0     0      0      0 --:--:--  0:00:05 --:--:--     0100  1195    0  1195    0     0    213      0 --:--:--  0:00:05 --:--:--   291100 1887k    0 1887k    0     0   314k      0 --:--:--  0:00:06 --:--:--  540k
  % Total    % Received % Xferd  Average Speed   Time    Time     Time  Current
                                 Dload  Upload   Total   Spent    Left  Speed
  0     0    0     0    0     0      0      0 --:--:-- --:--:-- --:--:--     0  0     0    0     0    0     0      0      0 --:--:--  0:00:01 --:--:--     0  0     0    0     0    0     0      0      0 --:--:--  0:00:02 --:--:--     0  0     0    0     0    0     0      0      0 --:--:--  0:00:03 --:--:--     0  0     0    0     0    0     0      0      0 --:--:--  0:00:04 --:--:--     0  0     0    0     0    0     0      0      0 --:--:--  0:00:05 --:--:--     0  0     0    0     0    0     0      0      0 --:--:--  0:00:05 --:--:--     0100 41552    0 41552    0     0   7265      0 --:--:--  0:00:05 --:--:-- 12980
  % Total    % Received % Xferd  Average Speed   Time    Time     Time  Current
                                 Dload  Upload   Total   Spent    Left  Speed
  0     0    0     0    0     0      0      0 --:--:-- --:--:-- --:--:--     0  0     0    0     0    0     0      0      0 --:--:-- --:--:-- --:--:--     0  0     0    0     0    0     0      0      0 --:--:--  0:00:01 --:--:--     0  0     0    0     0    0     0      0      0 --:--:--  0:00:02 --:--:--     0  0     0    0     0    0     0      0      0 --:--:--  0:00:03 --:--:--     0  0     0    0     0    0     0      0      0 --:--:--  0:00:04 --:--:--     0  0     0    0     0    0     0      0      0 --:--:--  0:00:05 --:--:--     0100 19829  100 19829    0     0   3512      0  0:00:05  0:00:05 --:--:--  4802
download:/home/vagrant/.julia/v0.4/MatrixDepot/src/../data/uf/HB/1138_bus.tar.gz
1138_bus/1138_bus.mtx

%%MatrixMarket matrix coordinate real symmetric
%-------------------------------------------------------------------------------
% UF Sparse Matrix Collection, Tim Davis
% http://www.cise.ufl.edu/research/sparse/matrices/HB/1138_bus
% name: HB/1138_bus
% [S ADMITTANCE MATRIX 1138 BUS POWER SYSTEM, D.J.TYLAVSKY, JULY 1985.]
% id: 1
% date: 1985
% author: D. Tylavsky
% ed: I. Duff, R. Grimes, J. Lewis
% fields: title A name id date author ed kind
% kind: power network problem
%-------------------------------------------------------------------------------

use matrixdepot("HB/1138_bus", :read) to read the data
  % Total    % Received % Xferd  Average Speed   Time    Time     Time  Current
                                 Dload  Upload   Total   Spent    Left  Speed
  0     0    0     0    0     0      0      0 --:--:-- --:--:-- --:--:--     0  0     0    0     0    0     0      0      0 --:--:-- --:--:-- --:--:--     0  0     0    0     0    0     0      0      0 --:--:--  0:00:01 --:--:--     0  0     0    0     0    0     0      0      0 --:--:--  0:00:02 --:--:--     0  0     0    0     0    0     0      0      0 --:--:--  0:00:03 --:--:--     0  0     0    0     0    0     0      0      0 --:--:--  0:00:04 --:--:--     0  0     0    0     0    0     0      0      0 --:--:--  0:00:05 --:--:--     0100 1887k    0 1887k    0     0   314k      0 --:--:--  0:00:06 --:--:--  420k
  % Total    % Received % Xferd  Average Speed   Time    Time     Time  Current
                                 Dload  Upload   Total   Spent    Left  Speed
  0     0    0     0    0     0      0      0 --:--:-- --:--:-- --:--:--     0  0     0    0     0    0     0      0      0 --:--:-- --:--:-- --:--:--     0  0     0    0     0    0     0      0      0 --:--:--  0:00:01 --:--:--     0  0     0    0     0    0     0      0      0 --:--:--  0:00:02 --:--:--     0  0     0    0     0    0     0      0      0 --:--:--  0:00:03 --:--:--     0  0     0    0     0    0     0      0      0 --:--:--  0:00:04 --:--:--     0  0     0    0     0    0     0      0      0 --:--:--  0:00:05 --:--:--     0100 41552    0 41552    0     0   7303      0 --:--:--  0:00:05 --:--:--  9947
Downloading all matrices in group Bates...
  % Total    % Received % Xferd  Average Speed   Time    Time     Time  Current
                                 Dload  Upload   Total   Spent    Left  Speed
  0     0    0     0    0     0      0      0 --:--:-- --:--:-- --:--:--     0  0     0    0     0    0     0      0      0 --:--:-- --:--:-- --:--:--     0  0     0    0     0    0     0      0      0 --:--:--  0:00:01 --:--:--     0  0     0    0     0    0     0      0      0 --:--:--  0:00:02 --:--:--     0  0     0    0     0    0     0      0      0 --:--:--  0:00:03 --:--:--     0  0     0    0     0    0     0      0      0 --:--:--  0:00:04 --:--:--     0  0     0    0     0    0     0      0      0 --:--:--  0:00:05 --:--:--     0100  126k  100  126k    0     0  22683      0  0:00:05  0:00:05 --:--:-- 30882
download:/home/vagrant/.julia/v0.4/MatrixDepot/src/../data/uf/Bates/Chem97Zt.tar.gz
Chem97Zt/Chem97Zt.mtx
  % Total    % Received % Xferd  Average Speed   Time    Time     Time  Current
                                 Dload  Upload   Total   Spent    Left  Speed
  0     0    0     0    0     0      0      0 --:--:-- --:--:-- --:--:--     0  0     0    0     0    0     0      0      0 --:--:-- --:--:-- --:--:--     0  0     0    0     0    0     0      0      0 --:--:--  0:00:01 --:--:--     0  0     0    0     0    0     0      0      0 --:--:--  0:00:02 --:--:--     0  0     0    0     0    0     0      0      0 --:--:--  0:00:03 --:--:--     0  0     0    0     0    0     0      0      0 --:--:--  0:00:04 --:--:--     0  0     0    0     0    0     0      0      0 --:--:--  0:00:05 --:--:--     0100 23433  100 23433    0     0   4142      0  0:00:05  0:00:05 --:--:--  5660
download:/home/vagrant/.julia/v0.4/MatrixDepot/src/../data/uf/Bates/Chem97ZtZ.tar.gz
Chem97ZtZ/Chem97ZtZ.mtx
  % Total    % Received % Xferd  Average Speed   Time    Time     Time  Current
                                 Dload  Upload   Total   Spent    Left  Speed
  0     0    0     0    0     0      0      0 --:--:-- --:--:-- --:--:--     0  0     0    0     0    0     0      0      0 --:--:--  0:00:01 --:--:--     0  0     0    0     0    0     0      0      0 --:--:--  0:00:02 --:--:--     0  0     0    0     0    0     0      0      0 --:--:--  0:00:03 --:--:--     0  0     0    0     0    0     0      0      0 --:--:--  0:00:04 --:--:--     0  0     0    0     0    0     0      0      0 --:--:--  0:00:05 --:--:--     0  0 20.4M    0 15928    0     0   2709      0  2:11:37  0:00:05  2:11:32  3858 41 20.4M   41 8772k    0     0  1281k      0  0:00:16  0:00:06  0:00:10 2143k 59 20.4M   59 12.1M    0     0  1513k      0  0:00:13  0:00:08  0:00:05 2787k100 20.4M  100 20.4M    0     0  2386k      0  0:00:08  0:00:08 --:--:-- 5225k
download:/home/vagrant/.julia/v0.4/MatrixDepot/src/../data/uf/Bates/sls.tar.gz
sls/sls.mtx

%%MatrixMarket matrix coordinate pattern general
%-------------------------------------------------------------------------------
% UF Sparse Matrix Collection, Tim Davis
% http://www.cise.ufl.edu/research/sparse/matrices/Bates/Chem97Zt
% name: Bates/Chem97Zt
% [Mixed-effects model from D. Bates, Univ. Wisc.]
% id: 1400
% date: 2006
% author: D. Bates
% ed: T. Davis
% fields: name title A id date author ed kind
% kind: statistical/mathematical problem
%-------------------------------------------------------------------------------

use matrixdepot("Bates/Chem97Zt", :read) to read the data

Matrices:
   1) baart            2) binomial         3) blur             4) cauchy        
   5) chebspec         6) chow             7) circul           8) clement       
   9) companion       10) deriv2          11) dingdong        12) fiedler       
  13) forsythe        14) foxgood         15) frank           16) golub         
  17) gravity         18) grcar           19) hadamard        20) hankel        
  21) heat            22) hilb            23) invhilb         24) invol         
  25) kahan           26) kms             27) lehmer          28) lotkin        
  29) magic           30) minij           31) moler           32) neumann       
  33) oscillate       34) parter          35) pascal          36) pei           
  37) phillips        38) poisson         39) prolate         40) randcorr      
  41) rando           42) randsvd         43) rohess          44) rosser        
  45) sampling        46) shaw            47) spikes          48) toeplitz      
  49) tridiag         50) triw            51) ursell          52) vand          
  53) wathen          54) wilkinson       55) wing            56) Bates/Chem97Zt
  57) Bates/Chem97ZtZ
  58) Bates/sls       59) HB/1138_bus   
Groups:
  all           data          eigen         ill-cond    
  inverse       pos-def       random        regprob     
  sparse        symmetric     newlist     
download error: unknown argument :g
running /home/vagrant/.julia/v0.4/MatrixDepot/test/number.jl ...
running /home/vagrant/.julia/v0.4/MatrixDepot/test/property.jl ...
running /home/vagrant/.julia/v0.4/MatrixDepot/test/regu.jl ...
Test problems for Regularization Methods
A:
[3.6978294804515126e-8 3.7053911360859715e-6 5.563276347005609e-5 0.00034820217798726586 0.0013025317504333199 0.003318150425499689 0.005954453615067234 0.007255497748034441 0.005090399675553211 0.0008759071160553215 0.001400752495389831 0.013800812616649831 0.037153880164963786 0.06090884775275282 0.07304323018562602 0.06899620014044516 0.052949283657267844 0.03282124092669037 0.015251126809933273 0.0038678218739815057
 3.7053911360859715e-6 2.7370592931992236e-5 0.0001722734546545472 0.0007454080118639968 0.002289106703361647 0.0051432229765881335 0.008399033994182733 0.009364154821498325 0.005776781048311068 0.0005516339432358574 0.003227002314304853 0.02266447475098762 0.056564584909010895 0.09048064434362733 0.10871740798246907 0.1053821578224087 0.08560907917609906 0.05916989418237482 0.034241310289904056 0.015251126809933273
 5.563276347005609e-5 0.0001722734546545472 0.0005784423553638913 0.0017233036128631797 0.004187441272535559 0.007963210632218122 0.011283263230168285 0.010726734892846028 0.004909765776067419 1.627467634225706e-6 0.009233634027487603 0.04185792367291875 0.09121719619006242 0.1367401582177206 0.15917553563484704 0.15313221913275604 0.12656932490891806 0.09201511845106104 0.05916989418237482 0.03282124092669037
 0.00034820217798726586 0.0007454080118639968 0.0017233036128631797 0.0038169935392253413 0.007385396434417608 0.0116091184334992 0.013589626805598498 0.009904625059207235 0.002152008262161376 0.0019549496148913463 0.026012785063541585 0.08035174935000744 0.1494147518549583 0.2046854952730204 0.22526627339717692 0.20977153809076077 0.1715339434808474 0.12656932490891806 0.08560907917609906 0.052949283657267844
 0.0013025317504333199 0.002289106703361647 0.004187441272535559 0.007385396434417608 0.011560058967585071 0.01467278131292602 0.01314857497706046 0.005693241439597817 1.581210452444057e-5 0.014412791905135763 0.06561445541476084 0.14967480853813217 0.23734684093045516 0.29314386394429126 0.29978218122184896 0.2650139287451155 0.20977153809076077 0.15313221913275604 0.1053821578224087 0.06899620014044516
 0.003318150425499689 0.0051432229765881335 0.007963210632218122 0.0116091184334992 0.01467278131292602 0.014208265915351211 0.007974874186545135 0.000430394897953708 0.007929896021255371 0.05279882242092806 0.14337914802322851 0.257343204439282 0.350576341337139 0.3874929370286055 0.3633046019728432 0.29978218122184896 0.22526627339717692 0.15917553563484704 0.10871740798246907 0.07304323018562602
 0.005954453615067234 0.008399033994182733 0.011283263230168285 0.013589626805598498 0.01314857497706046 0.007974874186545135 0.0008413099825010385 0.0052806357302356355 0.044649364285078715 0.13609033106836946 0.2676825090097881 0.39428432111578876 0.4646736680314729 0.4567845872371113 0.3874929370286055 0.29314386394429126 0.2046854952730204 0.1367401582177206 0.09048064434362733 0.06090884775275282
 0.007255497748034441 0.009364154821498325 0.010726734892846028 0.009904625059207235 0.005693241439597817 0.000430394897953708 0.0052806357302356355 0.041909871584253564 0.13156292211810652 0.2720348835096348 0.4232229875521587 0.5246295394644926 0.5363034122668976 0.4646736680314729 0.350576341337139 0.23734684093045516 0.1494147518549583 0.09121719619006242 0.056564584909010895 0.037153880164963786
 0.005090399675553211 0.005776781048311068 0.004909765776067419 0.002152008262161376 1.581210452444057e-5 0.007929896021255371 0.044649364285078715 0.13156292211810652 0.2731526374599947 0.43752192406957247 0.5625258570738652 0.5940772204280546 0.5246295394644926 0.39428432111578876 0.257343204439282 0.14967480853813217 0.08035174935000744 0.04185792367291875 0.02266447475098762 0.013800812616649831
 0.0008759071160553215 0.0005516339432358574 1.627467634225706e-6 0.0019549496148913463 0.014412791905135763 0.05279882242092806 0.13609033106836946 0.2720348835096348 0.43752192406957247 0.5754764985596096 0.6244507088439771 0.5625258570738652 0.4232229875521587 0.2676825090097881 0.14337914802322851 0.06561445541476084 0.026012785063541585 0.009233634027487603 0.003227002314304853 0.001400752495389831
 0.001400752495389831 0.003227002314304853 0.009233634027487603 0.026012785063541585 0.06561445541476084 0.14337914802322851 0.2676825090097881 0.4232229875521587 0.5625258570738652 0.6244507088439771 0.5754764985596096 0.43752192406957247 0.2720348835096348 0.13609033106836946 0.05279882242092806 0.014412791905135763 0.0019549496148913463 1.627467634225706e-6 0.0005516339432358574 0.0008759071160553215
 0.013800812616649831 0.02266447475098762 0.04185792367291875 0.08035174935000744 0.14967480853813217 0.257343204439282 0.39428432111578876 0.5246295394644926 0.5940772204280546 0.5625258570738652 0.43752192406957247 0.2731526374599947 0.13156292211810652 0.044649364285078715 0.007929896021255371 1.581210452444057e-5 0.002152008262161376 0.004909765776067419 0.005776781048311068 0.005090399675553211
 0.037153880164963786 0.056564584909010895 0.09121719619006242 0.1494147518549583 0.23734684093045516 0.350576341337139 0.4646736680314729 0.5363034122668976 0.5246295394644926 0.4232229875521587 0.2720348835096348 0.13156292211810652 0.041909871584253564 0.0052806357302356355 0.000430394897953708 0.005693241439597817 0.009904625059207235 0.010726734892846028 0.009364154821498325 0.007255497748034441
 0.06090884775275282 0.09048064434362733 0.1367401582177206 0.2046854952730204 0.29314386394429126 0.3874929370286055 0.4567845872371113 0.4646736680314729 0.39428432111578876 0.2676825090097881 0.13609033106836946 0.044649364285078715 0.0052806357302356355 0.0008413099825010385 0.007974874186545135 0.01314857497706046 0.013589626805598498 0.011283263230168285 0.008399033994182733 0.005954453615067234
 0.07304323018562602 0.10871740798246907 0.15917553563484704 0.22526627339717692 0.29978218122184896 0.3633046019728432 0.3874929370286055 0.350576341337139 0.257343204439282 0.14337914802322851 0.05279882242092806 0.007929896021255371 0.000430394897953708 0.007974874186545135 0.014208265915351211 0.01467278131292602 0.0116091184334992 0.007963210632218122 0.0051432229765881335 0.003318150425499689
 0.06899620014044516 0.1053821578224087 0.15313221913275604 0.20977153809076077 0.2650139287451155 0.29978218122184896 0.29314386394429126 0.23734684093045516 0.14967480853813217 0.06561445541476084 0.014412791905135763 1.581210452444057e-5 0.005693241439597817 0.01314857497706046 0.01467278131292602 0.011560058967585071 0.007385396434417608 0.004187441272535559 0.002289106703361647 0.0013025317504333199
 0.052949283657267844 0.08560907917609906 0.12656932490891806 0.1715339434808474 0.20977153809076077 0.22526627339717692 0.2046854952730204 0.1494147518549583 0.08035174935000744 0.026012785063541585 0.0019549496148913463 0.002152008262161376 0.009904625059207235 0.013589626805598498 0.0116091184334992 0.007385396434417608 0.0038169935392253413 0.0017233036128631797 0.0007454080118639968 0.00034820217798726586
 0.03282124092669037 0.05916989418237482 0.09201511845106104 0.12656932490891806 0.15313221913275604 0.15917553563484704 0.1367401582177206 0.09121719619006242 0.04185792367291875 0.009233634027487603 1.627467634225706e-6 0.004909765776067419 0.010726734892846028 0.011283263230168285 0.007963210632218122 0.004187441272535559 0.0017233036128631797 0.0005784423553638913 0.0001722734546545472 5.563276347005609e-5
 0.015251126809933273 0.034241310289904056 0.05916989418237482 0.08560907917609906 0.1053821578224087 0.10871740798246907 0.09048064434362733 0.056564584909010895 0.02266447475098762 0.003227002314304853 0.0005516339432358574 0.005776781048311068 0.009364154821498325 0.008399033994182733 0.0051432229765881335 0.002289106703361647 0.0007454080118639968 0.0001722734546545472 2.7370592931992236e-5 3.7053911360859715e-6
 0.0038678218739815057 0.015251126809933273 0.03282124092669037 0.052949283657267844 0.06899620014044516 0.07304323018562602 0.06090884775275282 0.037153880164963786 0.013800812616649831 0.001400752495389831 0.0008759071160553215 0.005090399675553211 0.007255497748034441 0.005954453615067234 0.003318150425499689 0.0013025317504333199 0.00034820217798726586 5.563276347005609e-5 3.7053911360859715e-6 3.6978294804515126e-8]
b:
[0.549723813022872,0.847364658731379,1.2656491896412414,1.8136899722325404,2.451370055149277,3.067078113362996,3.5015487829516694,3.637244167104579,3.4976979803735477,3.2444161072251383,3.0388416443483486,2.9027222223535056,2.730164367800989,2.422287776708367,1.9833678439295768,1.499520588432105,1.0619104792811,0.7184593905976603,0.4731748322598524,0.30720337080871024]
x:
[0.13957600811265403,0.2478229164774714,0.3986658238244622,0.581049866523349,0.7672814873088477,0.9179814346869385,0.9950921938553342,0.9776289903207771,0.8727458801851291,0.7204831533724753,0.6000544329615445,0.6346445210796716,0.9423250419611289,1.4840189623299618,1.952870396316252,1.9757581029602034,1.501690133828718,0.8518159740111235,0.35986269701602924,0.1131536618341434]
Test problems for Regularization Methods with No Solution
A:
Float32[0.12532727 0.111341655 0.10016635 0.09103542 0.0834307 0.07699959 0.07149034
        0.111341655 0.10016635 0.09103542 0.0834307 0.07699959 0.07149034 0.06671782
        0.10016635 0.09103542 0.0834307 0.07699959 0.07149034 0.06671782 0.062543824
        0.09103542 0.0834307 0.07699959 0.07149034 0.06671782 0.062543824 0.05885549
        0.0834307 0.07699959 0.07149034 0.06671782 0.062543824 0.05885549 0.055584107
        0.07699959 0.07149034 0.06671782 0.062543824 0.05885549 0.055584107 0.052652024
        0.07149034 0.06671782 0.062543824 0.05885549 0.055584107 0.052652024 0.05002215]
b:
Float32[0.3779645f0,0.3779645f0,0.3779645f0,0.3779645f0,0.3779645f0,0.3779645f0,0.3779645f0]
Success in all tests.
INFO: MatrixDepot tests passed

>>> End of log
