>>> 'Pkg.add("MLKernels")' log
INFO: Cloning cache of MLKernels from https://github.com/trthatcher/MLKernels.jl.git
INFO: Installing MLKernels v0.2.0
INFO: Package database updated

>>> 'Pkg.test("MLKernels")' log
Julia Version 0.5.2
Commit f4c6c9d (2017-05-06 16:34 UTC)
Platform Info:
  OS: Linux (x86_64-pc-linux-gnu)
  CPU: Intel(R) Xeon(R) CPU E3-1241 v3 @ 3.50GHz
  WORD_SIZE: 64
           Ubuntu 14.04.5 LTS
  uname: Linux 3.13.0-121-generic #170-Ubuntu SMP Wed Jun 14 09:04:33 UTC 2017 x86_64 x86_64
Memory: 2.9392738342285156 GB (728.33984375 MB free)
Uptime: 12075.0 sec
Load Avg:  0.9970703125  0.9853515625  1.02294921875
Intel(R) Xeon(R) CPU E3-1241 v3 @ 3.50GHz: 
       speed         user         nice          sys         idle          irq
#1  3500 MHz     650732 s       2039 s      79069 s     350886 s         23 s
#2  3500 MHz     280856 s       3560 s      32922 s     856373 s          1 s

  BLAS: libopenblas (USE64BITINT DYNAMIC_ARCH NO_AFFINITY Nehalem)
  LAPACK: libopenblas64_
  LIBM: libopenlibm
  LLVM: libLLVM-3.7.1 (ORCJIT, haswell)
Environment:
  TERM = vt100
  LD_LIBRARY_PATH = :/usr/local/lib/
  PATH = /usr/local/sbin:/usr/local/bin:/usr/sbin:/usr/bin:/sbin:/bin:/usr/games:/usr/local/games:/home/vagrant/julia/bin/
  JAVA_HOME = /usr/lib/jvm/java-8-openjdk-amd64
  HOME = /home/vagrant

Package Directory: /home/vagrant/.julia/v0.5
2 required packages:
 - JSON                          0.12.0
 - MLKernels                     0.2.0
1 additional packages:
 - Compat                        0.26.0
INFO: Testing MLKernels
INFO: Testing MLKernels.HyperParameters.OpenBound{T<:Real}
INFO: Testing MLKernels.HyperParameters.ClosedBound{T<:Real}
INFO: Testing MLKernels.HyperParameters.NullBound{T<:Real}
INFO: Testing MLKernels.HyperParameters.Interval{T<:Real,A<:MLKernels.HyperParameters.Bound,B<:MLKernels.HyperParameters.Bound}
INFO: Testing MLKernels.HyperParameters.interval
INFO: Testing MLKernels.HyperParameters.checkvalue
INFO: Testing MLKernels.HyperParameters.lowerboundtheta
INFO: Testing MLKernels.HyperParameters.upperboundtheta
INFO: Testing MLKernels.HyperParameters.theta
INFO: Testing MLKernels.HyperParameters.eta
INFO: Testing MLKernels.HyperParameters.HyperParameter{T<:Real}
INFO: Testing MLKernels.PairwiseFunctions.dotvectors!
INFO: Testing MLKernels.PairwiseFunctions.gramian!
INFO: Testing MLKernels.PairwiseFunctions.squared_distance!
INFO: Testing MLKernels.PairwiseFunctions.SquaredEuclidean
INFO: Testing MLKernels.PairwiseFunctions.SineSquared
INFO: Testing MLKernels.PairwiseFunctions.ChiSquared
INFO: Testing MLKernels.PairwiseFunctions.ScalarProduct
INFO: Testing MLKernels.PairwiseFunctions.unsafe_pairwise
INFO: Testing MLKernels.PairwiseFunctions.pairwise
INFO: Testing MLKernels.PairwiseFunctions.allocate_pairwisematrix
INFO: Testing MLKernels.PairwiseFunctions.checkdimensions
INFO: Testing MLKernels.PairwiseFunctions.pairwisematrix!
INFO: Testing MLKernels.ExponentialKernel{T<:AbstractFloat}
INFO: Testing MLKernels.SquaredExponentialKernel{T<:AbstractFloat}
INFO: Testing MLKernels.GammaExponentialKernel{T<:AbstractFloat}
INFO: Testing MLKernels.RationalQuadraticKernel{T<:AbstractFloat}
INFO: Testing MLKernels.GammaRationalKernel{T<:AbstractFloat}
INFO: Testing MLKernels.MaternKernel{T<:AbstractFloat}
INFO: Testing MLKernels.LinearKernel{T<:AbstractFloat}
INFO: Testing MLKernels.PolynomialKernel{T<:AbstractFloat,U<:Integer}
INFO: Testing MLKernels.ExponentiatedKernel{T<:AbstractFloat}
INFO: Testing MLKernels.PeriodicKernel{T<:AbstractFloat}
INFO: Testing MLKernels.PowerKernel{T<:AbstractFloat}
INFO: Testing MLKernels.LogKernel{T<:AbstractFloat}
INFO: Testing MLKernels.SigmoidKernel{T<:AbstractFloat}
INFO: Testing MLKernels.kappa
INFO: Testing MLKernels.HyperParameters.gettheta
INFO: Testing MLKernels.HyperParameters.settheta!
INFO: Testing MLKernels.HyperParameters.checktheta
INFO: Testing MLKernels.kernel
INFO: Testing MLKernels.kappamatrix!
INFO: Testing MLKernels.symmetric_kappamatrix!
INFO: Testing MLKernels.kernelmatrix!
ERROR: LoadError: LoadError: assertion failed: |K - MOD.kernelmatrix!(layout,K_tst_nn,F,X,true)| <= 1.9984014443252818e-9
  K = [1.0 0.395352 0.330185 0.401807 0.431561 0.364137 0.360607 0.389592 0.291232 0.508435 0.564718 0.426822 0.626309 0.402285 0.565025 0.485756 0.605014 0.637531 0.525819 0.353229 0.337575 0.39728 0.378484 0.47575 0.354639 0.389852 0.306433 0.322166 0.374182 0.337641; 0.395352 1.0 0.331358 0.322352 0.286594 0.440621 0.511087 0.252313 0.525888 0.410409 0.423002 0.302704 0.528381 0.372676 0.529901 0.302331 0.349873 0.36995 0.366578 0.468343 0.247327 0.429652 0.30277 0.282669 0.455089 0.347665 0.559434 0.532042 0.503306 0.327338; 0.330185 0.331358 1.0 0.362889 0.276485 0.396266 0.446177 0.366492 0.276532 0.330515 0.42731 0.547669 0.336712 0.628008 0.375953 0.432727 0.402118 0.381281 0.516323 0.464021 0.536995 0.696912 0.471701 0.36596 0.252104 0.23715 0.414001 0.275219 0.443382 0.294058; 0.401807 0.322352 0.362889 1.0 0.521184 0.409359 0.434781 0.418168 0.329517 0.467749 0.375801 0.408942 0.344333 0.457092 0.43822 0.332601 0.370261 0.410079 0.350972 0.441642 0.373172 0.466925 0.491502 0.409324 0.202222 0.312386 0.293546 0.382115 0.262878 0.292422; 0.431561 0.286594 0.276485 0.521184 1.0 0.323043 0.399677 0.566983 0.334815 0.636221 0.360514 0.399617 0.393391 0.374287 0.429725 0.401174 0.448958 0.475089 0.325158 0.404198 0.352784 0.357537 0.326618 0.405259 0.244192 0.400536 0.26744 0.369211 0.261608 0.411893; 0.364137 0.440621 0.396266 0.409359 0.323043 1.0 0.509032 0.311041 0.402452 0.437317 0.313207 0.430764 0.360504 0.567933 0.360276 0.32067 0.38151 0.313855 0.441404 0.420145 0.372861 0.530469 0.530206 0.463301 0.265864 0.445091 0.486412 0.460626 0.392205 0.367547; 0.360607 0.511087 0.446177 0.434781 0.399677 0.509032 1.0 0.398917 0.606577 0.536705 0.404036 0.437919 0.443734 0.544819 0.492217 0.385942 0.411654 0.403995 0.395194 0.790807 0.386148 0.609669 0.376687 0.348794 0.35034 0.383498 0.627045 0.584391 0.482336 0.469964; 0.389592 0.252313 0.366492 0.418168 0.566983 0.311041 0.398917 1.0 0.279623 0.524353 0.378046 0.569948 0.36536 0.459199 0.377721 0.574329 0.542021 0.49191 0.400726 0.415704 0.54247 0.416644 0.348118 0.446612 0.247549 0.339709 0.284829 0.286446 0.307794 0.457955; 0.291232 0.525888 0.276532 0.329517 0.334815 0.402452 0.606577 0.279623 1.0 0.455465 0.304435 0.279442 0.390736 0.342838 0.413935 0.266466 0.29905 0.306158 0.269721 0.540085 0.240927 0.379667 0.25555 0.249609 0.355257 0.376755 0.529575 0.773485 0.378036 0.409349; 0.508435 0.410409 0.330515 0.467749 0.636221 0.437317 0.536705 0.524353 0.455465 1.0 0.420468 0.463915 0.536272 0.464202 0.518644 0.469989 0.560812 0.520363 0.418093 0.50075 0.383871 0.445429 0.361988 0.460631 0.355797 0.555369 0.393643 0.492566 0.384457 0.568749; 0.564718 0.423002 0.42731 0.375801 0.360514 0.313207 0.404036 0.378046 0.304435 0.420468 1.0 0.416506 0.607906 0.409648 0.687838 0.503798 0.51047 0.706215 0.492133 0.442029 0.346209 0.463451 0.335986 0.34105 0.387535 0.271624 0.34934 0.307144 0.448816 0.305066; 0.426822 0.302704 0.547669 0.408942 0.399617 0.430764 0.437919 0.569948 0.279442 0.463915 0.416506 1.0 0.387277 0.701622 0.383296 0.62411 0.611552 0.465491 0.627219 0.427086 0.777747 0.58263 0.511114 0.590942 0.267991 0.350923 0.364123 0.290938 0.409214 0.421302; 0.626309 0.528381 0.336712 0.344333 0.393391 0.360504 0.443734 0.36536 0.390736 0.536272 0.607906 0.387277 1.0 0.389211 0.681274 0.477382 0.556755 0.62007 0.469532 0.438154 0.306472 0.414254 0.305268 0.362776 0.545752 0.395873 0.407104 0.397222 0.504333 0.40374; 0.402285 0.372676 0.628008 0.457092 0.374287 0.567933 0.544819 0.459199 0.342838 0.464202 0.409648 0.701622 0.389211 1.0 0.408431 0.482353 0.504696 0.417614 0.588237 0.508463 0.626955 0.767177 0.60114 0.530914 0.273519 0.360271 0.46129 0.360935 0.448627 0.403774; 0.565025 0.529901 0.375953 0.43822 0.429725 0.360276 0.492217 0.377721 0.413935 0.518644 0.687838 0.383296 0.681274 0.408431 1.0 0.431975 0.476511 0.642924 0.425616 0.524431 0.314193 0.467601 0.33479 0.337957 0.413458 0.329702 0.397758 0.425962 0.437207 0.347216; 0.485756 0.302331 0.432727 0.332601 0.401174 0.32067 0.385942 0.574329 0.266466 0.469989 0.503798 0.62411 0.477382 0.482353 0.431975 1.0 0.749241 0.600936 0.57877 0.396479 0.529641 0.450665 0.348227 0.46145 0.345652 0.332812 0.330591 0.265861 0.438642 0.438162; 0.605014 0.349873 0.402118 0.370261 0.448958 0.38151 0.411654 0.542021 0.29905 0.560812 0.51047 0.611552 0.556755 0.504696 0.476511 0.749241 1.0 0.626205 0.632092 0.40111 0.486099 0.460878 0.388522 0.553628 0.371727 0.423033 0.352765 0.311173 0.44847 0.472183; 0.637531 0.36995 0.381281 0.410079 0.475089 0.313855 0.403995 0.49191 0.306158 0.520363 0.706215 0.465491 0.62007 0.417614 0.642924 0.600936 0.626205 1.0 0.489091 0.433904 0.384013 0.4353 0.338238 0.399805 0.370668 0.3245 0.320311 0.31482 0.400591 0.367532; 0.525819 0.366578 0.516323 0.350972 0.325158 0.441404 0.395194 0.400726 0.269721 0.418093 0.492133 0.627219 0.469532 0.588237 0.425616 0.57877 0.632092 0.489091 1.0 0.376684 0.507871 0.540544 0.489436 0.556101 0.328382 0.34748 0.382772 0.284001 0.492945 0.357728; 0.353229 0.468343 0.464021 0.441642 0.404198 0.420145 0.790807 0.415704 0.540085 0.50075 0.442029 0.427086 0.438154 0.508463 0.524431 0.396479 0.40111 0.433904 0.376684 1.0 0.384456 0.599254 0.351334 0.317544 0.338773 0.322558 0.543513 0.505607 0.457385 0.423223; 0.337575 0.247327 0.536995 0.373172 0.352784 0.372861 0.386148 0.54247 0.240927 0.383871 0.346209 0.777747 0.306472 0.626955 0.314193 0.529641 0.486099 0.384013 0.507871 0.384456 1.0 0.523973 0.475074 0.503886 0.21744 0.290043 0.317271 0.248006 0.344134 0.368481; 0.39728 0.429652 0.696912 0.466925 0.357537 0.530469 0.609669 0.416644 0.379667 0.445429 0.463451 0.58263 0.414254 0.767177 0.467601 0.450665 0.460878 0.4353 0.540544 0.599254 0.523973 1.0 0.537426 0.429877 0.294465 0.319837 0.513347 0.389391 0.486305 0.369879; 0.378484 0.30277 0.471701 0.491502 0.326618 0.530206 0.376687 0.348118 0.25555 0.361988 0.335986 0.511114 0.305268 0.60114 0.33479 0.348227 0.388522 0.338238 0.489436 0.351334 0.475074 0.537426 1.0 0.548088 0.193056 0.304848 0.316251 0.292763 0.302658 0.270986; 0.47575 0.282669 0.36596 0.409324 0.405259 0.463301 0.348794 0.446612 0.249609 0.460631 0.34105 0.590942 0.362776 0.530914 0.337957 0.46145 0.553628 0.399805 0.556101 0.317544 0.503886 0.429877 0.548088 1.0 0.2332 0.435627 0.293043 0.283336 0.316719 0.369745; 0.354639 0.455089 0.252104 0.202222 0.244192 0.265864 0.35034 0.247549 0.355257 0.355797 0.387535 0.267991 0.545752 0.273519 0.413458 0.345652 0.371727 0.370668 0.328382 0.338773 0.21744 0.294465 0.193056 0.2332 1.0 0.31255 0.404388 0.322119 0.528647 0.367145; 0.389852 0.347665 0.23715 0.312386 0.400536 0.445091 0.383498 0.339709 0.376755 0.555369 0.271624 0.350923 0.395873 0.360271 0.329702 0.332812 0.423033 0.3245 0.34748 0.322558 0.290043 0.319837 0.304848 0.435627 0.31255 1.0 0.343077 0.424374 0.321804 0.519503; 0.306433 0.559434 0.414001 0.293546 0.26744 0.486412 0.627045 0.284829 0.529575 0.393643 0.34934 0.364123 0.407104 0.46129 0.397758 0.330591 0.352765 0.320311 0.382772 0.543513 0.317271 0.513347 0.316251 0.293043 0.404388 0.343077 1.0 0.482368 0.608941 0.408932; 0.322166 0.532042 0.275219 0.382115 0.369211 0.460626 0.584391 0.286446 0.773485 0.492566 0.307144 0.290938 0.397222 0.360935 0.425962 0.265861 0.311173 0.31482 0.284001 0.505607 0.248006 0.389391 0.292763 0.283336 0.322119 0.424374 0.482368 1.0 0.349673 0.39352; 0.374182 0.503306 0.443382 0.262878 0.261608 0.392205 0.482336 0.307794 0.378036 0.384457 0.448816 0.409214 0.504333 0.448627 0.437207 0.438642 0.44847 0.400591 0.492945 0.457385 0.344134 0.486305 0.302658 0.316719 0.528647 0.321804 0.608941 0.349673 1.0 0.402122; 0.337641 0.327338 0.294058 0.292422 0.411893 0.367547 0.469964 0.457955 0.409349 0.568749 0.305066 0.421302 0.40374 0.403774 0.347216 0.438162 0.472183 0.367532 0.357728 0.423223 0.368481 0.369879 0.270986 0.369745 0.367145 0.519503 0.408932 0.39352 0.402122 1.0]
  MOD.kernelmatrix!(layout,K_tst_nn,F,X,true) = [1.0 0.395352 0.330185 0.401807 0.431561 0.364137 0.360607 0.389592 0.291232 0.508435 0.564718 0.426822 0.626309 0.402285 0.565025 0.485756 0.605014 0.637531 0.525819 0.353229 0.337575 0.39728 0.378484 0.47575 0.354639 0.389852 0.306433 0.322166 0.374182 0.337641; 0.395352 1.0 0.331358 0.322352 0.286594 0.440621 0.511087 0.252313 0.525888 0.410409 0.423002 0.302704 0.528381 0.372676 0.529901 0.302331 0.349873 0.36995 0.366578 0.468343 0.247327 0.429652 0.30277 0.282669 0.455089 0.347665 0.559434 0.532042 0.503306 0.327338; 0.330185 0.331358 1.0 0.362889 0.276485 0.396266 0.446177 0.366492 0.276532 0.330515 0.42731 0.547669 0.336712 0.628008 0.375953 0.432727 0.402118 0.381281 0.516323 0.464021 0.536995 0.696912 0.471701 0.36596 0.252104 0.23715 0.414001 0.275219 0.443382 0.294058; 0.401807 0.322352 0.362889 1.0 0.521184 0.409359 0.434781 0.418168 0.329517 0.467749 0.375801 0.408942 0.344333 0.457092 0.43822 0.332601 0.370261 0.410079 0.350972 0.441642 0.373172 0.466925 0.491502 0.409324 0.202222 0.312386 0.293546 0.382115 0.262878 0.292422; 0.431561 0.286594 0.276485 0.521184 1.0 0.323043 0.399677 0.566983 0.334815 0.636221 0.360514 0.399617 0.393391 0.374287 0.429725 0.401174 0.448958 0.475089 0.325158 0.404198 0.352784 0.357537 0.326618 0.405259 0.244192 0.400536 0.26744 0.369211 0.261608 0.411893; 0.364137 0.440621 0.396266 0.409359 0.323043 1.0 0.509032 0.311041 0.402452 0.437317 0.313207 0.430764 0.360504 0.567933 0.360276 0.32067 0.38151 0.313855 0.441404 0.420145 0.372861 0.530469 0.530206 0.463301 0.265864 0.445091 0.486412 0.460626 0.392205 0.367547; 0.360607 0.511087 0.446177 0.434781 0.399677 0.509032 1.0 0.398917 0.606577 0.536705 0.404036 0.437919 0.443734 0.544819 0.492217 0.385942 0.411654 0.403995 0.395194 0.790807 0.386148 0.609669 0.376687 0.348794 0.35034 0.383498 0.627045 0.584391 0.482336 0.469964; 0.389592 0.252313 0.366492 0.418168 0.566983 0.311041 0.398917 1.0 0.279623 0.524353 0.378046 0.569948 0.36536 0.459199 0.377721 0.574329 0.542021 0.49191 0.400726 0.415704 0.54247 0.416644 0.348118 0.446612 0.247549 0.339709 0.284829 0.286446 0.307794 0.457955; 0.291232 0.525888 0.276532 0.329517 0.334815 0.402452 0.606577 0.279623 1.0 0.455465 0.304435 0.279442 0.390736 0.342838 0.413935 0.266466 0.29905 0.306158 0.269721 0.540085 0.240927 0.379667 0.25555 0.249609 0.355257 0.376755 0.529575 0.773485 0.378036 0.409349; 0.508435 0.410409 0.330515 0.467749 0.636221 0.437317 0.536705 0.524353 0.455465 1.0 0.420468 0.463915 0.536272 0.464202 0.518644 0.469989 0.560812 0.520363 0.418093 0.50075 0.383871 0.445429 0.361988 0.460631 0.355797 0.555369 0.393643 0.492566 0.384457 0.568749; 0.564718 0.423002 0.42731 0.375801 0.360514 0.313207 0.404036 0.378046 0.304435 0.420468 1.0 0.416506 0.607906 0.409648 0.687838 0.503798 0.51047 0.706215 0.492133 0.442029 0.346209 0.463451 0.335986 0.34105 0.387535 0.271624 0.34934 0.307144 0.448816 0.305066; 0.426822 0.302704 0.547669 0.408942 0.399617 0.430764 0.437919 0.569948 0.279442 0.463915 0.416506 1.0 0.387277 0.701622 0.383296 0.62411 0.611552 0.465491 0.627219 0.427086 0.777747 0.58263 0.511114 0.590942 0.267991 0.350923 0.364123 0.290938 0.409214 0.421302; 0.626309 0.528381 0.336712 0.344333 0.393391 0.360504 0.443734 0.36536 0.390736 0.536272 0.607906 0.387277 1.0 0.389211 0.681274 0.477382 0.556755 0.62007 0.469532 0.438154 0.306472 0.414254 0.305268 0.362776 0.545752 0.395873 0.407104 0.397222 0.504333 0.40374; 0.402285 0.372676 0.628008 0.457092 0.374287 0.567933 0.544819 0.459199 0.342838 0.464202 0.409648 0.701622 0.389211 1.0 0.408431 0.482353 0.504696 0.417614 0.588237 0.508463 0.626955 0.767177 0.60114 0.530914 0.273519 0.360271 0.46129 0.360935 0.448627 0.403774; 0.565025 0.529901 0.375953 0.43822 0.429725 0.360276 0.492217 0.377721 0.413935 0.518644 0.687838 0.383296 0.681274 0.408431 1.0 0.431975 0.476511 0.642924 0.425616 0.524431 0.314193 0.467601 0.33479 0.337957 0.413458 0.329702 0.397758 0.425962 0.437207 0.347216; 0.485756 0.302331 0.432727 0.332601 0.401174 0.32067 0.385942 0.574329 0.266466 0.469989 0.503798 0.62411 0.477382 0.482353 0.431975 1.0 0.749241 0.600936 0.57877 0.396479 0.529641 0.450665 0.348227 0.46145 0.345652 0.332812 0.330591 0.265861 0.438642 0.438162; 0.605014 0.349873 0.402118 0.370261 0.448958 0.38151 0.411654 0.542021 0.29905 0.560812 0.51047 0.611552 0.556755 0.504696 0.476511 0.749241 1.0 0.626205 0.632092 0.40111 0.486099 0.460878 0.388522 0.553628 0.371727 0.423033 0.352765 0.311173 0.44847 0.472183; 0.637531 0.36995 0.381281 0.410079 0.475089 0.313855 0.403995 0.49191 0.306158 0.520363 0.706215 0.465491 0.62007 0.417614 0.642924 0.600936 0.626205 1.0 0.489091 0.433904 0.384013 0.4353 0.338238 0.399805 0.370668 0.3245 0.320311 0.31482 0.400591 0.367532; 0.525819 0.366578 0.516323 0.350972 0.325158 0.441404 0.395194 0.400726 0.269721 0.418093 0.492133 0.627219 0.469532 0.588237 0.425616 0.57877 0.632092 0.489091 1.0 0.376684 0.507871 0.540544 0.489436 0.556101 0.328382 0.34748 0.382772 0.284001 0.492945 0.357728; 0.353229 0.468343 0.464021 0.441642 0.404198 0.420145 0.790807 0.415704 0.540085 0.50075 0.442029 0.427086 0.438154 0.508463 0.524431 0.396479 0.40111 0.433904 0.376684 1.0 0.384456 0.599254 0.351334 0.317544 0.338773 0.322558 0.543513 0.505607 0.457385 0.423223; 0.337575 0.247327 0.536995 0.373172 0.352784 0.372861 0.386148 0.54247 0.240927 0.383871 0.346209 0.777747 0.306472 0.626955 0.314193 0.529641 0.486099 0.384013 0.507871 0.384456 1.0 0.523973 0.475074 0.503886 0.21744 0.290043 0.317271 0.248006 0.344134 0.368481; 0.39728 0.429652 0.696912 0.466925 0.357537 0.530469 0.609669 0.416644 0.379667 0.445429 0.463451 0.58263 0.414254 0.767177 0.467601 0.450665 0.460878 0.4353 0.540544 0.599254 0.523973 1.0 0.537426 0.429877 0.294465 0.319837 0.513347 0.389391 0.486305 0.369879; 0.378484 0.30277 0.471701 0.491502 0.326618 0.530206 0.376687 0.348118 0.25555 0.361988 0.335986 0.511114 0.305268 0.60114 0.33479 0.348227 0.388522 0.338238 0.489436 0.351334 0.475074 0.537426 1.0 0.548088 0.193056 0.304848 0.316251 0.292763 0.302658 0.270986; 0.47575 0.282669 0.36596 0.409324 0.405259 0.463301 0.348794 0.446612 0.249609 0.460631 0.34105 0.590942 0.362776 0.530914 0.337957 0.46145 0.553628 0.399805 0.556101 0.317544 0.503886 0.429877 0.548088 1.0 0.2332 0.435627 0.293043 0.283336 0.316719 0.369745; 0.354639 0.455089 0.252104 0.202222 0.244192 0.265864 0.35034 0.247549 0.355257 0.355797 0.387535 0.267991 0.545752 0.273519 0.413458 0.345652 0.371727 0.370668 0.328382 0.338773 0.21744 0.294465 0.193056 0.2332 1.0 0.31255 0.404388 0.322119 0.528647 0.367145; 0.389852 0.347665 0.23715 0.312386 0.400536 0.445091 0.383498 0.339709 0.376755 0.555369 0.271624 0.350923 0.395873 0.360271 0.329702 0.332812 0.423033 0.3245 0.34748 0.322558 0.290043 0.319837 0.304848 0.435627 0.31255 1.0 0.343077 0.424374 0.321804 0.519503; 0.306433 0.559434 0.414001 0.293546 0.26744 0.486412 0.627045 0.284829 0.529575 0.393643 0.34934 0.364123 0.407104 0.46129 0.397758 0.330591 0.352765 0.320311 0.382772 0.543513 0.317271 0.513347 0.316251 0.293043 0.404388 0.343077 1.0 0.482368 0.608941 0.408932; 0.322166 0.532042 0.275219 0.382115 0.369211 0.460626 0.584391 0.286446 0.773485 0.492566 0.307144 0.290938 0.397222 0.360935 0.425962 0.265861 0.311173 0.31482 0.284001 0.505607 0.248006 0.389391 0.292763 0.283336 0.322119 0.424374 0.482368 1.0 0.349673 0.39352; 0.374182 0.503306 0.443382 0.262878 0.261608 0.392205 0.482336 0.307794 0.378036 0.384457 0.448816 0.409214 0.504333 0.448627 0.437207 0.438642 0.44847 0.400591 0.492945 0.457385 0.344134 0.486305 0.302658 0.316719 0.528647 0.321804 0.608941 0.349673 1.0 0.402122; 0.337641 0.327338 0.294058 0.292422 0.411893 0.367547 0.469964 0.457955 0.409349 0.568749 0.305066 0.421302 0.40374 0.403774 0.347216 0.438162 0.472183 0.367532 0.357728 0.423223 0.368481 0.369879 0.270986 0.369745 0.367145 0.519503 0.408932 0.39352 0.402122 1.0]
  difference = 2.9802321943606103e-8 > 1.9984014443252818e-9
 in test_approx_eq(::Array{Float64,2}, ::Array{Float64,2}, ::Float64, ::String, ::String) at ./test.jl:865
 in macro expansion; at /home/vagrant/.julia/v0.5/MLKernels/test/kernelmatrix.jl:74 [inlined]
 in anonymous at ./<missing>:?
 in include_from_node1(::String) at ./loading.jl:488 (repeats 2 times)
 in process_options(::Base.JLOptions) at ./client.jl:265
 in _start() at ./client.jl:321
while loading /home/vagrant/.julia/v0.5/MLKernels/test/kernelmatrix.jl, in expression starting on line 59
while loading /home/vagrant/.julia/v0.5/MLKernels/test/runtests.jl, in expression starting on line 30
==============================[ ERROR: MLKernels ]==============================

failed process: Process(`/home/vagrant/julia/bin/julia -Cx86-64 -J/home/vagrant/julia/lib/julia/sys.so --compile=yes --depwarn=yes --check-bounds=yes --code-coverage=none --color=no --compilecache=yes /home/vagrant/.julia/v0.5/MLKernels/test/runtests.jl`, ProcessExited(1)) [1]

================================================================================
ERROR: MLKernels had test errors
 in #test#61(::Bool, ::Function, ::Array{AbstractString,1}) at ./pkg/entry.jl:748
 in (::Base.Pkg.Entry.#kw##test)(::Array{Any,1}, ::Base.Pkg.Entry.#test, ::Array{AbstractString,1}) at ./<missing>:0
 in (::Base.Pkg.Dir.##2#3{Array{Any,1},Base.Pkg.Entry.#test,Tuple{Array{AbstractString,1}}})() at ./pkg/dir.jl:31
 in cd(::Base.Pkg.Dir.##2#3{Array{Any,1},Base.Pkg.Entry.#test,Tuple{Array{AbstractString,1}}}, ::String) at ./file.jl:59
 in #cd#1(::Array{Any,1}, ::Function, ::Function, ::Array{AbstractString,1}, ::Vararg{Array{AbstractString,1},N}) at ./pkg/dir.jl:31
 in (::Base.Pkg.Dir.#kw##cd)(::Array{Any,1}, ::Base.Pkg.Dir.#cd, ::Function, ::Array{AbstractString,1}, ::Vararg{Array{AbstractString,1},N}) at ./<missing>:0
 in #test#3(::Bool, ::Function, ::String, ::Vararg{String,N}) at ./pkg/pkg.jl:258
 in test(::String, ::Vararg{String,N}) at ./pkg/pkg.jl:258
 in eval(::Module, ::Any) at ./boot.jl:234
 in process_options(::Base.JLOptions) at ./client.jl:242
 in _start() at ./client.jl:321

>>> End of log
