>>> 'Pkg.add("MLKernels")' log
INFO: Cloning cache of MLKernels from https://github.com/trthatcher/MLKernels.jl.git
INFO: Installing MLKernels v0.2.0
INFO: Package database updated

>>> 'Pkg.test("MLKernels")' log
Julia Version 0.5.2
Commit f4c6c9d (2017-05-06 16:34 UTC)
Platform Info:
  OS: Linux (x86_64-pc-linux-gnu)
  CPU: Intel(R) Xeon(R) CPU E3-1241 v3 @ 3.50GHz
  WORD_SIZE: 64
           Ubuntu 14.04.5 LTS
  uname: Linux 3.13.0-121-generic #170-Ubuntu SMP Wed Jun 14 09:04:33 UTC 2017 x86_64 x86_64
Memory: 2.9392738342285156 GB (716.26171875 MB free)
Uptime: 12239.0 sec
Load Avg:  1.05029296875  1.001953125  1.044921875
Intel(R) Xeon(R) CPU E3-1241 v3 @ 3.50GHz: 
       speed         user         nice          sys         idle          irq
#1  3499 MHz     708020 s         70 s      71912 s     300720 s         19 s
#2  3499 MHz     208314 s       7210 s      35263 s     945246 s          0 s

  BLAS: libopenblas (USE64BITINT DYNAMIC_ARCH NO_AFFINITY Nehalem)
  LAPACK: libopenblas64_
  LIBM: libopenlibm
  LLVM: libLLVM-3.7.1 (ORCJIT, haswell)
Environment:
  TERM = vt100
  LD_LIBRARY_PATH = :/usr/local/lib/
  PATH = /usr/local/sbin:/usr/local/bin:/usr/sbin:/usr/bin:/sbin:/bin:/usr/games:/usr/local/games:/home/vagrant/julia/bin/
  JAVA_HOME = /usr/lib/jvm/java-8-openjdk-amd64
  HOME = /home/vagrant

Package Directory: /home/vagrant/.julia/v0.5
2 required packages:
 - JSON                          0.13.0
 - MLKernels                     0.2.0
1 additional packages:
 - Compat                        0.26.0
INFO: Testing MLKernels
INFO: Testing MLKernels.HyperParameters.OpenBound{T<:Real}
INFO: Testing MLKernels.HyperParameters.ClosedBound{T<:Real}
INFO: Testing MLKernels.HyperParameters.NullBound{T<:Real}
INFO: Testing MLKernels.HyperParameters.Interval{T<:Real,A<:MLKernels.HyperParameters.Bound,B<:MLKernels.HyperParameters.Bound}
INFO: Testing MLKernels.HyperParameters.interval
INFO: Testing MLKernels.HyperParameters.checkvalue
INFO: Testing MLKernels.HyperParameters.lowerboundtheta
INFO: Testing MLKernels.HyperParameters.upperboundtheta
INFO: Testing MLKernels.HyperParameters.theta
INFO: Testing MLKernels.HyperParameters.eta
INFO: Testing MLKernels.HyperParameters.HyperParameter{T<:Real}
INFO: Testing MLKernels.PairwiseFunctions.dotvectors!
INFO: Testing MLKernels.PairwiseFunctions.gramian!
INFO: Testing MLKernels.PairwiseFunctions.squared_distance!
INFO: Testing MLKernels.PairwiseFunctions.SquaredEuclidean
INFO: Testing MLKernels.PairwiseFunctions.SineSquared
INFO: Testing MLKernels.PairwiseFunctions.ChiSquared
INFO: Testing MLKernels.PairwiseFunctions.ScalarProduct
INFO: Testing MLKernels.PairwiseFunctions.unsafe_pairwise
INFO: Testing MLKernels.PairwiseFunctions.pairwise
INFO: Testing MLKernels.PairwiseFunctions.allocate_pairwisematrix
INFO: Testing MLKernels.PairwiseFunctions.checkdimensions
INFO: Testing MLKernels.PairwiseFunctions.pairwisematrix!
INFO: Testing MLKernels.ExponentialKernel{T<:AbstractFloat}
INFO: Testing MLKernels.SquaredExponentialKernel{T<:AbstractFloat}
INFO: Testing MLKernels.GammaExponentialKernel{T<:AbstractFloat}
INFO: Testing MLKernels.RationalQuadraticKernel{T<:AbstractFloat}
INFO: Testing MLKernels.GammaRationalKernel{T<:AbstractFloat}
INFO: Testing MLKernels.MaternKernel{T<:AbstractFloat}
INFO: Testing MLKernels.LinearKernel{T<:AbstractFloat}
INFO: Testing MLKernels.PolynomialKernel{T<:AbstractFloat,U<:Integer}
INFO: Testing MLKernels.ExponentiatedKernel{T<:AbstractFloat}
INFO: Testing MLKernels.PeriodicKernel{T<:AbstractFloat}
INFO: Testing MLKernels.PowerKernel{T<:AbstractFloat}
INFO: Testing MLKernels.LogKernel{T<:AbstractFloat}
INFO: Testing MLKernels.SigmoidKernel{T<:AbstractFloat}
INFO: Testing MLKernels.kappa
INFO: Testing MLKernels.HyperParameters.gettheta
INFO: Testing MLKernels.HyperParameters.settheta!
INFO: Testing MLKernels.HyperParameters.checktheta
INFO: Testing MLKernels.kernel
INFO: Testing MLKernels.kappamatrix!
INFO: Testing MLKernels.symmetric_kappamatrix!
INFO: Testing MLKernels.kernelmatrix!
ERROR: LoadError: LoadError: assertion failed: |K - MOD.kernelmatrix!(layout,K_tst_nn,F,X,true)| <= 1.9984014443252818e-9
  K = [1.0 0.408753 0.39184 0.248578 0.362728 0.421389 0.309075 0.315922 0.299593 0.294228 0.344635 0.427809 0.540605 0.676726 0.331656 0.315669 0.374343 0.364112 0.406361 0.383607 0.288094 0.357303 0.375006 0.602644 0.275327 0.442573 0.35913 0.411202 0.471118 0.464127; 0.408753 1.0 0.480881 0.222255 0.571337 0.298767 0.479465 0.325282 0.433777 0.288157 0.372349 0.732842 0.59101 0.416108 0.30016 0.513941 0.314997 0.349151 0.319399 0.408097 0.225256 0.373043 0.389488 0.587476 0.466736 0.357288 0.37506 0.309064 0.488617 0.430631; 0.39184 0.480881 1.0 0.308776 0.503707 0.25447 0.407623 0.427445 0.560952 0.341698 0.419114 0.489606 0.605181 0.361198 0.3202 0.469614 0.279831 0.374548 0.536397 0.83387 0.251917 0.644484 0.333651 0.48758 0.337988 0.523569 0.311673 0.427219 0.645481 0.326207; 0.248578 0.222255 0.308776 1.0 0.221107 0.315176 0.368547 0.567811 0.397905 0.487293 0.566607 0.19183 0.304478 0.257772 0.420369 0.314278 0.408108 0.347882 0.456372 0.310452 0.515578 0.450705 0.255558 0.308197 0.284627 0.368934 0.379533 0.381746 0.400392 0.322628; 0.362728 0.571337 0.503707 0.221107 1.0 0.276325 0.440224 0.352088 0.47346 0.312128 0.34302 0.620847 0.454399 0.330098 0.231271 0.394538 0.255506 0.399017 0.365573 0.444733 0.231923 0.367785 0.411733 0.437553 0.338394 0.349984 0.349611 0.267765 0.483045 0.321597; 0.421389 0.298767 0.25447 0.315176 0.276325 1.0 0.366209 0.381381 0.290429 0.418343 0.404879 0.26936 0.335797 0.411266 0.376564 0.296466 0.612263 0.362398 0.327559 0.239496 0.516315 0.273652 0.445536 0.433655 0.318948 0.335673 0.608597 0.283242 0.359312 0.581208; 0.309075 0.479465 0.407623 0.368547 0.440224 0.366209 1.0 0.506188 0.59287 0.443853 0.613086 0.379655 0.444041 0.335523 0.363493 0.531476 0.430056 0.454813 0.367476 0.355097 0.362745 0.423573 0.392724 0.471511 0.565087 0.345261 0.579079 0.317677 0.517783 0.468272; 0.315922 0.325282 0.427445 0.567811 0.352088 0.381381 0.506188 1.0 0.609615 0.740364 0.614019 0.291972 0.391498 0.296457 0.436481 0.448774 0.433065 0.401092 0.558758 0.410316 0.52446 0.512621 0.420385 0.406886 0.388143 0.501323 0.495567 0.349925 0.517327 0.394319; 0.299593 0.433777 0.560952 0.397905 0.47346 0.290429 0.59287 0.609615 1.0 0.491364 0.54172 0.38633 0.453917 0.289012 0.357173 0.564825 0.334729 0.394799 0.482059 0.502178 0.333324 0.560258 0.390605 0.427555 0.450971 0.452616 0.416237 0.334482 0.568174 0.35527; 0.294228 0.288157 0.341698 0.487293 0.312128 0.418343 0.443853 0.740364 0.491364 1.0 0.500314 0.261452 0.32801 0.265115 0.426653 0.404615 0.443931 0.336384 0.455508 0.325996 0.583855 0.388802 0.477882 0.365019 0.373127 0.457703 0.51062 0.279593 0.411498 0.390543; 0.344635 0.372349 0.419114 0.566607 0.34302 0.404879 0.613086 0.614019 0.54172 0.500314 1.0 0.307347 0.465741 0.38039 0.462066 0.456925 0.523401 0.498896 0.483644 0.39139 0.475703 0.541292 0.342825 0.481887 0.4347 0.413285 0.557746 0.450702 0.594226 0.485748; 0.427809 0.732842 0.489606 0.19183 0.620847 0.26936 0.379655 0.291972 0.38633 0.261452 0.307347 1.0 0.542654 0.391872 0.255741 0.426744 0.261946 0.317267 0.317841 0.426849 0.199275 0.344678 0.387912 0.52162 0.361703 0.361519 0.31389 0.283257 0.448611 0.35846; 0.540605 0.59101 0.605181 0.304478 0.454399 0.335797 0.444041 0.391498 0.453917 0.32801 0.465741 0.542654 1.0 0.558307 0.395538 0.495227 0.379198 0.404546 0.457804 0.549677 0.277379 0.541207 0.356921 0.745265 0.400652 0.493941 0.382734 0.508517 0.673874 0.477491; 0.676726 0.416108 0.361198 0.257772 0.330098 0.411266 0.335523 0.296457 0.289012 0.265115 0.38039 0.391872 0.558307 1.0 0.333801 0.311345 0.407042 0.406043 0.360381 0.34604 0.280233 0.357536 0.305491 0.615274 0.290404 0.359931 0.37522 0.470772 0.477848 0.507371; 0.331656 0.30016 0.3202 0.420369 0.231271 0.376564 0.363493 0.436481 0.357173 0.426653 0.462066 0.255741 0.395538 0.333801 1.0 0.457272 0.550793 0.255293 0.35751 0.3036 0.394457 0.388147 0.336003 0.440987 0.425407 0.462667 0.401197 0.366262 0.382636 0.498272; 0.315669 0.513941 0.469614 0.314278 0.394538 0.296466 0.531476 0.448774 0.564825 0.404615 0.456925 0.426744 0.495227 0.311345 0.457272 1.0 0.375314 0.288048 0.352905 0.404898 0.283769 0.441117 0.408175 0.49949 0.671999 0.445072 0.401728 0.310516 0.463815 0.437385; 0.374343 0.314997 0.279831 0.408108 0.255506 0.612263 0.430056 0.433065 0.334729 0.443931 0.523401 0.261946 0.379198 0.407042 0.550793 0.375314 1.0 0.346846 0.340253 0.260469 0.525716 0.331713 0.37728 0.471667 0.412381 0.363405 0.616887 0.345135 0.395586 0.686954; 0.364112 0.349151 0.374548 0.347882 0.399017 0.362398 0.454813 0.401092 0.394799 0.336384 0.498896 0.317267 0.404546 0.406043 0.255293 0.288048 0.346846 1.0 0.434017 0.360512 0.352663 0.408461 0.290848 0.405826 0.273509 0.303974 0.440768 0.392192 0.539924 0.361231; 0.406361 0.319399 0.536397 0.456372 0.365573 0.327559 0.367476 0.558758 0.482059 0.455508 0.483644 0.317841 0.457804 0.360381 0.35751 0.352905 0.340253 0.434017 1.0 0.576562 0.387641 0.628569 0.341765 0.426231 0.273677 0.588412 0.357977 0.477312 0.608867 0.336549; 0.383607 0.408097 0.83387 0.310452 0.444733 0.239496 0.355097 0.410316 0.502178 0.325996 0.39139 0.426849 0.549677 0.34604 0.3036 0.404898 0.260469 0.360512 0.576562 1.0 0.245803 0.654832 0.303737 0.440871 0.289183 0.530559 0.282346 0.444568 0.606063 0.295243; 0.288094 0.225256 0.251917 0.515578 0.231923 0.516315 0.362745 0.52446 0.333324 0.583855 0.475703 0.199275 0.277379 0.280233 0.394457 0.283769 0.525716 0.352663 0.387641 0.245803 1.0 0.315038 0.356071 0.323331 0.286427 0.346102 0.524131 0.286051 0.349889 0.398088; 0.357303 0.373043 0.644484 0.450705 0.367785 0.273652 0.423573 0.512621 0.560258 0.388802 0.541292 0.344678 0.541207 0.357536 0.388147 0.441117 0.331713 0.408461 0.628569 0.654832 0.315038 1.0 0.292007 0.454602 0.332413 0.522735 0.338241 0.552452 0.673947 0.34267; 0.375006 0.389488 0.333651 0.255558 0.411733 0.445536 0.392724 0.420385 0.390605 0.477882 0.342825 0.387912 0.356921 0.305491 0.336003 0.408175 0.37728 0.290848 0.341765 0.303737 0.356071 0.292007 1.0 0.430027 0.389889 0.421551 0.470418 0.224841 0.368373 0.431432; 0.602644 0.587476 0.48758 0.308197 0.437553 0.433655 0.471511 0.406886 0.427555 0.365019 0.481887 0.52162 0.745265 0.615274 0.440987 0.49949 0.471667 0.405826 0.426231 0.440871 0.323331 0.454602 0.430027 1.0 0.44538 0.486319 0.470173 0.445443 0.604273 0.623441; 0.275327 0.466736 0.337988 0.284627 0.338394 0.318948 0.565087 0.388143 0.450971 0.373127 0.4347 0.361703 0.400652 0.290404 0.425407 0.671999 0.412381 0.273509 0.273677 0.289183 0.286427 0.332413 0.389889 0.44538 1.0 0.33024 0.453449 0.256617 0.37769 0.478162; 0.442573 0.357288 0.523569 0.368934 0.349984 0.335673 0.345261 0.501323 0.452616 0.457703 0.413285 0.361519 0.493941 0.359931 0.462667 0.445072 0.363405 0.303974 0.588412 0.530559 0.346102 0.522735 0.421551 0.486319 0.33024 1.0 0.347251 0.402804 0.511272 0.383726; 0.35913 0.37506 0.311673 0.379533 0.349611 0.608597 0.579079 0.495567 0.416237 0.51062 0.557746 0.31389 0.382734 0.37522 0.401197 0.401728 0.616887 0.440768 0.357977 0.282346 0.524131 0.338241 0.470418 0.470173 0.453449 0.347251 1.0 0.298985 0.439139 0.601879; 0.411202 0.309064 0.427219 0.381746 0.267765 0.283242 0.317677 0.349925 0.334482 0.279593 0.450702 0.283257 0.508517 0.470772 0.366262 0.310516 0.345135 0.392192 0.477312 0.444568 0.286051 0.552452 0.224841 0.445443 0.256617 0.402804 0.298985 1.0 0.532734 0.353282; 0.471118 0.488617 0.645481 0.400392 0.483045 0.359312 0.517783 0.517327 0.568174 0.411498 0.594226 0.448611 0.673874 0.477848 0.382636 0.463815 0.395586 0.539924 0.608867 0.606063 0.349889 0.673947 0.368373 0.604273 0.37769 0.511272 0.439139 0.532734 1.0 0.442446; 0.464127 0.430631 0.326207 0.322628 0.321597 0.581208 0.468272 0.394319 0.35527 0.390543 0.485748 0.35846 0.477491 0.507371 0.498272 0.437385 0.686954 0.361231 0.336549 0.295243 0.398088 0.34267 0.431432 0.623441 0.478162 0.383726 0.601879 0.353282 0.442446 1.0]
  MOD.kernelmatrix!(layout,K_tst_nn,F,X,true) = [1.0 0.408753 0.39184 0.248578 0.362728 0.421389 0.309075 0.315922 0.299593 0.294228 0.344635 0.427809 0.540605 0.676726 0.331656 0.315669 0.374343 0.364112 0.406361 0.383607 0.288094 0.357303 0.375006 0.602644 0.275327 0.442573 0.35913 0.411202 0.471118 0.464127; 0.408753 1.0 0.480881 0.222255 0.571337 0.298767 0.479465 0.325282 0.433777 0.288157 0.372349 0.732842 0.59101 0.416108 0.30016 0.513941 0.314997 0.349151 0.319399 0.408097 0.225256 0.373043 0.389488 0.587476 0.466736 0.357288 0.37506 0.309064 0.488617 0.430631; 0.39184 0.480881 1.0 0.308776 0.503707 0.25447 0.407623 0.427445 0.560952 0.341698 0.419114 0.489606 0.605181 0.361198 0.3202 0.469614 0.279831 0.374548 0.536397 0.83387 0.251917 0.644484 0.333651 0.48758 0.337988 0.523569 0.311673 0.427219 0.645481 0.326207; 0.248578 0.222255 0.308776 1.0 0.221107 0.315176 0.368547 0.567811 0.397905 0.487293 0.566607 0.19183 0.304478 0.257772 0.420369 0.314278 0.408108 0.347882 0.456372 0.310452 0.515578 0.450705 0.255558 0.308197 0.284627 0.368934 0.379533 0.381746 0.400392 0.322628; 0.362728 0.571337 0.503707 0.221107 1.0 0.276325 0.440224 0.352088 0.47346 0.312128 0.34302 0.620847 0.454399 0.330098 0.231271 0.394538 0.255506 0.399017 0.365573 0.444733 0.231923 0.367785 0.411733 0.437553 0.338394 0.349984 0.349611 0.267765 0.483045 0.321597; 0.421389 0.298767 0.25447 0.315176 0.276325 1.0 0.366209 0.381381 0.290429 0.418343 0.404879 0.26936 0.335797 0.411266 0.376564 0.296466 0.612263 0.362398 0.327559 0.239496 0.516315 0.273652 0.445536 0.433655 0.318948 0.335673 0.608597 0.283242 0.359312 0.581208; 0.309075 0.479465 0.407623 0.368547 0.440224 0.366209 1.0 0.506188 0.59287 0.443853 0.613086 0.379655 0.444041 0.335523 0.363493 0.531476 0.430056 0.454813 0.367476 0.355097 0.362745 0.423573 0.392724 0.471511 0.565087 0.345261 0.579079 0.317677 0.517783 0.468272; 0.315922 0.325282 0.427445 0.567811 0.352088 0.381381 0.506188 1.0 0.609615 0.740364 0.614019 0.291972 0.391498 0.296457 0.436481 0.448774 0.433065 0.401092 0.558758 0.410316 0.52446 0.512621 0.420385 0.406886 0.388143 0.501323 0.495567 0.349925 0.517327 0.394319; 0.299593 0.433777 0.560952 0.397905 0.47346 0.290429 0.59287 0.609615 1.0 0.491364 0.54172 0.38633 0.453917 0.289012 0.357173 0.564825 0.334729 0.394799 0.482059 0.502178 0.333324 0.560258 0.390605 0.427555 0.450971 0.452616 0.416237 0.334482 0.568174 0.35527; 0.294228 0.288157 0.341698 0.487293 0.312128 0.418343 0.443853 0.740364 0.491364 1.0 0.500314 0.261452 0.32801 0.265115 0.426653 0.404615 0.443931 0.336384 0.455508 0.325996 0.583855 0.388802 0.477882 0.365019 0.373127 0.457703 0.51062 0.279593 0.411498 0.390543; 0.344635 0.372349 0.419114 0.566607 0.34302 0.404879 0.613086 0.614019 0.54172 0.500314 1.0 0.307347 0.465741 0.38039 0.462066 0.456925 0.523401 0.498896 0.483644 0.39139 0.475703 0.541292 0.342825 0.481887 0.4347 0.413285 0.557746 0.450702 0.594226 0.485748; 0.427809 0.732842 0.489606 0.19183 0.620847 0.26936 0.379655 0.291972 0.38633 0.261452 0.307347 1.0 0.542654 0.391872 0.255741 0.426744 0.261946 0.317267 0.317841 0.426849 0.199275 0.344678 0.387912 0.52162 0.361703 0.361519 0.31389 0.283257 0.448611 0.35846; 0.540605 0.59101 0.605181 0.304478 0.454399 0.335797 0.444041 0.391498 0.453917 0.32801 0.465741 0.542654 1.0 0.558307 0.395538 0.495227 0.379198 0.404546 0.457804 0.549677 0.277379 0.541207 0.356921 0.745265 0.400652 0.493941 0.382734 0.508517 0.673874 0.477491; 0.676726 0.416108 0.361198 0.257772 0.330098 0.411266 0.335523 0.296457 0.289012 0.265115 0.38039 0.391872 0.558307 1.0 0.333801 0.311345 0.407042 0.406043 0.360381 0.34604 0.280233 0.357536 0.305491 0.615274 0.290404 0.359931 0.37522 0.470772 0.477848 0.507371; 0.331656 0.30016 0.3202 0.420369 0.231271 0.376564 0.363493 0.436481 0.357173 0.426653 0.462066 0.255741 0.395538 0.333801 1.0 0.457272 0.550793 0.255293 0.35751 0.3036 0.394457 0.388147 0.336003 0.440987 0.425407 0.462667 0.401197 0.366262 0.382636 0.498272; 0.315669 0.513941 0.469614 0.314278 0.394538 0.296466 0.531476 0.448774 0.564825 0.404615 0.456925 0.426744 0.495227 0.311345 0.457272 1.0 0.375314 0.288048 0.352905 0.404898 0.283769 0.441117 0.408175 0.49949 0.671999 0.445072 0.401728 0.310516 0.463815 0.437385; 0.374343 0.314997 0.279831 0.408108 0.255506 0.612263 0.430056 0.433065 0.334729 0.443931 0.523401 0.261946 0.379198 0.407042 0.550793 0.375314 1.0 0.346846 0.340253 0.260469 0.525716 0.331713 0.37728 0.471667 0.412381 0.363405 0.616887 0.345135 0.395586 0.686954; 0.364112 0.349151 0.374548 0.347882 0.399017 0.362398 0.454813 0.401092 0.394799 0.336384 0.498896 0.317267 0.404546 0.406043 0.255293 0.288048 0.346846 1.0 0.434017 0.360512 0.352663 0.408461 0.290848 0.405826 0.273509 0.303974 0.440768 0.392192 0.539924 0.361231; 0.406361 0.319399 0.536397 0.456372 0.365573 0.327559 0.367476 0.558758 0.482059 0.455508 0.483644 0.317841 0.457804 0.360381 0.35751 0.352905 0.340253 0.434017 1.0 0.576562 0.387641 0.628569 0.341765 0.426231 0.273677 0.588412 0.357977 0.477312 0.608867 0.336549; 0.383607 0.408097 0.83387 0.310452 0.444733 0.239496 0.355097 0.410316 0.502178 0.325996 0.39139 0.426849 0.549677 0.34604 0.3036 0.404898 0.260469 0.360512 0.576562 1.0 0.245803 0.654832 0.303737 0.440871 0.289183 0.530559 0.282346 0.444568 0.606063 0.295243; 0.288094 0.225256 0.251917 0.515578 0.231923 0.516315 0.362745 0.52446 0.333324 0.583855 0.475703 0.199275 0.277379 0.280233 0.394457 0.283769 0.525716 0.352663 0.387641 0.245803 1.0 0.315038 0.356071 0.323331 0.286427 0.346102 0.524131 0.286051 0.349889 0.398088; 0.357303 0.373043 0.644484 0.450705 0.367785 0.273652 0.423573 0.512621 0.560258 0.388802 0.541292 0.344678 0.541207 0.357536 0.388147 0.441117 0.331713 0.408461 0.628569 0.654832 0.315038 1.0 0.292007 0.454602 0.332413 0.522735 0.338241 0.552452 0.673947 0.34267; 0.375006 0.389488 0.333651 0.255558 0.411733 0.445536 0.392724 0.420385 0.390605 0.477882 0.342825 0.387912 0.356921 0.305491 0.336003 0.408175 0.37728 0.290848 0.341765 0.303737 0.356071 0.292007 1.0 0.430027 0.389889 0.421551 0.470418 0.224841 0.368373 0.431432; 0.602644 0.587476 0.48758 0.308197 0.437553 0.433655 0.471511 0.406886 0.427555 0.365019 0.481887 0.52162 0.745265 0.615274 0.440987 0.49949 0.471667 0.405826 0.426231 0.440871 0.323331 0.454602 0.430027 1.0 0.44538 0.486319 0.470173 0.445443 0.604273 0.623441; 0.275327 0.466736 0.337988 0.284627 0.338394 0.318948 0.565087 0.388143 0.450971 0.373127 0.4347 0.361703 0.400652 0.290404 0.425407 0.671999 0.412381 0.273509 0.273677 0.289183 0.286427 0.332413 0.389889 0.44538 1.0 0.33024 0.453449 0.256617 0.37769 0.478162; 0.442573 0.357288 0.523569 0.368934 0.349984 0.335673 0.345261 0.501323 0.452616 0.457703 0.413285 0.361519 0.493941 0.359931 0.462667 0.445072 0.363405 0.303974 0.588412 0.530559 0.346102 0.522735 0.421551 0.486319 0.33024 1.0 0.347251 0.402804 0.511272 0.383726; 0.35913 0.37506 0.311673 0.379533 0.349611 0.608597 0.579079 0.495567 0.416237 0.51062 0.557746 0.31389 0.382734 0.37522 0.401197 0.401728 0.616887 0.440768 0.357977 0.282346 0.524131 0.338241 0.470418 0.470173 0.453449 0.347251 1.0 0.298985 0.439139 0.601879; 0.411202 0.309064 0.427219 0.381746 0.267765 0.283242 0.317677 0.349925 0.334482 0.279593 0.450702 0.283257 0.508517 0.470772 0.366262 0.310516 0.345135 0.392192 0.477312 0.444568 0.286051 0.552452 0.224841 0.445443 0.256617 0.402804 0.298985 1.0 0.532734 0.353282; 0.471118 0.488617 0.645481 0.400392 0.483045 0.359312 0.517783 0.517327 0.568174 0.411498 0.594226 0.448611 0.673874 0.477848 0.382636 0.463815 0.395586 0.539924 0.608867 0.606063 0.349889 0.673947 0.368373 0.604273 0.37769 0.511272 0.439139 0.532734 1.0 0.442446; 0.464127 0.430631 0.326207 0.322628 0.321597 0.581208 0.468272 0.394319 0.35527 0.390543 0.485748 0.35846 0.477491 0.507371 0.498272 0.437385 0.686954 0.361231 0.336549 0.295243 0.398088 0.34267 0.431432 0.623441 0.478162 0.383726 0.601879 0.353282 0.442446 1.0]
  difference = 2.9802321943606103e-8 > 1.9984014443252818e-9
 in test_approx_eq(::Array{Float64,2}, ::Array{Float64,2}, ::Float64, ::String, ::String) at ./test.jl:865
 in macro expansion; at /home/vagrant/.julia/v0.5/MLKernels/test/kernelmatrix.jl:74 [inlined]
 in anonymous at ./<missing>:?
 in include_from_node1(::String) at ./loading.jl:488 (repeats 2 times)
 in process_options(::Base.JLOptions) at ./client.jl:265
 in _start() at ./client.jl:321
while loading /home/vagrant/.julia/v0.5/MLKernels/test/kernelmatrix.jl, in expression starting on line 59
while loading /home/vagrant/.julia/v0.5/MLKernels/test/runtests.jl, in expression starting on line 30
==============================[ ERROR: MLKernels ]==============================

failed process: Process(`/home/vagrant/julia/bin/julia -Cx86-64 -J/home/vagrant/julia/lib/julia/sys.so --compile=yes --depwarn=yes --check-bounds=yes --code-coverage=none --color=no --compilecache=yes /home/vagrant/.julia/v0.5/MLKernels/test/runtests.jl`, ProcessExited(1)) [1]

================================================================================
ERROR: MLKernels had test errors
 in #test#61(::Bool, ::Function, ::Array{AbstractString,1}) at ./pkg/entry.jl:748
 in (::Base.Pkg.Entry.#kw##test)(::Array{Any,1}, ::Base.Pkg.Entry.#test, ::Array{AbstractString,1}) at ./<missing>:0
 in (::Base.Pkg.Dir.##2#3{Array{Any,1},Base.Pkg.Entry.#test,Tuple{Array{AbstractString,1}}})() at ./pkg/dir.jl:31
 in cd(::Base.Pkg.Dir.##2#3{Array{Any,1},Base.Pkg.Entry.#test,Tuple{Array{AbstractString,1}}}, ::String) at ./file.jl:59
 in #cd#1(::Array{Any,1}, ::Function, ::Function, ::Array{AbstractString,1}, ::Vararg{Array{AbstractString,1},N}) at ./pkg/dir.jl:31
 in (::Base.Pkg.Dir.#kw##cd)(::Array{Any,1}, ::Base.Pkg.Dir.#cd, ::Function, ::Array{AbstractString,1}, ::Vararg{Array{AbstractString,1},N}) at ./<missing>:0
 in #test#3(::Bool, ::Function, ::String, ::Vararg{String,N}) at ./pkg/pkg.jl:258
 in test(::String, ::Vararg{String,N}) at ./pkg/pkg.jl:258
 in eval(::Module, ::Any) at ./boot.jl:234
 in process_options(::Base.JLOptions) at ./client.jl:242
 in _start() at ./client.jl:321

>>> End of log
