>>> 'Pkg.add("MLKernels")' log
INFO: Cloning cache of MLKernels from https://github.com/trthatcher/MLKernels.jl.git
INFO: Installing MLKernels v0.2.0
INFO: Package database updated

>>> 'Pkg.test("MLKernels")' log
Julia Version 0.5.2
Commit f4c6c9d (2017-05-06 16:34 UTC)
Platform Info:
  OS: Linux (x86_64-pc-linux-gnu)
  CPU: Intel(R) Xeon(R) CPU E3-1241 v3 @ 3.50GHz
  WORD_SIZE: 64
           Ubuntu 14.04.5 LTS
  uname: Linux 3.13.0-121-generic #170-Ubuntu SMP Wed Jun 14 09:04:33 UTC 2017 x86_64 x86_64
Memory: 2.9392738342285156 GB (706.26953125 MB free)
Uptime: 12177.0 sec
Load Avg:  1.01123046875  1.021484375  1.04541015625
Intel(R) Xeon(R) CPU E3-1241 v3 @ 3.50GHz: 
       speed         user         nice          sys         idle          irq
#1  3500 MHz     690140 s         66 s      83726 s     304516 s         13 s
#2  3500 MHz     238162 s       6340 s      35644 s     902099 s          0 s

  BLAS: libopenblas (USE64BITINT DYNAMIC_ARCH NO_AFFINITY Nehalem)
  LAPACK: libopenblas64_
  LIBM: libopenlibm
  LLVM: libLLVM-3.7.1 (ORCJIT, haswell)
Environment:
  TERM = vt100
  LD_LIBRARY_PATH = :/usr/local/lib/
  PATH = /usr/local/sbin:/usr/local/bin:/usr/sbin:/usr/bin:/sbin:/bin:/usr/games:/usr/local/games:/home/vagrant/julia/bin/
  JAVA_HOME = /usr/lib/jvm/java-8-openjdk-amd64
  HOME = /home/vagrant

Package Directory: /home/vagrant/.julia/v0.5
2 required packages:
 - JSON                          0.12.0
 - MLKernels                     0.2.0
1 additional packages:
 - Compat                        0.26.0
INFO: Testing MLKernels
INFO: Testing MLKernels.HyperParameters.OpenBound{T<:Real}
INFO: Testing MLKernels.HyperParameters.ClosedBound{T<:Real}
INFO: Testing MLKernels.HyperParameters.NullBound{T<:Real}
INFO: Testing MLKernels.HyperParameters.Interval{T<:Real,A<:MLKernels.HyperParameters.Bound,B<:MLKernels.HyperParameters.Bound}
INFO: Testing MLKernels.HyperParameters.interval
INFO: Testing MLKernels.HyperParameters.checkvalue
INFO: Testing MLKernels.HyperParameters.lowerboundtheta
INFO: Testing MLKernels.HyperParameters.upperboundtheta
INFO: Testing MLKernels.HyperParameters.theta
INFO: Testing MLKernels.HyperParameters.eta
INFO: Testing MLKernels.HyperParameters.HyperParameter{T<:Real}
INFO: Testing MLKernels.PairwiseFunctions.dotvectors!
INFO: Testing MLKernels.PairwiseFunctions.gramian!
INFO: Testing MLKernels.PairwiseFunctions.squared_distance!
INFO: Testing MLKernels.PairwiseFunctions.SquaredEuclidean
INFO: Testing MLKernels.PairwiseFunctions.SineSquared
INFO: Testing MLKernels.PairwiseFunctions.ChiSquared
INFO: Testing MLKernels.PairwiseFunctions.ScalarProduct
INFO: Testing MLKernels.PairwiseFunctions.unsafe_pairwise
INFO: Testing MLKernels.PairwiseFunctions.pairwise
INFO: Testing MLKernels.PairwiseFunctions.allocate_pairwisematrix
INFO: Testing MLKernels.PairwiseFunctions.checkdimensions
INFO: Testing MLKernels.PairwiseFunctions.pairwisematrix!
INFO: Testing MLKernels.ExponentialKernel{T<:AbstractFloat}
INFO: Testing MLKernels.SquaredExponentialKernel{T<:AbstractFloat}
INFO: Testing MLKernels.GammaExponentialKernel{T<:AbstractFloat}
INFO: Testing MLKernels.RationalQuadraticKernel{T<:AbstractFloat}
INFO: Testing MLKernels.GammaRationalKernel{T<:AbstractFloat}
INFO: Testing MLKernels.MaternKernel{T<:AbstractFloat}
INFO: Testing MLKernels.LinearKernel{T<:AbstractFloat}
INFO: Testing MLKernels.PolynomialKernel{T<:AbstractFloat,U<:Integer}
INFO: Testing MLKernels.ExponentiatedKernel{T<:AbstractFloat}
INFO: Testing MLKernels.PeriodicKernel{T<:AbstractFloat}
INFO: Testing MLKernels.PowerKernel{T<:AbstractFloat}
INFO: Testing MLKernels.LogKernel{T<:AbstractFloat}
INFO: Testing MLKernels.SigmoidKernel{T<:AbstractFloat}
INFO: Testing MLKernels.kappa
INFO: Testing MLKernels.HyperParameters.gettheta
INFO: Testing MLKernels.HyperParameters.settheta!
INFO: Testing MLKernels.HyperParameters.checktheta
INFO: Testing MLKernels.kernel
INFO: Testing MLKernels.kappamatrix!
INFO: Testing MLKernels.symmetric_kappamatrix!
INFO: Testing MLKernels.kernelmatrix!
ERROR: LoadError: LoadError: assertion failed: |K - MOD.kernelmatrix!(layout,K_tst_nn,F,X,true)| <= 1.9984014443252818e-9
  K = [1.0 0.262898 0.38546 0.335242 0.410206 0.371875 0.548161 0.351402 0.648311 0.409029 0.423112 0.379885 0.513184 0.291006 0.396524 0.369951 0.340348 0.540314 0.565389 0.463588 0.29678 0.370344 0.34583 0.45101 0.442869 0.578233 0.415399 0.383752 0.469068 0.380861; 0.262898 1.0 0.468511 0.282671 0.553679 0.278932 0.275965 0.2527 0.283499 0.455141 0.294857 0.354439 0.359606 0.389041 0.274009 0.301493 0.42849 0.355637 0.269961 0.362593 0.442287 0.252831 0.480663 0.245639 0.242219 0.299398 0.453054 0.382365 0.253887 0.459965; 0.38546 0.468511 1.0 0.391703 0.63478 0.291268 0.385146 0.249318 0.382437 0.596863 0.330641 0.403737 0.367836 0.436612 0.280456 0.359828 0.448268 0.622055 0.372584 0.674738 0.382342 0.297879 0.502359 0.302044 0.271931 0.369124 0.759059 0.424214 0.339012 0.497221; 0.335242 0.282671 0.391703 1.0 0.412647 0.204898 0.327393 0.332102 0.287584 0.286156 0.203893 0.287097 0.272322 0.444606 0.212274 0.201224 0.410324 0.411833 0.22832 0.322699 0.329266 0.297213 0.286796 0.230951 0.240161 0.241647 0.316914 0.291911 0.292727 0.494912; 0.410206 0.553679 0.63478 0.412647 1.0 0.295436 0.366511 0.296524 0.372747 0.567961 0.324596 0.47499 0.478289 0.422196 0.298216 0.311736 0.478507 0.603869 0.351955 0.513161 0.382815 0.320097 0.437308 0.288805 0.306086 0.372849 0.592326 0.51607 0.352574 0.610118; 0.371875 0.278932 0.291268 0.204898 0.295436 1.0 0.549548 0.38477 0.501758 0.400972 0.736142 0.38139 0.441393 0.32008 0.84717 0.398495 0.393373 0.280201 0.400363 0.347767 0.373622 0.474985 0.407456 0.688233 0.592271 0.47562 0.335033 0.366958 0.490242 0.330844; 0.548161 0.275965 0.385146 0.327393 0.366511 0.549548 1.0 0.445644 0.648406 0.435754 0.540694 0.415038 0.447719 0.407085 0.554376 0.388926 0.4677 0.408963 0.457001 0.463422 0.39179 0.555398 0.420084 0.67055 0.572262 0.506307 0.407809 0.398627 0.630113 0.42579; 0.351402 0.2527 0.249318 0.332102 0.296524 0.38477 0.445644 1.0 0.372709 0.266111 0.323226 0.313445 0.367712 0.385137 0.427887 0.234638 0.441797 0.263272 0.256634 0.247208 0.401696 0.488484 0.297525 0.394784 0.468496 0.312236 0.241644 0.304944 0.404301 0.414731; 0.648311 0.283499 0.382437 0.287584 0.372747 0.501758 0.648406 0.372709 1.0 0.423802 0.578368 0.34848 0.473647 0.311861 0.521632 0.522067 0.361637 0.442385 0.666783 0.465916 0.374801 0.382646 0.4527 0.640445 0.473857 0.747369 0.42722 0.348231 0.458626 0.358594; 0.409029 0.455141 0.596863 0.286156 0.567961 0.400972 0.435754 0.266111 0.423802 1.0 0.461031 0.571441 0.501074 0.390034 0.380054 0.380022 0.462319 0.51564 0.421694 0.665795 0.349754 0.370261 0.47572 0.371039 0.369184 0.433717 0.719726 0.596143 0.440047 0.475603; 0.423112 0.294857 0.330641 0.203893 0.324596 0.736142 0.540694 0.323226 0.578368 0.461031 1.0 0.38456 0.475775 0.293258 0.691173 0.497015 0.358641 0.327761 0.519601 0.413637 0.352915 0.40025 0.446143 0.66949 0.519471 0.596576 0.398494 0.378176 0.462168 0.321028; 0.379885 0.354439 0.403737 0.287097 0.47499 0.38139 0.415038 0.313445 0.34848 0.571441 0.38456 1.0 0.553513 0.385816 0.378298 0.247339 0.491345 0.405421 0.307474 0.43862 0.286113 0.492821 0.317022 0.332984 0.454936 0.334345 0.435366 0.893368 0.55358 0.518344; 0.513184 0.359606 0.367836 0.272322 0.478289 0.441393 0.447719 0.367712 0.473647 0.501074 0.475775 0.553513 1.0 0.309386 0.472877 0.325315 0.4021 0.431183 0.432472 0.408238 0.315661 0.417381 0.353857 0.405311 0.523445 0.496646 0.417199 0.574761 0.486996 0.447118; 0.291006 0.389041 0.436612 0.444606 0.422196 0.32008 0.407085 0.385137 0.311861 0.390034 0.293258 0.385816 0.309386 1.0 0.311632 0.248331 0.748102 0.341671 0.238293 0.370105 0.49712 0.43269 0.411757 0.311794 0.314992 0.266014 0.377778 0.380116 0.377852 0.613519; 0.396524 0.274009 0.280456 0.212274 0.298216 0.84717 0.554376 0.427887 0.521632 0.380054 0.691173 0.378298 0.472877 0.311632 1.0 0.383696 0.38796 0.28274 0.40496 0.330842 0.371566 0.483553 0.387485 0.68853 0.647505 0.492416 0.319433 0.365513 0.495153 0.336488; 0.369951 0.301493 0.359828 0.201224 0.311736 0.398495 0.388926 0.234638 0.522067 0.380022 0.497015 0.247339 0.325315 0.248331 0.383696 1.0 0.274065 0.341091 0.583671 0.410045 0.368309 0.237416 0.551061 0.447164 0.285793 0.587145 0.418742 0.253435 0.275618 0.260912; 0.340348 0.42849 0.448268 0.410324 0.478507 0.393373 0.4677 0.441797 0.361637 0.462319 0.358641 0.491345 0.4021 0.748102 0.38796 0.274065 1.0 0.373326 0.277087 0.403514 0.500433 0.525162 0.434328 0.364563 0.400509 0.316145 0.414567 0.483353 0.462769 0.711819; 0.540314 0.355637 0.622055 0.411833 0.603869 0.280201 0.408963 0.263272 0.442385 0.51564 0.327761 0.405421 0.431183 0.341671 0.28274 0.341091 0.373326 1.0 0.444795 0.629184 0.30724 0.300541 0.388607 0.311715 0.301485 0.426175 0.609726 0.427122 0.369691 0.455667; 0.565389 0.269961 0.372584 0.22832 0.351955 0.400363 0.457001 0.256634 0.666783 0.421694 0.519601 0.307474 0.432472 0.238293 0.40496 0.583671 0.277087 0.444795 1.0 0.475006 0.294787 0.277959 0.41396 0.475165 0.358119 0.786489 0.446479 0.31466 0.35437 0.287463; 0.463588 0.362593 0.674738 0.322699 0.513161 0.347767 0.463422 0.247208 0.465916 0.665795 0.413637 0.43862 0.408238 0.370105 0.330842 0.410045 0.403514 0.629184 0.475006 1.0 0.328789 0.332395 0.466324 0.372938 0.325897 0.448895 0.777272 0.44929 0.414111 0.423295; 0.29678 0.442287 0.382342 0.329266 0.382815 0.373622 0.39179 0.401696 0.374801 0.349754 0.352915 0.286113 0.315661 0.49712 0.371566 0.368309 0.500433 0.30724 0.294787 0.328789 1.0 0.325231 0.597122 0.368781 0.302269 0.344615 0.358551 0.290466 0.296345 0.438147; 0.370344 0.252831 0.297879 0.297213 0.320097 0.474985 0.555398 0.488484 0.382646 0.370261 0.40025 0.492821 0.417381 0.43269 0.483553 0.237416 0.525162 0.300541 0.277959 0.332395 0.325231 1.0 0.298826 0.44811 0.624932 0.318835 0.304939 0.452584 0.705383 0.45184; 0.34583 0.480663 0.502359 0.286796 0.437308 0.407456 0.420084 0.297525 0.4527 0.47572 0.446143 0.317022 0.353857 0.411757 0.387485 0.551061 0.434328 0.388607 0.41396 0.466324 0.597122 0.298826 1.0 0.409737 0.302365 0.452369 0.51959 0.326402 0.312792 0.399818; 0.45101 0.245639 0.302044 0.230951 0.288805 0.688233 0.67055 0.394784 0.640445 0.371039 0.66949 0.332984 0.405311 0.311794 0.68853 0.447164 0.364563 0.311715 0.475165 0.372938 0.368781 0.44811 0.409737 1.0 0.555065 0.546749 0.339808 0.321134 0.492206 0.317872; 0.442869 0.242219 0.271931 0.240161 0.306086 0.592271 0.572262 0.468496 0.473857 0.369184 0.519471 0.454936 0.523445 0.314992 0.647505 0.285793 0.400509 0.301485 0.358119 0.325897 0.302269 0.624932 0.302365 0.555065 1.0 0.420854 0.301256 0.429067 0.660905 0.36976; 0.578233 0.299398 0.369124 0.241647 0.372849 0.47562 0.506307 0.312236 0.747369 0.433717 0.596576 0.334345 0.496646 0.266014 0.492416 0.587145 0.316145 0.426175 0.786489 0.448895 0.344615 0.318835 0.452369 0.546749 0.420854 1.0 0.43523 0.341206 0.388915 0.322003; 0.415399 0.453054 0.759059 0.316914 0.592326 0.335033 0.407809 0.241644 0.42722 0.719726 0.398494 0.435366 0.417199 0.377778 0.319433 0.418742 0.414567 0.609726 0.446479 0.777272 0.358551 0.304939 0.51959 0.339808 0.301256 0.43523 1.0 0.457947 0.364598 0.444734; 0.383752 0.382365 0.424214 0.291911 0.51607 0.366958 0.398627 0.304944 0.348231 0.596143 0.378176 0.893368 0.574761 0.380116 0.365513 0.253435 0.483353 0.427122 0.31466 0.44929 0.290466 0.452584 0.326402 0.321134 0.429067 0.341206 0.457947 1.0 0.510736 0.530206; 0.469068 0.253887 0.339012 0.292727 0.352574 0.490242 0.630113 0.404301 0.458626 0.440047 0.462168 0.55358 0.486996 0.377852 0.495153 0.275618 0.462769 0.369691 0.35437 0.414111 0.296345 0.705383 0.312792 0.492206 0.660905 0.388915 0.364598 0.510736 1.0 0.433391; 0.380861 0.459965 0.497221 0.494912 0.610118 0.330844 0.42579 0.414731 0.358594 0.475603 0.321028 0.518344 0.447118 0.613519 0.336488 0.260912 0.711819 0.455667 0.287463 0.423295 0.438147 0.45184 0.399818 0.317872 0.36976 0.322003 0.444734 0.530206 0.433391 1.0]
  MOD.kernelmatrix!(layout,K_tst_nn,F,X,true) = [1.0 0.262898 0.38546 0.335242 0.410206 0.371875 0.548161 0.351402 0.648311 0.409029 0.423112 0.379885 0.513184 0.291006 0.396524 0.369951 0.340348 0.540314 0.565389 0.463588 0.29678 0.370344 0.34583 0.45101 0.442869 0.578233 0.415399 0.383752 0.469068 0.380861; 0.262898 1.0 0.468511 0.282671 0.553679 0.278932 0.275965 0.2527 0.283499 0.455141 0.294857 0.354439 0.359606 0.389041 0.274009 0.301493 0.42849 0.355637 0.269961 0.362593 0.442287 0.252831 0.480663 0.245639 0.242219 0.299398 0.453054 0.382365 0.253887 0.459965; 0.38546 0.468511 1.0 0.391703 0.63478 0.291268 0.385146 0.249318 0.382437 0.596863 0.330641 0.403737 0.367836 0.436612 0.280456 0.359828 0.448268 0.622055 0.372584 0.674738 0.382342 0.297879 0.502359 0.302044 0.271931 0.369124 0.759059 0.424214 0.339012 0.497221; 0.335242 0.282671 0.391703 1.0 0.412647 0.204898 0.327393 0.332102 0.287584 0.286156 0.203893 0.287097 0.272322 0.444606 0.212274 0.201224 0.410324 0.411833 0.22832 0.322699 0.329266 0.297213 0.286796 0.230951 0.240161 0.241647 0.316914 0.291911 0.292727 0.494912; 0.410206 0.553679 0.63478 0.412647 1.0 0.295436 0.366511 0.296524 0.372747 0.567961 0.324596 0.47499 0.478289 0.422196 0.298216 0.311736 0.478507 0.603869 0.351955 0.513161 0.382815 0.320097 0.437308 0.288805 0.306086 0.372849 0.592326 0.51607 0.352574 0.610118; 0.371875 0.278932 0.291268 0.204898 0.295436 1.0 0.549548 0.38477 0.501758 0.400972 0.736142 0.38139 0.441393 0.32008 0.84717 0.398495 0.393373 0.280201 0.400363 0.347767 0.373622 0.474985 0.407456 0.688233 0.592271 0.47562 0.335033 0.366958 0.490242 0.330844; 0.548161 0.275965 0.385146 0.327393 0.366511 0.549548 1.0 0.445644 0.648406 0.435754 0.540694 0.415038 0.447719 0.407085 0.554376 0.388926 0.4677 0.408963 0.457001 0.463422 0.39179 0.555398 0.420084 0.67055 0.572262 0.506307 0.407809 0.398627 0.630113 0.42579; 0.351402 0.2527 0.249318 0.332102 0.296524 0.38477 0.445644 1.0 0.372709 0.266111 0.323226 0.313445 0.367712 0.385137 0.427887 0.234638 0.441797 0.263272 0.256634 0.247208 0.401696 0.488484 0.297525 0.394784 0.468496 0.312236 0.241644 0.304944 0.404301 0.414731; 0.648311 0.283499 0.382437 0.287584 0.372747 0.501758 0.648406 0.372709 1.0 0.423802 0.578368 0.34848 0.473647 0.311861 0.521632 0.522067 0.361637 0.442385 0.666783 0.465916 0.374801 0.382646 0.4527 0.640445 0.473857 0.747369 0.42722 0.348231 0.458626 0.358594; 0.409029 0.455141 0.596863 0.286156 0.567961 0.400972 0.435754 0.266111 0.423802 1.0 0.461031 0.571441 0.501074 0.390034 0.380054 0.380022 0.462319 0.51564 0.421694 0.665795 0.349754 0.370261 0.47572 0.371039 0.369184 0.433717 0.719726 0.596143 0.440047 0.475603; 0.423112 0.294857 0.330641 0.203893 0.324596 0.736142 0.540694 0.323226 0.578368 0.461031 1.0 0.38456 0.475775 0.293258 0.691173 0.497015 0.358641 0.327761 0.519601 0.413637 0.352915 0.40025 0.446143 0.66949 0.519471 0.596576 0.398494 0.378176 0.462168 0.321028; 0.379885 0.354439 0.403737 0.287097 0.47499 0.38139 0.415038 0.313445 0.34848 0.571441 0.38456 1.0 0.553513 0.385816 0.378298 0.247339 0.491345 0.405421 0.307474 0.43862 0.286113 0.492821 0.317022 0.332984 0.454936 0.334345 0.435366 0.893368 0.55358 0.518344; 0.513184 0.359606 0.367836 0.272322 0.478289 0.441393 0.447719 0.367712 0.473647 0.501074 0.475775 0.553513 1.0 0.309386 0.472877 0.325315 0.4021 0.431183 0.432472 0.408238 0.315661 0.417381 0.353857 0.405311 0.523445 0.496646 0.417199 0.574761 0.486996 0.447118; 0.291006 0.389041 0.436612 0.444606 0.422196 0.32008 0.407085 0.385137 0.311861 0.390034 0.293258 0.385816 0.309386 1.0 0.311632 0.248331 0.748102 0.341671 0.238293 0.370105 0.49712 0.43269 0.411757 0.311794 0.314992 0.266014 0.377778 0.380116 0.377852 0.613519; 0.396524 0.274009 0.280456 0.212274 0.298216 0.84717 0.554376 0.427887 0.521632 0.380054 0.691173 0.378298 0.472877 0.311632 1.0 0.383696 0.38796 0.28274 0.40496 0.330842 0.371566 0.483553 0.387485 0.68853 0.647505 0.492416 0.319433 0.365513 0.495153 0.336488; 0.369951 0.301493 0.359828 0.201224 0.311736 0.398495 0.388926 0.234638 0.522067 0.380022 0.497015 0.247339 0.325315 0.248331 0.383696 1.0 0.274065 0.341091 0.583671 0.410045 0.368309 0.237416 0.551061 0.447164 0.285793 0.587145 0.418742 0.253435 0.275618 0.260912; 0.340348 0.42849 0.448268 0.410324 0.478507 0.393373 0.4677 0.441797 0.361637 0.462319 0.358641 0.491345 0.4021 0.748102 0.38796 0.274065 1.0 0.373326 0.277087 0.403514 0.500433 0.525162 0.434328 0.364563 0.400509 0.316145 0.414567 0.483353 0.462769 0.711819; 0.540314 0.355637 0.622055 0.411833 0.603869 0.280201 0.408963 0.263272 0.442385 0.51564 0.327761 0.405421 0.431183 0.341671 0.28274 0.341091 0.373326 1.0 0.444795 0.629184 0.30724 0.300541 0.388607 0.311715 0.301485 0.426175 0.609726 0.427122 0.369691 0.455667; 0.565389 0.269961 0.372584 0.22832 0.351955 0.400363 0.457001 0.256634 0.666783 0.421694 0.519601 0.307474 0.432472 0.238293 0.40496 0.583671 0.277087 0.444795 1.0 0.475006 0.294787 0.277959 0.41396 0.475165 0.358119 0.786489 0.446479 0.31466 0.35437 0.287463; 0.463588 0.362593 0.674738 0.322699 0.513161 0.347767 0.463422 0.247208 0.465916 0.665795 0.413637 0.43862 0.408238 0.370105 0.330842 0.410045 0.403514 0.629184 0.475006 1.0 0.328789 0.332395 0.466324 0.372938 0.325897 0.448895 0.777272 0.44929 0.414111 0.423295; 0.29678 0.442287 0.382342 0.329266 0.382815 0.373622 0.39179 0.401696 0.374801 0.349754 0.352915 0.286113 0.315661 0.49712 0.371566 0.368309 0.500433 0.30724 0.294787 0.328789 1.0 0.325231 0.597122 0.368781 0.302269 0.344615 0.358551 0.290466 0.296345 0.438147; 0.370344 0.252831 0.297879 0.297213 0.320097 0.474985 0.555398 0.488484 0.382646 0.370261 0.40025 0.492821 0.417381 0.43269 0.483553 0.237416 0.525162 0.300541 0.277959 0.332395 0.325231 1.0 0.298826 0.44811 0.624932 0.318835 0.304939 0.452584 0.705383 0.45184; 0.34583 0.480663 0.502359 0.286796 0.437308 0.407456 0.420084 0.297525 0.4527 0.47572 0.446143 0.317022 0.353857 0.411757 0.387485 0.551061 0.434328 0.388607 0.41396 0.466324 0.597122 0.298826 1.0 0.409737 0.302365 0.452369 0.51959 0.326402 0.312792 0.399818; 0.45101 0.245639 0.302044 0.230951 0.288805 0.688233 0.67055 0.394784 0.640445 0.371039 0.66949 0.332984 0.405311 0.311794 0.68853 0.447164 0.364563 0.311715 0.475165 0.372938 0.368781 0.44811 0.409737 1.0 0.555065 0.546749 0.339808 0.321134 0.492206 0.317872; 0.442869 0.242219 0.271931 0.240161 0.306086 0.592271 0.572262 0.468496 0.473857 0.369184 0.519471 0.454936 0.523445 0.314992 0.647505 0.285793 0.400509 0.301485 0.358119 0.325897 0.302269 0.624932 0.302365 0.555065 1.0 0.420854 0.301256 0.429067 0.660905 0.36976; 0.578233 0.299398 0.369124 0.241647 0.372849 0.47562 0.506307 0.312236 0.747369 0.433717 0.596576 0.334345 0.496646 0.266014 0.492416 0.587145 0.316145 0.426175 0.786489 0.448895 0.344615 0.318835 0.452369 0.546749 0.420854 1.0 0.43523 0.341206 0.388915 0.322003; 0.415399 0.453054 0.759059 0.316914 0.592326 0.335033 0.407809 0.241644 0.42722 0.719726 0.398494 0.435366 0.417199 0.377778 0.319433 0.418742 0.414567 0.609726 0.446479 0.777272 0.358551 0.304939 0.51959 0.339808 0.301256 0.43523 1.0 0.457947 0.364598 0.444734; 0.383752 0.382365 0.424214 0.291911 0.51607 0.366958 0.398627 0.304944 0.348231 0.596143 0.378176 0.893368 0.574761 0.380116 0.365513 0.253435 0.483353 0.427122 0.31466 0.44929 0.290466 0.452584 0.326402 0.321134 0.429067 0.341206 0.457947 1.0 0.510736 0.530206; 0.469068 0.253887 0.339012 0.292727 0.352574 0.490242 0.630113 0.404301 0.458626 0.440047 0.462168 0.55358 0.486996 0.377852 0.495153 0.275618 0.462769 0.369691 0.35437 0.414111 0.296345 0.705383 0.312792 0.492206 0.660905 0.388915 0.364598 0.510736 1.0 0.433391; 0.380861 0.459965 0.497221 0.494912 0.610118 0.330844 0.42579 0.414731 0.358594 0.475603 0.321028 0.518344 0.447118 0.613519 0.336488 0.260912 0.711819 0.455667 0.287463 0.423295 0.438147 0.45184 0.399818 0.317872 0.36976 0.322003 0.444734 0.530206 0.433391 1.0]
  difference = 2.1073424005813024e-8 > 1.9984014443252818e-9
 in test_approx_eq(::Array{Float64,2}, ::Array{Float64,2}, ::Float64, ::String, ::String) at ./test.jl:865
 in macro expansion; at /home/vagrant/.julia/v0.5/MLKernels/test/kernelmatrix.jl:74 [inlined]
 in anonymous at ./<missing>:?
 in include_from_node1(::String) at ./loading.jl:488 (repeats 2 times)
 in process_options(::Base.JLOptions) at ./client.jl:265
 in _start() at ./client.jl:321
while loading /home/vagrant/.julia/v0.5/MLKernels/test/kernelmatrix.jl, in expression starting on line 59
while loading /home/vagrant/.julia/v0.5/MLKernels/test/runtests.jl, in expression starting on line 30
==============================[ ERROR: MLKernels ]==============================

failed process: Process(`/home/vagrant/julia/bin/julia -Cx86-64 -J/home/vagrant/julia/lib/julia/sys.so --compile=yes --depwarn=yes --check-bounds=yes --code-coverage=none --color=no --compilecache=yes /home/vagrant/.julia/v0.5/MLKernels/test/runtests.jl`, ProcessExited(1)) [1]

================================================================================
ERROR: MLKernels had test errors
 in #test#61(::Bool, ::Function, ::Array{AbstractString,1}) at ./pkg/entry.jl:748
 in (::Base.Pkg.Entry.#kw##test)(::Array{Any,1}, ::Base.Pkg.Entry.#test, ::Array{AbstractString,1}) at ./<missing>:0
 in (::Base.Pkg.Dir.##2#3{Array{Any,1},Base.Pkg.Entry.#test,Tuple{Array{AbstractString,1}}})() at ./pkg/dir.jl:31
 in cd(::Base.Pkg.Dir.##2#3{Array{Any,1},Base.Pkg.Entry.#test,Tuple{Array{AbstractString,1}}}, ::String) at ./file.jl:59
 in #cd#1(::Array{Any,1}, ::Function, ::Function, ::Array{AbstractString,1}, ::Vararg{Array{AbstractString,1},N}) at ./pkg/dir.jl:31
 in (::Base.Pkg.Dir.#kw##cd)(::Array{Any,1}, ::Base.Pkg.Dir.#cd, ::Function, ::Array{AbstractString,1}, ::Vararg{Array{AbstractString,1},N}) at ./<missing>:0
 in #test#3(::Bool, ::Function, ::String, ::Vararg{String,N}) at ./pkg/pkg.jl:258
 in test(::String, ::Vararg{String,N}) at ./pkg/pkg.jl:258
 in eval(::Module, ::Any) at ./boot.jl:234
 in process_options(::Base.JLOptions) at ./client.jl:242
 in _start() at ./client.jl:321

>>> End of log
