>>> 'Pkg.add("MLKernels")' log
INFO: Cloning cache of MLKernels from https://github.com/trthatcher/MLKernels.jl.git
INFO: Installing MLKernels v0.2.0
INFO: Package database updated
INFO: METADATA is out-of-date — you may not have the latest version of MLKernels
INFO: Use `Pkg.update()` to get the latest versions of your packages

>>> 'Pkg.test("MLKernels")' log
Julia Version 0.5.2
Commit f4c6c9d (2017-05-06 16:34 UTC)
Platform Info:
  OS: Linux (x86_64-pc-linux-gnu)
  CPU: Intel(R) Xeon(R) CPU E3-1241 v3 @ 3.50GHz
  WORD_SIZE: 64
           Ubuntu 14.04.5 LTS
  uname: Linux 3.13.0-121-generic #170-Ubuntu SMP Wed Jun 14 09:04:33 UTC 2017 x86_64 x86_64
Memory: 2.9392738342285156 GB (717.59765625 MB free)
Uptime: 12155.0 sec
Load Avg:  1.05419921875  1.02880859375  1.04833984375
Intel(R) Xeon(R) CPU E3-1241 v3 @ 3.50GHz: 
       speed         user         nice          sys         idle          irq
#1  3499 MHz     694730 s         78 s      70304 s     317655 s         16 s
#2  3499 MHz     236342 s       6822 s      32620 s     903055 s          0 s

  BLAS: libopenblas (USE64BITINT DYNAMIC_ARCH NO_AFFINITY Nehalem)
  LAPACK: libopenblas64_
  LIBM: libopenlibm
  LLVM: libLLVM-3.7.1 (ORCJIT, haswell)
Environment:
  TERM = vt100
  LD_LIBRARY_PATH = :/usr/local/lib/
  PATH = /usr/local/sbin:/usr/local/bin:/usr/sbin:/usr/bin:/sbin:/bin:/usr/games:/usr/local/games:/home/vagrant/julia/bin/
  JAVA_HOME = /usr/lib/jvm/java-8-openjdk-amd64
  HOME = /home/vagrant

Package Directory: /home/vagrant/.julia/v0.5
2 required packages:
 - JSON                          0.13.0
 - MLKernels                     0.2.0
1 additional packages:
 - Compat                        0.26.0
INFO: Testing MLKernels
INFO: Testing MLKernels.HyperParameters.OpenBound{T<:Real}
INFO: Testing MLKernels.HyperParameters.ClosedBound{T<:Real}
INFO: Testing MLKernels.HyperParameters.NullBound{T<:Real}
INFO: Testing MLKernels.HyperParameters.Interval{T<:Real,A<:MLKernels.HyperParameters.Bound,B<:MLKernels.HyperParameters.Bound}
INFO: Testing MLKernels.HyperParameters.interval
INFO: Testing MLKernels.HyperParameters.checkvalue
INFO: Testing MLKernels.HyperParameters.lowerboundtheta
INFO: Testing MLKernels.HyperParameters.upperboundtheta
INFO: Testing MLKernels.HyperParameters.theta
INFO: Testing MLKernels.HyperParameters.eta
INFO: Testing MLKernels.HyperParameters.HyperParameter{T<:Real}
INFO: Testing MLKernels.PairwiseFunctions.dotvectors!
INFO: Testing MLKernels.PairwiseFunctions.gramian!
INFO: Testing MLKernels.PairwiseFunctions.squared_distance!
INFO: Testing MLKernels.PairwiseFunctions.SquaredEuclidean
INFO: Testing MLKernels.PairwiseFunctions.SineSquared
INFO: Testing MLKernels.PairwiseFunctions.ChiSquared
INFO: Testing MLKernels.PairwiseFunctions.ScalarProduct
INFO: Testing MLKernels.PairwiseFunctions.unsafe_pairwise
INFO: Testing MLKernels.PairwiseFunctions.pairwise
INFO: Testing MLKernels.PairwiseFunctions.allocate_pairwisematrix
INFO: Testing MLKernels.PairwiseFunctions.checkdimensions
INFO: Testing MLKernels.PairwiseFunctions.pairwisematrix!
INFO: Testing MLKernels.ExponentialKernel{T<:AbstractFloat}
INFO: Testing MLKernels.SquaredExponentialKernel{T<:AbstractFloat}
INFO: Testing MLKernels.GammaExponentialKernel{T<:AbstractFloat}
INFO: Testing MLKernels.RationalQuadraticKernel{T<:AbstractFloat}
INFO: Testing MLKernels.GammaRationalKernel{T<:AbstractFloat}
INFO: Testing MLKernels.MaternKernel{T<:AbstractFloat}
INFO: Testing MLKernels.LinearKernel{T<:AbstractFloat}
INFO: Testing MLKernels.PolynomialKernel{T<:AbstractFloat,U<:Integer}
INFO: Testing MLKernels.ExponentiatedKernel{T<:AbstractFloat}
INFO: Testing MLKernels.PeriodicKernel{T<:AbstractFloat}
INFO: Testing MLKernels.PowerKernel{T<:AbstractFloat}
INFO: Testing MLKernels.LogKernel{T<:AbstractFloat}
INFO: Testing MLKernels.SigmoidKernel{T<:AbstractFloat}
INFO: Testing MLKernels.kappa
INFO: Testing MLKernels.HyperParameters.gettheta
INFO: Testing MLKernels.HyperParameters.settheta!
INFO: Testing MLKernels.HyperParameters.checktheta
INFO: Testing MLKernels.kernel
INFO: Testing MLKernels.kappamatrix!
INFO: Testing MLKernels.symmetric_kappamatrix!
INFO: Testing MLKernels.kernelmatrix!
ERROR: LoadError: LoadError: assertion failed: |K - MOD.kernelmatrix!(layout,K_tst_nn,F,X,true)| <= 1.9984014443252818e-9
  K = [1.0 0.421977 0.344814 0.283244 0.346735 0.294867 0.352157 0.355976 0.449686 0.262538 0.403735 0.570033 0.57409 0.319877 0.318167 0.365088 0.369996 0.347032 0.405128 0.562207 0.38524 0.298335 0.388296 0.374933 0.554039 0.39718 0.363927 0.399921 0.2582 0.282103; 0.421977 1.0 0.301991 0.449119 0.516291 0.411013 0.564511 0.326222 0.40848 0.215574 0.386017 0.501368 0.386488 0.438952 0.443432 0.399543 0.396372 0.35186 0.36173 0.486592 0.332804 0.360615 0.282829 0.506864 0.453032 0.39374 0.283159 0.661975 0.330404 0.368319; 0.344814 0.301991 1.0 0.238604 0.358693 0.409169 0.390661 0.646 0.319559 0.486258 0.648926 0.420756 0.475142 0.259106 0.345084 0.292517 0.336991 0.411201 0.350123 0.477204 0.498886 0.585336 0.332477 0.37335 0.470409 0.33533 0.630116 0.385118 0.348765 0.406915; 0.283244 0.449119 0.238604 1.0 0.592201 0.365103 0.49841 0.207871 0.335798 0.239106 0.324587 0.285978 0.266678 0.689987 0.547348 0.391342 0.435546 0.353598 0.311675 0.27888 0.231514 0.319049 0.356825 0.304219 0.319443 0.281843 0.227585 0.346369 0.511278 0.417363; 0.346735 0.516291 0.358693 0.592201 1.0 0.562752 0.595416 0.319706 0.436983 0.314947 0.44292 0.358186 0.351774 0.501307 0.667472 0.547067 0.620966 0.441355 0.46822 0.373695 0.325082 0.512842 0.380314 0.39244 0.461879 0.29697 0.299352 0.475907 0.586885 0.51732; 0.294867 0.411013 0.409169 0.365103 0.562752 1.0 0.427879 0.363577 0.472075 0.350311 0.47143 0.338549 0.376901 0.334955 0.606543 0.481084 0.524836 0.307184 0.480639 0.355485 0.436762 0.607964 0.306394 0.481666 0.382788 0.271081 0.309342 0.501233 0.466793 0.37113; 0.352157 0.564511 0.390661 0.49841 0.595416 0.427879 1.0 0.373072 0.325079 0.288372 0.48323 0.446367 0.360554 0.500307 0.482609 0.350357 0.392347 0.528931 0.324957 0.462116 0.321335 0.474559 0.329262 0.412731 0.471729 0.401646 0.365351 0.520168 0.465696 0.62962; 0.355976 0.326222 0.646 0.207871 0.319706 0.363577 0.373072 1.0 0.292134 0.316895 0.49407 0.46316 0.440203 0.218631 0.283074 0.272947 0.292502 0.376069 0.328469 0.552344 0.449196 0.495619 0.247756 0.382979 0.502389 0.319972 0.493521 0.435887 0.262787 0.352509; 0.449686 0.40848 0.319559 0.335798 0.436983 0.472075 0.325079 0.292134 1.0 0.305355 0.402416 0.38258 0.4922 0.339495 0.488985 0.564873 0.558946 0.259681 0.597817 0.374685 0.451727 0.355762 0.393251 0.452981 0.400035 0.293808 0.284804 0.423025 0.337526 0.258996; 0.262538 0.215574 0.486258 0.239106 0.314947 0.350311 0.288372 0.316895 0.305355 1.0 0.513333 0.273943 0.374706 0.270662 0.363004 0.267635 0.331476 0.307447 0.30673 0.285868 0.395543 0.417868 0.448675 0.274512 0.30409 0.266549 0.465438 0.248724 0.413215 0.324802; 0.403735 0.386017 0.648926 0.324587 0.44292 0.47143 0.48323 0.49407 0.402416 0.513333 1.0 0.509268 0.583476 0.374296 0.470612 0.334389 0.393523 0.415348 0.372039 0.525685 0.575133 0.551766 0.431009 0.484625 0.469229 0.460348 0.640944 0.457171 0.437992 0.438451; 0.570033 0.501368 0.420756 0.285978 0.358186 0.338549 0.446367 0.46316 0.38258 0.273943 0.509268 1.0 0.615411 0.334674 0.339906 0.298762 0.313925 0.357298 0.326061 0.813678 0.476416 0.355202 0.318088 0.531255 0.508345 0.584652 0.46458 0.546802 0.272696 0.327382; 0.57409 0.386488 0.475142 0.266678 0.351774 0.376901 0.360554 0.440203 0.4922 0.374706 0.583476 0.615411 1.0 0.314729 0.374789 0.338048 0.365837 0.316065 0.398722 0.593004 0.650736 0.377446 0.40722 0.508456 0.473452 0.474526 0.512581 0.445473 0.29812 0.291934; 0.319877 0.438952 0.259106 0.689987 0.501307 0.334955 0.500307 0.218631 0.339495 0.270662 0.374296 0.334674 0.314729 1.0 0.522422 0.332858 0.381985 0.356638 0.284479 0.313145 0.263241 0.304586 0.424156 0.331869 0.321159 0.372616 0.276509 0.345006 0.484676 0.403437; 0.318167 0.443432 0.345084 0.547348 0.667472 0.606543 0.482609 0.283074 0.488985 0.363004 0.470612 0.339906 0.374789 0.522422 1.0 0.484792 0.569018 0.33522 0.430716 0.336249 0.37391 0.467675 0.416291 0.43602 0.364396 0.315021 0.30549 0.435283 0.62353 0.40747; 0.365088 0.399543 0.292517 0.391342 0.547067 0.481084 0.350357 0.272947 0.564873 0.267635 0.334389 0.298762 0.338048 0.332858 0.484792 1.0 0.783389 0.310143 0.723568 0.314877 0.307184 0.389331 0.348572 0.329855 0.430983 0.217152 0.23184 0.382936 0.384233 0.311194; 0.369996 0.396372 0.336991 0.435546 0.620966 0.524836 0.392347 0.292502 0.558946 0.331476 0.393523 0.313925 0.365837 0.381985 0.569018 0.783389 1.0 0.355569 0.683091 0.330519 0.334028 0.446804 0.421404 0.34176 0.45027 0.240943 0.271161 0.384547 0.479485 0.36609; 0.347032 0.35186 0.411201 0.353598 0.441355 0.307184 0.528931 0.376069 0.259681 0.307447 0.415348 0.357298 0.316065 0.356638 0.33522 0.310143 0.355569 1.0 0.310494 0.400381 0.258233 0.422412 0.352827 0.261628 0.528848 0.298661 0.379232 0.332604 0.396779 0.663106; 0.405128 0.36173 0.350123 0.311675 0.46822 0.480639 0.324957 0.328469 0.597817 0.30673 0.372039 0.326061 0.398722 0.284479 0.430716 0.723568 0.683091 0.310494 1.0 0.351917 0.368592 0.420769 0.357412 0.34442 0.478619 0.225322 0.270522 0.384779 0.347931 0.296384; 0.562207 0.486592 0.477204 0.27888 0.373695 0.355485 0.462116 0.552344 0.374685 0.285868 0.525685 0.813678 0.593004 0.313145 0.336249 0.314877 0.330519 0.400381 0.351917 1.0 0.47235 0.399216 0.312637 0.495359 0.591164 0.497411 0.485451 0.556882 0.280409 0.357611; 0.38524 0.332804 0.498886 0.231514 0.325082 0.436762 0.321335 0.449196 0.451727 0.395543 0.575133 0.476416 0.650736 0.263241 0.37391 0.307184 0.334028 0.258233 0.368592 0.47235 1.0 0.415984 0.32257 0.560415 0.3739 0.391356 0.475189 0.439237 0.291369 0.26479; 0.298335 0.360615 0.585336 0.319049 0.512842 0.607964 0.474559 0.495619 0.355762 0.417868 0.551766 0.355202 0.377446 0.304586 0.467675 0.389331 0.446804 0.422412 0.420769 0.399216 0.415984 1.0 0.313708 0.393625 0.457071 0.279171 0.404336 0.448914 0.47152 0.496823; 0.388296 0.282829 0.332477 0.356825 0.380314 0.306394 0.329262 0.247756 0.393251 0.448675 0.431009 0.318088 0.40722 0.424156 0.416291 0.348572 0.421404 0.352827 0.357412 0.312637 0.32257 0.313708 1.0 0.274575 0.359229 0.315017 0.362677 0.263209 0.429991 0.329277; 0.374933 0.506864 0.37335 0.304219 0.39244 0.481666 0.412731 0.382979 0.452981 0.274512 0.484625 0.531255 0.508456 0.331869 0.43602 0.329855 0.34176 0.261628 0.34442 0.495359 0.560415 0.393625 0.274575 1.0 0.368019 0.445994 0.356015 0.656641 0.303532 0.288434; 0.554039 0.453032 0.470409 0.319443 0.461879 0.382788 0.471729 0.502389 0.400035 0.30409 0.469229 0.508345 0.473452 0.321159 0.364396 0.430983 0.45027 0.528848 0.478619 0.591164 0.3739 0.457071 0.359229 0.368019 1.0 0.333297 0.401236 0.468315 0.333209 0.429864; 0.39718 0.39374 0.33533 0.281843 0.29697 0.271081 0.401646 0.319972 0.293808 0.266549 0.460348 0.584652 0.474526 0.372616 0.315021 0.217152 0.240943 0.298661 0.225322 0.497411 0.391356 0.279171 0.315017 0.445994 0.333297 1.0 0.447187 0.394253 0.265997 0.29666; 0.363927 0.283159 0.630116 0.227585 0.299352 0.309342 0.365351 0.493521 0.284804 0.465438 0.640944 0.46458 0.512581 0.276509 0.30549 0.23184 0.271161 0.379232 0.270522 0.485451 0.475189 0.404336 0.362677 0.356015 0.401236 0.447187 1.0 0.335364 0.307902 0.358702; 0.399921 0.661975 0.385118 0.346369 0.475907 0.501233 0.520168 0.435887 0.423025 0.248724 0.457171 0.546802 0.445473 0.345006 0.435283 0.382936 0.384547 0.332604 0.384779 0.556882 0.439237 0.448914 0.263209 0.656641 0.468315 0.394253 0.335364 1.0 0.321227 0.358717; 0.2582 0.330404 0.348765 0.511278 0.586885 0.466793 0.465696 0.262787 0.337526 0.413215 0.437992 0.272696 0.29812 0.484676 0.62353 0.384233 0.479485 0.396779 0.347931 0.280409 0.291369 0.47152 0.429991 0.303532 0.333209 0.265997 0.307902 0.321227 1.0 0.510361; 0.282103 0.368319 0.406915 0.417363 0.51732 0.37113 0.62962 0.352509 0.258996 0.324802 0.438451 0.327382 0.291934 0.403437 0.40747 0.311194 0.36609 0.663106 0.296384 0.357611 0.26479 0.496823 0.329277 0.288434 0.429864 0.29666 0.358702 0.358717 0.510361 1.0]
  MOD.kernelmatrix!(layout,K_tst_nn,F,X,true) = [1.0 0.421977 0.344814 0.283244 0.346735 0.294867 0.352157 0.355976 0.449686 0.262538 0.403735 0.570033 0.57409 0.319877 0.318167 0.365088 0.369996 0.347032 0.405128 0.562207 0.38524 0.298335 0.388296 0.374933 0.554039 0.39718 0.363927 0.399921 0.2582 0.282103; 0.421977 1.0 0.301991 0.449119 0.516291 0.411013 0.564511 0.326222 0.40848 0.215574 0.386017 0.501368 0.386488 0.438952 0.443432 0.399543 0.396372 0.35186 0.36173 0.486592 0.332804 0.360615 0.282829 0.506864 0.453032 0.39374 0.283159 0.661975 0.330404 0.368319; 0.344814 0.301991 1.0 0.238604 0.358693 0.409169 0.390661 0.646 0.319559 0.486258 0.648926 0.420756 0.475142 0.259106 0.345084 0.292517 0.336991 0.411201 0.350123 0.477204 0.498886 0.585336 0.332477 0.37335 0.470409 0.33533 0.630116 0.385118 0.348765 0.406915; 0.283244 0.449119 0.238604 1.0 0.592201 0.365103 0.49841 0.207871 0.335798 0.239106 0.324587 0.285978 0.266678 0.689987 0.547348 0.391342 0.435546 0.353598 0.311675 0.27888 0.231514 0.319049 0.356825 0.304219 0.319443 0.281843 0.227585 0.346369 0.511278 0.417363; 0.346735 0.516291 0.358693 0.592201 1.0 0.562752 0.595416 0.319706 0.436983 0.314947 0.44292 0.358186 0.351774 0.501307 0.667472 0.547067 0.620966 0.441355 0.46822 0.373695 0.325082 0.512842 0.380314 0.39244 0.461879 0.29697 0.299352 0.475907 0.586885 0.51732; 0.294867 0.411013 0.409169 0.365103 0.562752 1.0 0.427879 0.363577 0.472075 0.350311 0.47143 0.338549 0.376901 0.334955 0.606543 0.481084 0.524836 0.307184 0.480639 0.355485 0.436762 0.607964 0.306394 0.481666 0.382788 0.271081 0.309342 0.501233 0.466793 0.37113; 0.352157 0.564511 0.390661 0.49841 0.595416 0.427879 1.0 0.373072 0.325079 0.288372 0.48323 0.446367 0.360554 0.500307 0.482609 0.350357 0.392347 0.528931 0.324957 0.462116 0.321335 0.474559 0.329262 0.412731 0.471729 0.401646 0.365351 0.520168 0.465696 0.62962; 0.355976 0.326222 0.646 0.207871 0.319706 0.363577 0.373072 1.0 0.292134 0.316895 0.49407 0.46316 0.440203 0.218631 0.283074 0.272947 0.292502 0.376069 0.328469 0.552344 0.449196 0.495619 0.247756 0.382979 0.502389 0.319972 0.493521 0.435887 0.262787 0.352509; 0.449686 0.40848 0.319559 0.335798 0.436983 0.472075 0.325079 0.292134 1.0 0.305355 0.402416 0.38258 0.4922 0.339495 0.488985 0.564873 0.558946 0.259681 0.597817 0.374685 0.451727 0.355762 0.393251 0.452981 0.400035 0.293808 0.284804 0.423025 0.337526 0.258996; 0.262538 0.215574 0.486258 0.239106 0.314947 0.350311 0.288372 0.316895 0.305355 1.0 0.513333 0.273943 0.374706 0.270662 0.363004 0.267635 0.331476 0.307447 0.30673 0.285868 0.395543 0.417868 0.448675 0.274512 0.30409 0.266549 0.465438 0.248724 0.413215 0.324802; 0.403735 0.386017 0.648926 0.324587 0.44292 0.47143 0.48323 0.49407 0.402416 0.513333 1.0 0.509268 0.583476 0.374296 0.470612 0.334389 0.393523 0.415348 0.372039 0.525685 0.575133 0.551766 0.431009 0.484625 0.469229 0.460348 0.640944 0.457171 0.437992 0.438451; 0.570033 0.501368 0.420756 0.285978 0.358186 0.338549 0.446367 0.46316 0.38258 0.273943 0.509268 1.0 0.615411 0.334674 0.339906 0.298762 0.313925 0.357298 0.326061 0.813678 0.476416 0.355202 0.318088 0.531255 0.508345 0.584652 0.46458 0.546802 0.272696 0.327382; 0.57409 0.386488 0.475142 0.266678 0.351774 0.376901 0.360554 0.440203 0.4922 0.374706 0.583476 0.615411 1.0 0.314729 0.374789 0.338048 0.365837 0.316065 0.398722 0.593004 0.650736 0.377446 0.40722 0.508456 0.473452 0.474526 0.512581 0.445473 0.29812 0.291934; 0.319877 0.438952 0.259106 0.689987 0.501307 0.334955 0.500307 0.218631 0.339495 0.270662 0.374296 0.334674 0.314729 1.0 0.522422 0.332858 0.381985 0.356638 0.284479 0.313145 0.263241 0.304586 0.424156 0.331869 0.321159 0.372616 0.276509 0.345006 0.484676 0.403437; 0.318167 0.443432 0.345084 0.547348 0.667472 0.606543 0.482609 0.283074 0.488985 0.363004 0.470612 0.339906 0.374789 0.522422 1.0 0.484792 0.569018 0.33522 0.430716 0.336249 0.37391 0.467675 0.416291 0.43602 0.364396 0.315021 0.30549 0.435283 0.62353 0.40747; 0.365088 0.399543 0.292517 0.391342 0.547067 0.481084 0.350357 0.272947 0.564873 0.267635 0.334389 0.298762 0.338048 0.332858 0.484792 1.0 0.783389 0.310143 0.723568 0.314877 0.307184 0.389331 0.348572 0.329855 0.430983 0.217152 0.23184 0.382936 0.384233 0.311194; 0.369996 0.396372 0.336991 0.435546 0.620966 0.524836 0.392347 0.292502 0.558946 0.331476 0.393523 0.313925 0.365837 0.381985 0.569018 0.783389 1.0 0.355569 0.683091 0.330519 0.334028 0.446804 0.421404 0.34176 0.45027 0.240943 0.271161 0.384547 0.479485 0.36609; 0.347032 0.35186 0.411201 0.353598 0.441355 0.307184 0.528931 0.376069 0.259681 0.307447 0.415348 0.357298 0.316065 0.356638 0.33522 0.310143 0.355569 1.0 0.310494 0.400381 0.258233 0.422412 0.352827 0.261628 0.528848 0.298661 0.379232 0.332604 0.396779 0.663106; 0.405128 0.36173 0.350123 0.311675 0.46822 0.480639 0.324957 0.328469 0.597817 0.30673 0.372039 0.326061 0.398722 0.284479 0.430716 0.723568 0.683091 0.310494 1.0 0.351917 0.368592 0.420769 0.357412 0.34442 0.478619 0.225322 0.270522 0.384779 0.347931 0.296384; 0.562207 0.486592 0.477204 0.27888 0.373695 0.355485 0.462116 0.552344 0.374685 0.285868 0.525685 0.813678 0.593004 0.313145 0.336249 0.314877 0.330519 0.400381 0.351917 1.0 0.47235 0.399216 0.312637 0.495359 0.591164 0.497411 0.485451 0.556882 0.280409 0.357611; 0.38524 0.332804 0.498886 0.231514 0.325082 0.436762 0.321335 0.449196 0.451727 0.395543 0.575133 0.476416 0.650736 0.263241 0.37391 0.307184 0.334028 0.258233 0.368592 0.47235 1.0 0.415984 0.32257 0.560415 0.3739 0.391356 0.475189 0.439237 0.291369 0.26479; 0.298335 0.360615 0.585336 0.319049 0.512842 0.607964 0.474559 0.495619 0.355762 0.417868 0.551766 0.355202 0.377446 0.304586 0.467675 0.389331 0.446804 0.422412 0.420769 0.399216 0.415984 1.0 0.313708 0.393625 0.457071 0.279171 0.404336 0.448914 0.47152 0.496823; 0.388296 0.282829 0.332477 0.356825 0.380314 0.306394 0.329262 0.247756 0.393251 0.448675 0.431009 0.318088 0.40722 0.424156 0.416291 0.348572 0.421404 0.352827 0.357412 0.312637 0.32257 0.313708 1.0 0.274575 0.359229 0.315017 0.362677 0.263209 0.429991 0.329277; 0.374933 0.506864 0.37335 0.304219 0.39244 0.481666 0.412731 0.382979 0.452981 0.274512 0.484625 0.531255 0.508456 0.331869 0.43602 0.329855 0.34176 0.261628 0.34442 0.495359 0.560415 0.393625 0.274575 1.0 0.368019 0.445994 0.356015 0.656641 0.303532 0.288434; 0.554039 0.453032 0.470409 0.319443 0.461879 0.382788 0.471729 0.502389 0.400035 0.30409 0.469229 0.508345 0.473452 0.321159 0.364396 0.430983 0.45027 0.528848 0.478619 0.591164 0.3739 0.457071 0.359229 0.368019 1.0 0.333297 0.401236 0.468315 0.333209 0.429864; 0.39718 0.39374 0.33533 0.281843 0.29697 0.271081 0.401646 0.319972 0.293808 0.266549 0.460348 0.584652 0.474526 0.372616 0.315021 0.217152 0.240943 0.298661 0.225322 0.497411 0.391356 0.279171 0.315017 0.445994 0.333297 1.0 0.447187 0.394253 0.265997 0.29666; 0.363927 0.283159 0.630116 0.227585 0.299352 0.309342 0.365351 0.493521 0.284804 0.465438 0.640944 0.46458 0.512581 0.276509 0.30549 0.23184 0.271161 0.379232 0.270522 0.485451 0.475189 0.404336 0.362677 0.356015 0.401236 0.447187 1.0 0.335364 0.307902 0.358702; 0.399921 0.661975 0.385118 0.346369 0.475907 0.501233 0.520168 0.435887 0.423025 0.248724 0.457171 0.546802 0.445473 0.345006 0.435283 0.382936 0.384547 0.332604 0.384779 0.556882 0.439237 0.448914 0.263209 0.656641 0.468315 0.394253 0.335364 1.0 0.321227 0.358717; 0.2582 0.330404 0.348765 0.511278 0.586885 0.466793 0.465696 0.262787 0.337526 0.413215 0.437992 0.272696 0.29812 0.484676 0.62353 0.384233 0.479485 0.396779 0.347931 0.280409 0.291369 0.47152 0.429991 0.303532 0.333209 0.265997 0.307902 0.321227 1.0 0.510361; 0.282103 0.368319 0.406915 0.417363 0.51732 0.37113 0.62962 0.352509 0.258996 0.324802 0.438451 0.327382 0.291934 0.403437 0.40747 0.311194 0.36609 0.663106 0.296384 0.357611 0.26479 0.496823 0.329277 0.288434 0.429864 0.29666 0.358702 0.358717 0.510361 1.0]
  difference = 2.1073424005813024e-8 > 1.9984014443252818e-9
 in test_approx_eq(::Array{Float64,2}, ::Array{Float64,2}, ::Float64, ::String, ::String) at ./test.jl:865
 in macro expansion; at /home/vagrant/.julia/v0.5/MLKernels/test/kernelmatrix.jl:74 [inlined]
 in anonymous at ./<missing>:?
 in include_from_node1(::String) at ./loading.jl:488 (repeats 2 times)
 in process_options(::Base.JLOptions) at ./client.jl:265
 in _start() at ./client.jl:321
while loading /home/vagrant/.julia/v0.5/MLKernels/test/kernelmatrix.jl, in expression starting on line 59
while loading /home/vagrant/.julia/v0.5/MLKernels/test/runtests.jl, in expression starting on line 30
==============================[ ERROR: MLKernels ]==============================

failed process: Process(`/home/vagrant/julia/bin/julia -Cx86-64 -J/home/vagrant/julia/lib/julia/sys.so --compile=yes --depwarn=yes --check-bounds=yes --code-coverage=none --color=no --compilecache=yes /home/vagrant/.julia/v0.5/MLKernels/test/runtests.jl`, ProcessExited(1)) [1]

================================================================================
ERROR: MLKernels had test errors
 in #test#61(::Bool, ::Function, ::Array{AbstractString,1}) at ./pkg/entry.jl:748
 in (::Base.Pkg.Entry.#kw##test)(::Array{Any,1}, ::Base.Pkg.Entry.#test, ::Array{AbstractString,1}) at ./<missing>:0
 in (::Base.Pkg.Dir.##2#3{Array{Any,1},Base.Pkg.Entry.#test,Tuple{Array{AbstractString,1}}})() at ./pkg/dir.jl:31
 in cd(::Base.Pkg.Dir.##2#3{Array{Any,1},Base.Pkg.Entry.#test,Tuple{Array{AbstractString,1}}}, ::String) at ./file.jl:59
 in #cd#1(::Array{Any,1}, ::Function, ::Function, ::Array{AbstractString,1}, ::Vararg{Array{AbstractString,1},N}) at ./pkg/dir.jl:31
 in (::Base.Pkg.Dir.#kw##cd)(::Array{Any,1}, ::Base.Pkg.Dir.#cd, ::Function, ::Array{AbstractString,1}, ::Vararg{Array{AbstractString,1},N}) at ./<missing>:0
 in #test#3(::Bool, ::Function, ::String, ::Vararg{String,N}) at ./pkg/pkg.jl:258
 in test(::String, ::Vararg{String,N}) at ./pkg/pkg.jl:258
 in eval(::Module, ::Any) at ./boot.jl:234
 in process_options(::Base.JLOptions) at ./client.jl:242
 in _start() at ./client.jl:321

>>> End of log
