>>> 'Pkg.add("MLKernels")' log
INFO: Cloning cache of MLKernels from https://github.com/trthatcher/MLKernels.jl.git
INFO: Installing MLKernels v0.2.0
INFO: Package database updated
INFO: METADATA is out-of-date — you may not have the latest version of MLKernels
INFO: Use `Pkg.update()` to get the latest versions of your packages

>>> 'Pkg.test("MLKernels")' log
Julia Version 0.5.2
Commit f4c6c9d (2017-05-06 16:34 UTC)
Platform Info:
  OS: Linux (x86_64-pc-linux-gnu)
  CPU: Intel(R) Xeon(R) CPU E3-1241 v3 @ 3.50GHz
  WORD_SIZE: 64
           Ubuntu 14.04.5 LTS
  uname: Linux 3.13.0-121-generic #170-Ubuntu SMP Wed Jun 14 09:04:33 UTC 2017 x86_64 x86_64
Memory: 2.9392738342285156 GB (729.34375 MB free)
Uptime: 11766.0 sec
Load Avg:  0.935546875  0.97119140625  1.0390625
Intel(R) Xeon(R) CPU E3-1241 v3 @ 3.50GHz: 
       speed         user         nice          sys         idle          irq
#1  3499 MHz     648561 s       4382 s      67341 s     331672 s         12 s
#2  3499 MHz     271388 s       2802 s      32099 s     835732 s          0 s

  BLAS: libopenblas (USE64BITINT DYNAMIC_ARCH NO_AFFINITY Nehalem)
  LAPACK: libopenblas64_
  LIBM: libopenlibm
  LLVM: libLLVM-3.7.1 (ORCJIT, haswell)
Environment:
  TERM = vt100
  LD_LIBRARY_PATH = :/usr/local/lib/
  PATH = /usr/local/sbin:/usr/local/bin:/usr/sbin:/usr/bin:/sbin:/bin:/usr/games:/usr/local/games:/home/vagrant/julia/bin/
  JAVA_HOME = /usr/lib/jvm/java-8-openjdk-amd64
  HOME = /home/vagrant

Package Directory: /home/vagrant/.julia/v0.5
2 required packages:
 - JSON                          0.12.0
 - MLKernels                     0.2.0
1 additional packages:
 - Compat                        0.26.0
INFO: Testing MLKernels
INFO: Testing MLKernels.HyperParameters.OpenBound{T<:Real}
INFO: Testing MLKernels.HyperParameters.ClosedBound{T<:Real}
INFO: Testing MLKernels.HyperParameters.NullBound{T<:Real}
INFO: Testing MLKernels.HyperParameters.Interval{T<:Real,A<:MLKernels.HyperParameters.Bound,B<:MLKernels.HyperParameters.Bound}
INFO: Testing MLKernels.HyperParameters.interval
INFO: Testing MLKernels.HyperParameters.checkvalue
INFO: Testing MLKernels.HyperParameters.lowerboundtheta
INFO: Testing MLKernels.HyperParameters.upperboundtheta
INFO: Testing MLKernels.HyperParameters.theta
INFO: Testing MLKernels.HyperParameters.eta
INFO: Testing MLKernels.HyperParameters.HyperParameter{T<:Real}
INFO: Testing MLKernels.PairwiseFunctions.dotvectors!
INFO: Testing MLKernels.PairwiseFunctions.gramian!
INFO: Testing MLKernels.PairwiseFunctions.squared_distance!
INFO: Testing MLKernels.PairwiseFunctions.SquaredEuclidean
INFO: Testing MLKernels.PairwiseFunctions.SineSquared
INFO: Testing MLKernels.PairwiseFunctions.ChiSquared
INFO: Testing MLKernels.PairwiseFunctions.ScalarProduct
INFO: Testing MLKernels.PairwiseFunctions.unsafe_pairwise
INFO: Testing MLKernels.PairwiseFunctions.pairwise
INFO: Testing MLKernels.PairwiseFunctions.allocate_pairwisematrix
INFO: Testing MLKernels.PairwiseFunctions.checkdimensions
INFO: Testing MLKernels.PairwiseFunctions.pairwisematrix!
INFO: Testing MLKernels.ExponentialKernel{T<:AbstractFloat}
INFO: Testing MLKernels.SquaredExponentialKernel{T<:AbstractFloat}
INFO: Testing MLKernels.GammaExponentialKernel{T<:AbstractFloat}
INFO: Testing MLKernels.RationalQuadraticKernel{T<:AbstractFloat}
INFO: Testing MLKernels.GammaRationalKernel{T<:AbstractFloat}
INFO: Testing MLKernels.MaternKernel{T<:AbstractFloat}
INFO: Testing MLKernels.LinearKernel{T<:AbstractFloat}
INFO: Testing MLKernels.PolynomialKernel{T<:AbstractFloat,U<:Integer}
INFO: Testing MLKernels.ExponentiatedKernel{T<:AbstractFloat}
INFO: Testing MLKernels.PeriodicKernel{T<:AbstractFloat}
INFO: Testing MLKernels.PowerKernel{T<:AbstractFloat}
INFO: Testing MLKernels.LogKernel{T<:AbstractFloat}
INFO: Testing MLKernels.SigmoidKernel{T<:AbstractFloat}
INFO: Testing MLKernels.kappa
INFO: Testing MLKernels.HyperParameters.gettheta
INFO: Testing MLKernels.HyperParameters.settheta!
INFO: Testing MLKernels.HyperParameters.checktheta
INFO: Testing MLKernels.kernel
INFO: Testing MLKernels.kappamatrix!
INFO: Testing MLKernels.symmetric_kappamatrix!
INFO: Testing MLKernels.kernelmatrix!
ERROR: LoadError: LoadError: assertion failed: |K - MOD.kernelmatrix!(layout,K_tst_nn,F,X,true)| <= 1.9984014443252818e-9
  K = [1.0 0.25258 0.305262 0.367838 0.273269 0.276875 0.247046 0.712898 0.603788 0.411114 0.515166 0.312519 0.576905 0.36188 0.339728 0.282154 0.248801 0.23311 0.258119 0.432642 0.345421 0.244502 0.426378 0.385348 0.429261 0.372337 0.521127 0.261359 0.348244 0.370274; 0.25258 1.0 0.653735 0.43061 0.381147 0.56103 0.339087 0.310658 0.280785 0.508985 0.371937 0.671161 0.268482 0.30467 0.396299 0.454374 0.638908 0.379449 0.524741 0.379868 0.373272 0.420024 0.476743 0.601405 0.379653 0.431894 0.344619 0.472945 0.532709 0.330726; 0.305262 0.653735 1.0 0.555878 0.410104 0.633041 0.322937 0.35263 0.325716 0.52349 0.384087 0.560153 0.29182 0.351314 0.388537 0.360559 0.537368 0.371929 0.552088 0.478122 0.369845 0.363798 0.547774 0.715677 0.458677 0.597864 0.43882 0.569614 0.650422 0.377255; 0.367838 0.43061 0.555878 1.0 0.436916 0.445645 0.407599 0.432774 0.455417 0.410288 0.440259 0.400991 0.375981 0.52138 0.426568 0.326786 0.413226 0.448603 0.433372 0.444865 0.525917 0.385765 0.520411 0.512774 0.722919 0.796273 0.391528 0.399436 0.549545 0.324306; 0.273269 0.381147 0.410104 0.436916 1.0 0.489757 0.35355 0.356281 0.375077 0.431569 0.344723 0.36353 0.364487 0.376161 0.476624 0.412997 0.544695 0.630249 0.641462 0.41963 0.350805 0.254142 0.375577 0.367351 0.495744 0.459698 0.27489 0.485587 0.415654 0.332097; 0.276875 0.56103 0.633041 0.445645 0.489757 1.0 0.344134 0.330008 0.29849 0.552396 0.374679 0.558221 0.290546 0.358095 0.347243 0.40491 0.628058 0.407441 0.672234 0.561333 0.310605 0.265846 0.538732 0.568635 0.410583 0.475475 0.355415 0.768122 0.468088 0.479855; 0.247046 0.339087 0.322937 0.407599 0.35355 0.344134 1.0 0.316999 0.315523 0.307631 0.437691 0.364438 0.32087 0.577796 0.295722 0.399099 0.375451 0.473611 0.316966 0.32742 0.487924 0.3073 0.424854 0.327009 0.424068 0.340357 0.210774 0.274618 0.274273 0.294528; 0.712898 0.310658 0.35263 0.432774 0.356281 0.330008 0.316999 1.0 0.748766 0.49184 0.634708 0.378403 0.750489 0.430127 0.450034 0.380196 0.323375 0.314261 0.32419 0.468969 0.44442 0.300113 0.484926 0.432853 0.536037 0.427177 0.477562 0.303272 0.405105 0.392192; 0.603788 0.280785 0.325716 0.455417 0.375077 0.29849 0.315523 0.748766 1.0 0.408825 0.526902 0.317703 0.742138 0.441102 0.480096 0.33985 0.302683 0.341677 0.313366 0.404046 0.472907 0.29936 0.411346 0.371621 0.597424 0.445354 0.404831 0.278579 0.394515 0.319286; 0.411114 0.508985 0.52349 0.410288 0.431569 0.552396 0.307631 0.49184 0.408825 1.0 0.508017 0.632951 0.423571 0.340439 0.452023 0.509137 0.530737 0.345667 0.516537 0.576227 0.353052 0.306218 0.570769 0.631186 0.432444 0.436776 0.497125 0.510502 0.513855 0.518314; 0.515166 0.371937 0.384087 0.440259 0.344723 0.374679 0.437691 0.634708 0.526902 0.508017 1.0 0.484964 0.56824 0.513377 0.390482 0.469114 0.372698 0.341765 0.333761 0.48527 0.505329 0.33849 0.620156 0.484474 0.501512 0.402128 0.404392 0.315016 0.374891 0.445463; 0.312519 0.671161 0.560153 0.400991 0.36353 0.558221 0.364438 0.378403 0.317703 0.632951 0.484964 1.0 0.325812 0.340137 0.377192 0.539456 0.576131 0.345295 0.468053 0.462689 0.376077 0.366836 0.595439 0.65719 0.382204 0.395273 0.390287 0.455778 0.460553 0.44337; 0.576905 0.268482 0.29182 0.375981 0.364487 0.290546 0.32087 0.750489 0.742138 0.423571 0.56824 0.325812 1.0 0.418868 0.447753 0.386141 0.303462 0.328829 0.301473 0.402664 0.42912 0.269031 0.403309 0.346743 0.498266 0.364622 0.363746 0.267124 0.337951 0.345875; 0.36188 0.30467 0.351314 0.52138 0.376161 0.358095 0.577796 0.430127 0.441102 0.340439 0.513377 0.340137 0.418868 1.0 0.312921 0.330142 0.330889 0.420537 0.321673 0.433415 0.489645 0.275613 0.504345 0.368682 0.56942 0.444491 0.283355 0.303347 0.315681 0.358537; 0.339728 0.396299 0.388537 0.426568 0.476624 0.347243 0.295722 0.450034 0.480096 0.452023 0.390482 0.377192 0.447753 0.312921 1.0 0.445513 0.444186 0.442102 0.438397 0.328072 0.46064 0.402413 0.350249 0.390985 0.500987 0.437765 0.340967 0.329742 0.518859 0.259611; 0.282154 0.454374 0.360559 0.326786 0.412997 0.40491 0.399099 0.380196 0.33985 0.509137 0.469114 0.539456 0.386141 0.330142 0.445513 1.0 0.549089 0.41968 0.423988 0.358753 0.398056 0.33521 0.418241 0.399631 0.367583 0.311849 0.273849 0.341803 0.349999 0.349317; 0.248801 0.638908 0.537368 0.413226 0.544695 0.628058 0.375451 0.323375 0.302683 0.530737 0.372698 0.576131 0.303462 0.330889 0.444186 0.549089 1.0 0.509587 0.705577 0.412252 0.361919 0.331681 0.446359 0.487123 0.407904 0.420399 0.297607 0.54384 0.46819 0.359754; 0.23311 0.379449 0.371929 0.448603 0.630249 0.407441 0.473611 0.314261 0.341677 0.345667 0.341765 0.345295 0.328829 0.420537 0.442102 0.41968 0.509587 1.0 0.492863 0.330175 0.43473 0.305359 0.352755 0.328411 0.49291 0.420516 0.221741 0.363733 0.362319 0.265784; 0.258119 0.524741 0.552088 0.433372 0.641462 0.672234 0.316966 0.32419 0.313366 0.516537 0.333761 0.468053 0.301473 0.321673 0.438397 0.423988 0.705577 0.492863 1.0 0.452646 0.318169 0.276436 0.420088 0.469175 0.427962 0.476028 0.319159 0.679516 0.502971 0.36821; 0.432642 0.379868 0.478122 0.444865 0.41963 0.561333 0.32742 0.468969 0.404046 0.576227 0.48527 0.462689 0.402664 0.433415 0.328072 0.358753 0.412252 0.330175 0.452646 1.0 0.315617 0.228281 0.637384 0.540768 0.458461 0.472113 0.460352 0.531752 0.411008 0.696883; 0.345421 0.373272 0.369845 0.525917 0.350805 0.310605 0.487924 0.44442 0.472907 0.353052 0.505329 0.376077 0.42912 0.489645 0.46064 0.398056 0.361919 0.43473 0.318169 0.315617 1.0 0.519358 0.42418 0.389319 0.571325 0.440856 0.297164 0.260464 0.397856 0.255326; 0.244502 0.420024 0.363798 0.385765 0.254142 0.265846 0.3073 0.300113 0.29936 0.306218 0.33849 0.366836 0.269031 0.275613 0.402413 0.33521 0.331681 0.305359 0.276436 0.228281 0.519358 1.0 0.32195 0.369676 0.359609 0.347296 0.273975 0.225663 0.408486 0.188313; 0.426378 0.476743 0.547774 0.520411 0.375577 0.538732 0.424854 0.484926 0.411346 0.570769 0.620156 0.595439 0.403309 0.504345 0.350249 0.418241 0.446359 0.352755 0.420088 0.637384 0.42418 0.32195 1.0 0.668702 0.499383 0.496855 0.456602 0.446356 0.446838 0.55292; 0.385348 0.601405 0.715677 0.512774 0.367351 0.568635 0.327009 0.432853 0.371621 0.631186 0.484474 0.65719 0.346743 0.368682 0.390985 0.399631 0.487123 0.328411 0.469175 0.540768 0.389319 0.369676 0.668702 1.0 0.457457 0.532339 0.543729 0.497148 0.598874 0.451027; 0.429261 0.379653 0.458677 0.722919 0.495744 0.410583 0.424068 0.536037 0.597424 0.432444 0.501512 0.382204 0.498266 0.56942 0.500987 0.367583 0.407904 0.49291 0.427962 0.458461 0.571325 0.359609 0.499383 0.457457 1.0 0.667021 0.382796 0.372529 0.499131 0.337639; 0.372337 0.431894 0.597864 0.796273 0.459698 0.475475 0.340357 0.427177 0.445354 0.436776 0.402128 0.395273 0.364622 0.444491 0.437765 0.311849 0.420399 0.420516 0.476028 0.472113 0.440856 0.347296 0.496855 0.532339 0.667021 1.0 0.434598 0.453049 0.622876 0.335368; 0.521127 0.344619 0.43882 0.391528 0.27489 0.355415 0.210774 0.477562 0.404831 0.497125 0.404392 0.390287 0.363746 0.283355 0.340967 0.273849 0.297607 0.221741 0.319159 0.460352 0.297164 0.273975 0.456602 0.543729 0.382796 0.434598 1.0 0.352135 0.493639 0.381705; 0.261359 0.472945 0.569614 0.399436 0.485587 0.768122 0.274618 0.303272 0.278579 0.510502 0.315016 0.455778 0.267124 0.303347 0.329742 0.341803 0.54384 0.363733 0.679516 0.531752 0.260464 0.225663 0.446356 0.497148 0.372529 0.453049 0.352135 1.0 0.456563 0.444688; 0.348244 0.532709 0.650422 0.549545 0.415654 0.468088 0.274273 0.405105 0.394515 0.513855 0.374891 0.460553 0.337951 0.315681 0.518859 0.349999 0.46819 0.362319 0.502971 0.411008 0.397856 0.408486 0.446838 0.598874 0.499131 0.622876 0.493639 0.456563 1.0 0.310667; 0.370274 0.330726 0.377255 0.324306 0.332097 0.479855 0.294528 0.392192 0.319286 0.518314 0.445463 0.44337 0.345875 0.358537 0.259611 0.349317 0.359754 0.265784 0.36821 0.696883 0.255326 0.188313 0.55292 0.451027 0.337639 0.335368 0.381705 0.444688 0.310667 1.0]
  MOD.kernelmatrix!(layout,K_tst_nn,F,X,true) = [1.0 0.25258 0.305262 0.367838 0.273269 0.276875 0.247046 0.712898 0.603788 0.411114 0.515166 0.312519 0.576905 0.36188 0.339728 0.282154 0.248801 0.23311 0.258119 0.432642 0.345421 0.244502 0.426378 0.385348 0.429261 0.372337 0.521127 0.261359 0.348244 0.370274; 0.25258 1.0 0.653735 0.43061 0.381147 0.56103 0.339087 0.310658 0.280785 0.508985 0.371937 0.671161 0.268482 0.30467 0.396299 0.454374 0.638908 0.379449 0.524741 0.379868 0.373272 0.420024 0.476743 0.601405 0.379653 0.431894 0.344619 0.472945 0.532709 0.330726; 0.305262 0.653735 1.0 0.555878 0.410104 0.633041 0.322937 0.35263 0.325716 0.52349 0.384087 0.560153 0.29182 0.351314 0.388537 0.360559 0.537368 0.371929 0.552088 0.478122 0.369845 0.363798 0.547774 0.715677 0.458677 0.597864 0.43882 0.569614 0.650422 0.377255; 0.367838 0.43061 0.555878 1.0 0.436916 0.445645 0.407599 0.432774 0.455417 0.410288 0.440259 0.400991 0.375981 0.52138 0.426568 0.326786 0.413226 0.448603 0.433372 0.444865 0.525917 0.385765 0.520411 0.512774 0.722919 0.796273 0.391528 0.399436 0.549545 0.324306; 0.273269 0.381147 0.410104 0.436916 1.0 0.489757 0.35355 0.356281 0.375077 0.431569 0.344723 0.36353 0.364487 0.376161 0.476624 0.412997 0.544695 0.630249 0.641462 0.41963 0.350805 0.254142 0.375577 0.367351 0.495744 0.459698 0.27489 0.485587 0.415654 0.332097; 0.276875 0.56103 0.633041 0.445645 0.489757 1.0 0.344134 0.330008 0.29849 0.552396 0.374679 0.558221 0.290546 0.358095 0.347243 0.40491 0.628058 0.407441 0.672234 0.561333 0.310605 0.265846 0.538732 0.568635 0.410583 0.475475 0.355415 0.768122 0.468088 0.479855; 0.247046 0.339087 0.322937 0.407599 0.35355 0.344134 1.0 0.316999 0.315523 0.307631 0.437691 0.364438 0.32087 0.577796 0.295722 0.399099 0.375451 0.473611 0.316966 0.32742 0.487924 0.3073 0.424854 0.327009 0.424068 0.340357 0.210774 0.274618 0.274273 0.294528; 0.712898 0.310658 0.35263 0.432774 0.356281 0.330008 0.316999 1.0 0.748766 0.49184 0.634708 0.378403 0.750489 0.430127 0.450034 0.380196 0.323375 0.314261 0.32419 0.468969 0.44442 0.300113 0.484926 0.432853 0.536037 0.427177 0.477562 0.303272 0.405105 0.392192; 0.603788 0.280785 0.325716 0.455417 0.375077 0.29849 0.315523 0.748766 1.0 0.408825 0.526902 0.317703 0.742138 0.441102 0.480096 0.33985 0.302683 0.341677 0.313366 0.404046 0.472907 0.29936 0.411346 0.371621 0.597424 0.445354 0.404831 0.278579 0.394515 0.319286; 0.411114 0.508985 0.52349 0.410288 0.431569 0.552396 0.307631 0.49184 0.408825 1.0 0.508017 0.632951 0.423571 0.340439 0.452023 0.509137 0.530737 0.345667 0.516537 0.576227 0.353052 0.306218 0.570769 0.631186 0.432444 0.436776 0.497125 0.510502 0.513855 0.518314; 0.515166 0.371937 0.384087 0.440259 0.344723 0.374679 0.437691 0.634708 0.526902 0.508017 1.0 0.484964 0.56824 0.513377 0.390482 0.469114 0.372698 0.341765 0.333761 0.48527 0.505329 0.33849 0.620156 0.484474 0.501512 0.402128 0.404392 0.315016 0.374891 0.445463; 0.312519 0.671161 0.560153 0.400991 0.36353 0.558221 0.364438 0.378403 0.317703 0.632951 0.484964 1.0 0.325812 0.340137 0.377192 0.539456 0.576131 0.345295 0.468053 0.462689 0.376077 0.366836 0.595439 0.65719 0.382204 0.395273 0.390287 0.455778 0.460553 0.44337; 0.576905 0.268482 0.29182 0.375981 0.364487 0.290546 0.32087 0.750489 0.742138 0.423571 0.56824 0.325812 1.0 0.418868 0.447753 0.386141 0.303462 0.328829 0.301473 0.402664 0.42912 0.269031 0.403309 0.346743 0.498266 0.364622 0.363746 0.267124 0.337951 0.345875; 0.36188 0.30467 0.351314 0.52138 0.376161 0.358095 0.577796 0.430127 0.441102 0.340439 0.513377 0.340137 0.418868 1.0 0.312921 0.330142 0.330889 0.420537 0.321673 0.433415 0.489645 0.275613 0.504345 0.368682 0.56942 0.444491 0.283355 0.303347 0.315681 0.358537; 0.339728 0.396299 0.388537 0.426568 0.476624 0.347243 0.295722 0.450034 0.480096 0.452023 0.390482 0.377192 0.447753 0.312921 1.0 0.445513 0.444186 0.442102 0.438397 0.328072 0.46064 0.402413 0.350249 0.390985 0.500987 0.437765 0.340967 0.329742 0.518859 0.259611; 0.282154 0.454374 0.360559 0.326786 0.412997 0.40491 0.399099 0.380196 0.33985 0.509137 0.469114 0.539456 0.386141 0.330142 0.445513 1.0 0.549089 0.41968 0.423988 0.358753 0.398056 0.33521 0.418241 0.399631 0.367583 0.311849 0.273849 0.341803 0.349999 0.349317; 0.248801 0.638908 0.537368 0.413226 0.544695 0.628058 0.375451 0.323375 0.302683 0.530737 0.372698 0.576131 0.303462 0.330889 0.444186 0.549089 1.0 0.509587 0.705577 0.412252 0.361919 0.331681 0.446359 0.487123 0.407904 0.420399 0.297607 0.54384 0.46819 0.359754; 0.23311 0.379449 0.371929 0.448603 0.630249 0.407441 0.473611 0.314261 0.341677 0.345667 0.341765 0.345295 0.328829 0.420537 0.442102 0.41968 0.509587 1.0 0.492863 0.330175 0.43473 0.305359 0.352755 0.328411 0.49291 0.420516 0.221741 0.363733 0.362319 0.265784; 0.258119 0.524741 0.552088 0.433372 0.641462 0.672234 0.316966 0.32419 0.313366 0.516537 0.333761 0.468053 0.301473 0.321673 0.438397 0.423988 0.705577 0.492863 1.0 0.452646 0.318169 0.276436 0.420088 0.469175 0.427962 0.476028 0.319159 0.679516 0.502971 0.36821; 0.432642 0.379868 0.478122 0.444865 0.41963 0.561333 0.32742 0.468969 0.404046 0.576227 0.48527 0.462689 0.402664 0.433415 0.328072 0.358753 0.412252 0.330175 0.452646 1.0 0.315617 0.228281 0.637384 0.540768 0.458461 0.472113 0.460352 0.531752 0.411008 0.696883; 0.345421 0.373272 0.369845 0.525917 0.350805 0.310605 0.487924 0.44442 0.472907 0.353052 0.505329 0.376077 0.42912 0.489645 0.46064 0.398056 0.361919 0.43473 0.318169 0.315617 1.0 0.519358 0.42418 0.389319 0.571325 0.440856 0.297164 0.260464 0.397856 0.255326; 0.244502 0.420024 0.363798 0.385765 0.254142 0.265846 0.3073 0.300113 0.29936 0.306218 0.33849 0.366836 0.269031 0.275613 0.402413 0.33521 0.331681 0.305359 0.276436 0.228281 0.519358 1.0 0.32195 0.369676 0.359609 0.347296 0.273975 0.225663 0.408486 0.188313; 0.426378 0.476743 0.547774 0.520411 0.375577 0.538732 0.424854 0.484926 0.411346 0.570769 0.620156 0.595439 0.403309 0.504345 0.350249 0.418241 0.446359 0.352755 0.420088 0.637384 0.42418 0.32195 1.0 0.668702 0.499383 0.496855 0.456602 0.446356 0.446838 0.55292; 0.385348 0.601405 0.715677 0.512774 0.367351 0.568635 0.327009 0.432853 0.371621 0.631186 0.484474 0.65719 0.346743 0.368682 0.390985 0.399631 0.487123 0.328411 0.469175 0.540768 0.389319 0.369676 0.668702 1.0 0.457457 0.532339 0.543729 0.497148 0.598874 0.451027; 0.429261 0.379653 0.458677 0.722919 0.495744 0.410583 0.424068 0.536037 0.597424 0.432444 0.501512 0.382204 0.498266 0.56942 0.500987 0.367583 0.407904 0.49291 0.427962 0.458461 0.571325 0.359609 0.499383 0.457457 1.0 0.667021 0.382796 0.372529 0.499131 0.337639; 0.372337 0.431894 0.597864 0.796273 0.459698 0.475475 0.340357 0.427177 0.445354 0.436776 0.402128 0.395273 0.364622 0.444491 0.437765 0.311849 0.420399 0.420516 0.476028 0.472113 0.440856 0.347296 0.496855 0.532339 0.667021 1.0 0.434598 0.453049 0.622876 0.335368; 0.521127 0.344619 0.43882 0.391528 0.27489 0.355415 0.210774 0.477562 0.404831 0.497125 0.404392 0.390287 0.363746 0.283355 0.340967 0.273849 0.297607 0.221741 0.319159 0.460352 0.297164 0.273975 0.456602 0.543729 0.382796 0.434598 1.0 0.352135 0.493639 0.381705; 0.261359 0.472945 0.569614 0.399436 0.485587 0.768122 0.274618 0.303272 0.278579 0.510502 0.315016 0.455778 0.267124 0.303347 0.329742 0.341803 0.54384 0.363733 0.679516 0.531752 0.260464 0.225663 0.446356 0.497148 0.372529 0.453049 0.352135 1.0 0.456563 0.444688; 0.348244 0.532709 0.650422 0.549545 0.415654 0.468088 0.274273 0.405105 0.394515 0.513855 0.374891 0.460553 0.337951 0.315681 0.518859 0.349999 0.46819 0.362319 0.502971 0.411008 0.397856 0.408486 0.446838 0.598874 0.499131 0.622876 0.493639 0.456563 1.0 0.310667; 0.370274 0.330726 0.377255 0.324306 0.332097 0.479855 0.294528 0.392192 0.319286 0.518314 0.445463 0.44337 0.345875 0.358537 0.259611 0.349317 0.359754 0.265784 0.36821 0.696883 0.255326 0.188313 0.55292 0.451027 0.337639 0.335368 0.381705 0.444688 0.310667 1.0]
  difference = 2.9802321943606103e-8 > 1.9984014443252818e-9
 in test_approx_eq(::Array{Float64,2}, ::Array{Float64,2}, ::Float64, ::String, ::String) at ./test.jl:865
 in macro expansion; at /home/vagrant/.julia/v0.5/MLKernels/test/kernelmatrix.jl:74 [inlined]
 in anonymous at ./<missing>:?
 in include_from_node1(::String) at ./loading.jl:488 (repeats 2 times)
 in process_options(::Base.JLOptions) at ./client.jl:265
 in _start() at ./client.jl:321
while loading /home/vagrant/.julia/v0.5/MLKernels/test/kernelmatrix.jl, in expression starting on line 59
while loading /home/vagrant/.julia/v0.5/MLKernels/test/runtests.jl, in expression starting on line 30
==============================[ ERROR: MLKernels ]==============================

failed process: Process(`/home/vagrant/julia/bin/julia -Cx86-64 -J/home/vagrant/julia/lib/julia/sys.so --compile=yes --depwarn=yes --check-bounds=yes --code-coverage=none --color=no --compilecache=yes /home/vagrant/.julia/v0.5/MLKernels/test/runtests.jl`, ProcessExited(1)) [1]

================================================================================
ERROR: MLKernels had test errors
 in #test#61(::Bool, ::Function, ::Array{AbstractString,1}) at ./pkg/entry.jl:748
 in (::Base.Pkg.Entry.#kw##test)(::Array{Any,1}, ::Base.Pkg.Entry.#test, ::Array{AbstractString,1}) at ./<missing>:0
 in (::Base.Pkg.Dir.##2#3{Array{Any,1},Base.Pkg.Entry.#test,Tuple{Array{AbstractString,1}}})() at ./pkg/dir.jl:31
 in cd(::Base.Pkg.Dir.##2#3{Array{Any,1},Base.Pkg.Entry.#test,Tuple{Array{AbstractString,1}}}, ::String) at ./file.jl:59
 in #cd#1(::Array{Any,1}, ::Function, ::Function, ::Array{AbstractString,1}, ::Vararg{Array{AbstractString,1},N}) at ./pkg/dir.jl:31
 in (::Base.Pkg.Dir.#kw##cd)(::Array{Any,1}, ::Base.Pkg.Dir.#cd, ::Function, ::Array{AbstractString,1}, ::Vararg{Array{AbstractString,1},N}) at ./<missing>:0
 in #test#3(::Bool, ::Function, ::String, ::Vararg{String,N}) at ./pkg/pkg.jl:258
 in test(::String, ::Vararg{String,N}) at ./pkg/pkg.jl:258
 in eval(::Module, ::Any) at ./boot.jl:234
 in process_options(::Base.JLOptions) at ./client.jl:242
 in _start() at ./client.jl:321

>>> End of log
