>>> 'Pkg.add("MLKernels")' log
INFO: Cloning cache of MLKernels from https://github.com/trthatcher/MLKernels.jl.git
INFO: Installing MLKernels v0.2.0
INFO: Package database updated

>>> 'Pkg.test("MLKernels")' log
Julia Version 0.5.2
Commit f4c6c9d (2017-05-06 16:34 UTC)
Platform Info:
  OS: Linux (x86_64-pc-linux-gnu)
  CPU: Intel(R) Xeon(R) CPU E3-1241 v3 @ 3.50GHz
  WORD_SIZE: 64
           Ubuntu 14.04.5 LTS
  uname: Linux 3.13.0-128-generic #177-Ubuntu SMP Tue Aug 8 11:40:23 UTC 2017 x86_64 x86_64
Memory: 2.9392738342285156 GB (718.07421875 MB free)
Uptime: 12380.0 sec
Load Avg:  1.0029296875  1.0146484375  1.04541015625
Intel(R) Xeon(R) CPU E3-1241 v3 @ 3.50GHz: 
       speed         user         nice          sys         idle          irq
#1  3500 MHz     679353 s        114 s      82456 s     345067 s         12 s
#2  3500 MHz     272084 s       6640 s      34889 s     896520 s          0 s

  BLAS: libopenblas (USE64BITINT DYNAMIC_ARCH NO_AFFINITY Nehalem)
  LAPACK: libopenblas64_
  LIBM: libopenlibm
  LLVM: libLLVM-3.7.1 (ORCJIT, haswell)
Environment:
  TERM = vt100
  LD_LIBRARY_PATH = :/usr/local/lib/
  PATH = /usr/local/sbin:/usr/local/bin:/usr/sbin:/usr/bin:/sbin:/bin:/usr/games:/usr/local/games:/home/vagrant/julia/bin/
  JAVA_HOME = /usr/lib/jvm/java-8-openjdk-amd64
  HOME = /home/vagrant

Package Directory: /home/vagrant/.julia/v0.5
2 required packages:
 - JSON                          0.13.0
 - MLKernels                     0.2.0
1 additional packages:
 - Compat                        0.30.0
INFO: Testing MLKernels
INFO: Testing MLKernels.HyperParameters.OpenBound{T<:Real}
INFO: Testing MLKernels.HyperParameters.ClosedBound{T<:Real}
INFO: Testing MLKernels.HyperParameters.NullBound{T<:Real}
INFO: Testing MLKernels.HyperParameters.Interval{T<:Real,A<:MLKernels.HyperParameters.Bound,B<:MLKernels.HyperParameters.Bound}
INFO: Testing MLKernels.HyperParameters.interval
INFO: Testing MLKernels.HyperParameters.checkvalue
INFO: Testing MLKernels.HyperParameters.lowerboundtheta
INFO: Testing MLKernels.HyperParameters.upperboundtheta
INFO: Testing MLKernels.HyperParameters.theta
INFO: Testing MLKernels.HyperParameters.eta
INFO: Testing MLKernels.HyperParameters.HyperParameter{T<:Real}
INFO: Testing MLKernels.PairwiseFunctions.dotvectors!
INFO: Testing MLKernels.PairwiseFunctions.gramian!
INFO: Testing MLKernels.PairwiseFunctions.squared_distance!
INFO: Testing MLKernels.PairwiseFunctions.SquaredEuclidean
INFO: Testing MLKernels.PairwiseFunctions.SineSquared
INFO: Testing MLKernels.PairwiseFunctions.ChiSquared
INFO: Testing MLKernels.PairwiseFunctions.ScalarProduct
INFO: Testing MLKernels.PairwiseFunctions.unsafe_pairwise
INFO: Testing MLKernels.PairwiseFunctions.pairwise
INFO: Testing MLKernels.PairwiseFunctions.allocate_pairwisematrix
INFO: Testing MLKernels.PairwiseFunctions.checkdimensions
INFO: Testing MLKernels.PairwiseFunctions.pairwisematrix!
INFO: Testing MLKernels.ExponentialKernel{T<:AbstractFloat}
INFO: Testing MLKernels.SquaredExponentialKernel{T<:AbstractFloat}
INFO: Testing MLKernels.GammaExponentialKernel{T<:AbstractFloat}
INFO: Testing MLKernels.RationalQuadraticKernel{T<:AbstractFloat}
INFO: Testing MLKernels.GammaRationalKernel{T<:AbstractFloat}
INFO: Testing MLKernels.MaternKernel{T<:AbstractFloat}
INFO: Testing MLKernels.LinearKernel{T<:AbstractFloat}
INFO: Testing MLKernels.PolynomialKernel{T<:AbstractFloat,U<:Integer}
INFO: Testing MLKernels.ExponentiatedKernel{T<:AbstractFloat}
INFO: Testing MLKernels.PeriodicKernel{T<:AbstractFloat}
INFO: Testing MLKernels.PowerKernel{T<:AbstractFloat}
INFO: Testing MLKernels.LogKernel{T<:AbstractFloat}
INFO: Testing MLKernels.SigmoidKernel{T<:AbstractFloat}
INFO: Testing MLKernels.kappa
INFO: Testing MLKernels.HyperParameters.gettheta
INFO: Testing MLKernels.HyperParameters.settheta!
INFO: Testing MLKernels.HyperParameters.checktheta
INFO: Testing MLKernels.kernel
INFO: Testing MLKernels.kappamatrix!
INFO: Testing MLKernels.symmetric_kappamatrix!
INFO: Testing MLKernels.kernelmatrix!
ERROR: LoadError: LoadError: assertion failed: |K - MOD.kernelmatrix!(layout,K_tst_nn,F,X,true)| <= 1.9984014443252818e-9
  K = [1.0 0.481009 0.265537 0.553794 0.547693 0.314953 0.451724 0.27799 0.438778 0.580525 0.562887 0.336077 0.651579 0.530131 0.463293 0.54028 0.48293 0.379042 0.503607 0.373111 0.350681 0.546675 0.502646 0.435999 0.49151 0.574617 0.419906 0.407675 0.333795 0.39357; 0.481009 1.0 0.326783 0.496894 0.532206 0.51701 0.606935 0.361604 0.292499 0.57821 0.453998 0.398933 0.459765 0.412778 0.642284 0.351605 0.413574 0.470508 0.388009 0.389514 0.386801 0.60677 0.323635 0.536979 0.371563 0.430046 0.498386 0.48541 0.439959 0.453617; 0.265537 0.326783 1.0 0.262569 0.28989 0.425345 0.306195 0.486204 0.354341 0.373359 0.319668 0.317845 0.330605 0.358235 0.388521 0.26057 0.196628 0.401022 0.325524 0.41431 0.34317 0.293764 0.277265 0.413176 0.236876 0.343178 0.33399 0.405149 0.347421 0.437772; 0.553794 0.496894 0.262569 1.0 0.387784 0.420119 0.355237 0.315412 0.387342 0.551965 0.414474 0.445872 0.417946 0.447311 0.425838 0.583785 0.442278 0.396734 0.51052 0.457001 0.290636 0.480553 0.325235 0.48243 0.69019 0.537106 0.345234 0.491264 0.424987 0.45926; 0.547693 0.532206 0.28989 0.387784 1.0 0.320899 0.56371 0.261113 0.308115 0.473918 0.416917 0.272204 0.532587 0.378207 0.455898 0.374227 0.443455 0.375474 0.384541 0.285906 0.366097 0.523472 0.370703 0.478044 0.342312 0.493339 0.617081 0.400813 0.382438 0.417237; 0.314953 0.51701 0.425345 0.420119 0.320899 1.0 0.376629 0.536124 0.290707 0.482439 0.329432 0.524676 0.310719 0.339268 0.462396 0.310947 0.293406 0.420583 0.336468 0.507475 0.35013 0.417441 0.24326 0.555245 0.342336 0.37107 0.375381 0.580908 0.509198 0.501671; 0.451724 0.606935 0.306195 0.355237 0.56371 0.376629 1.0 0.34241 0.275759 0.539671 0.484495 0.341306 0.475032 0.365184 0.547356 0.285199 0.41915 0.342495 0.295393 0.329779 0.524059 0.656742 0.392253 0.443877 0.282202 0.363654 0.579714 0.400879 0.322493 0.337739; 0.27799 0.361604 0.486204 0.315412 0.261113 0.536124 0.34241 1.0 0.339436 0.470505 0.34874 0.57006 0.297773 0.33047 0.385002 0.268284 0.254966 0.306265 0.271855 0.602419 0.464189 0.381913 0.294488 0.438887 0.275253 0.318257 0.334799 0.49395 0.336559 0.364485; 0.438778 0.292499 0.354341 0.387342 0.308115 0.290707 0.275759 0.339436 1.0 0.456576 0.437062 0.343676 0.455943 0.523397 0.336403 0.50248 0.278988 0.327645 0.483433 0.479283 0.317472 0.336765 0.475292 0.374477 0.410467 0.510037 0.293776 0.389404 0.288565 0.383333; 0.580525 0.57821 0.373359 0.551965 0.473918 0.482439 0.539671 0.470505 0.456576 1.0 0.588548 0.540372 0.540043 0.513276 0.557462 0.458642 0.467502 0.400795 0.431421 0.571043 0.517259 0.700583 0.47813 0.584064 0.458887 0.534883 0.492644 0.591155 0.405862 0.458408; 0.562887 0.453998 0.319668 0.414474 0.416917 0.329432 0.484495 0.34874 0.437062 0.588548 1.0 0.357771 0.682936 0.645578 0.581879 0.359759 0.334785 0.396886 0.410249 0.431023 0.425505 0.503282 0.633613 0.36608 0.333148 0.402755 0.358772 0.35682 0.261115 0.324437; 0.336077 0.398933 0.317845 0.445872 0.272204 0.524676 0.341306 0.57006 0.343676 0.540372 0.357771 1.0 0.299112 0.331546 0.365362 0.344352 0.353744 0.283913 0.295282 0.64675 0.411169 0.459277 0.296682 0.464093 0.392917 0.358776 0.328987 0.553593 0.364258 0.363479; 0.651579 0.459765 0.330605 0.417946 0.532587 0.310719 0.475032 0.297773 0.455943 0.540043 0.682936 0.299112 1.0 0.652636 0.553666 0.412795 0.344519 0.446912 0.498457 0.369459 0.372599 0.472678 0.582517 0.397116 0.355851 0.491812 0.405749 0.363555 0.295623 0.379771; 0.530131 0.412778 0.358235 0.447311 0.378207 0.339268 0.365184 0.33047 0.523397 0.513276 0.645578 0.331546 0.652636 1.0 0.547847 0.421802 0.278115 0.512135 0.580366 0.453726 0.317557 0.391972 0.496754 0.369386 0.374014 0.457741 0.309069 0.359442 0.28758 0.387796; 0.463293 0.642284 0.388521 0.425838 0.455898 0.462396 0.547356 0.385002 0.336403 0.557462 0.581879 0.365362 0.553666 0.547847 1.0 0.321942 0.307284 0.571964 0.421348 0.421142 0.3866 0.495238 0.387341 0.435266 0.316282 0.393825 0.401825 0.404456 0.340587 0.408082; 0.54028 0.351605 0.26057 0.583785 0.374227 0.310947 0.285199 0.268284 0.50248 0.458642 0.359759 0.344352 0.412795 0.421802 0.321942 1.0 0.401481 0.333107 0.561224 0.394843 0.263067 0.382131 0.344093 0.447942 0.737915 0.691114 0.330663 0.44878 0.396122 0.465288; 0.48293 0.413574 0.196628 0.442278 0.443455 0.293406 0.41915 0.254966 0.278988 0.467502 0.334785 0.353744 0.344519 0.278115 0.307284 0.401481 1.0 0.229698 0.283209 0.29937 0.362612 0.580927 0.321616 0.431458 0.432561 0.420254 0.461626 0.41992 0.341118 0.316348; 0.379042 0.470508 0.401022 0.396734 0.375474 0.420583 0.342495 0.306265 0.327645 0.400795 0.396886 0.283913 0.446912 0.512135 0.571964 0.333107 0.229698 1.0 0.535836 0.362328 0.250208 0.328498 0.281388 0.393482 0.315942 0.400784 0.309936 0.359158 0.368862 0.483392; 0.503607 0.388009 0.325524 0.51052 0.384541 0.336468 0.295393 0.271855 0.483433 0.431421 0.410249 0.295282 0.498457 0.580366 0.421348 0.561224 0.283209 0.535836 1.0 0.388552 0.240879 0.337826 0.340583 0.408228 0.482952 0.582574 0.303593 0.385993 0.373424 0.509611; 0.373111 0.389514 0.41431 0.457001 0.285906 0.507475 0.329779 0.602419 0.479283 0.571043 0.431023 0.64675 0.369459 0.453726 0.421142 0.394843 0.29937 0.362328 0.388552 1.0 0.392116 0.415791 0.358272 0.463465 0.407238 0.417359 0.316467 0.532927 0.359036 0.419555; 0.350681 0.386801 0.34317 0.290636 0.366097 0.35013 0.524059 0.464189 0.317472 0.517259 0.425505 0.411169 0.372599 0.317557 0.3866 0.263067 0.362612 0.250208 0.240879 0.392116 1.0 0.535007 0.42382 0.413621 0.255295 0.326929 0.483397 0.41838 0.278806 0.294887; 0.546675 0.60677 0.293764 0.480553 0.523472 0.417441 0.656742 0.381913 0.336765 0.700583 0.503282 0.459277 0.472678 0.391972 0.495238 0.382131 0.580927 0.328498 0.337826 0.415791 0.535007 1.0 0.422932 0.529007 0.396619 0.449062 0.562644 0.510335 0.374287 0.38068; 0.502646 0.323635 0.277265 0.325235 0.370703 0.24326 0.392253 0.294488 0.475292 0.47813 0.633613 0.296682 0.582517 0.496754 0.387341 0.344093 0.321616 0.281388 0.340583 0.358272 0.42382 0.422932 1.0 0.312572 0.296621 0.378344 0.333599 0.307491 0.21579 0.269416; 0.435999 0.536979 0.413176 0.48243 0.478044 0.555245 0.443877 0.438887 0.374477 0.584064 0.36608 0.464093 0.397116 0.369386 0.435266 0.447942 0.431458 0.393482 0.408228 0.463465 0.413621 0.529007 0.312572 1.0 0.452419 0.584909 0.578112 0.808834 0.663779 0.657515; 0.49151 0.371563 0.236876 0.69019 0.342312 0.342336 0.282202 0.275253 0.410467 0.458887 0.333148 0.392917 0.355851 0.374014 0.316282 0.737915 0.432561 0.315942 0.482952 0.407238 0.255295 0.396619 0.296621 0.452419 1.0 0.577839 0.315898 0.470584 0.417797 0.445319; 0.574617 0.430046 0.343178 0.537106 0.493339 0.37107 0.363654 0.318257 0.510037 0.534883 0.402755 0.358776 0.491812 0.457741 0.393825 0.691114 0.420254 0.400784 0.582574 0.417359 0.326929 0.449062 0.378344 0.584909 0.577839 1.0 0.450096 0.544607 0.488531 0.599767; 0.419906 0.498386 0.33399 0.345234 0.617081 0.375381 0.579714 0.334799 0.293776 0.492644 0.358772 0.328987 0.405749 0.309069 0.401825 0.330663 0.461626 0.309936 0.303593 0.316467 0.483397 0.562644 0.333599 0.578112 0.315898 0.450096 1.0 0.496656 0.434432 0.425944; 0.407675 0.48541 0.405149 0.491264 0.400813 0.580908 0.400879 0.49395 0.389404 0.591155 0.35682 0.553593 0.363555 0.359442 0.404456 0.44878 0.41992 0.359158 0.385993 0.532927 0.41838 0.510335 0.307491 0.808834 0.470584 0.544607 0.496656 1.0 0.61077 0.597367; 0.333795 0.439959 0.347421 0.424987 0.382438 0.509198 0.322493 0.336559 0.288565 0.405862 0.261115 0.364258 0.295623 0.28758 0.340587 0.396122 0.341118 0.368862 0.373424 0.359036 0.278806 0.374287 0.21579 0.663779 0.417797 0.488531 0.434432 0.61077 1.0 0.68684; 0.39357 0.453617 0.437772 0.45926 0.417237 0.501671 0.337739 0.364485 0.383333 0.458408 0.324437 0.363479 0.379771 0.387796 0.408082 0.465288 0.316348 0.483392 0.509611 0.419555 0.294887 0.38068 0.269416 0.657515 0.445319 0.599767 0.425944 0.597367 0.68684 1.0]
  MOD.kernelmatrix!(layout,K_tst_nn,F,X,true) = [1.0 0.481009 0.265537 0.553794 0.547693 0.314953 0.451724 0.27799 0.438778 0.580525 0.562887 0.336077 0.651579 0.530131 0.463293 0.54028 0.48293 0.379042 0.503607 0.373111 0.350681 0.546675 0.502646 0.435999 0.49151 0.574617 0.419906 0.407675 0.333795 0.39357; 0.481009 1.0 0.326783 0.496894 0.532206 0.51701 0.606935 0.361604 0.292499 0.57821 0.453998 0.398933 0.459765 0.412778 0.642284 0.351605 0.413574 0.470508 0.388009 0.389514 0.386801 0.60677 0.323635 0.536979 0.371563 0.430046 0.498386 0.48541 0.439959 0.453617; 0.265537 0.326783 1.0 0.262569 0.28989 0.425345 0.306195 0.486204 0.354341 0.373359 0.319668 0.317845 0.330605 0.358235 0.388521 0.26057 0.196628 0.401022 0.325524 0.41431 0.34317 0.293764 0.277265 0.413176 0.236876 0.343178 0.33399 0.405149 0.347421 0.437772; 0.553794 0.496894 0.262569 1.0 0.387784 0.420119 0.355237 0.315412 0.387342 0.551965 0.414474 0.445872 0.417946 0.447311 0.425838 0.583785 0.442278 0.396734 0.51052 0.457001 0.290636 0.480553 0.325235 0.48243 0.69019 0.537106 0.345234 0.491264 0.424987 0.45926; 0.547693 0.532206 0.28989 0.387784 1.0 0.320899 0.56371 0.261113 0.308115 0.473918 0.416917 0.272204 0.532587 0.378207 0.455898 0.374227 0.443455 0.375474 0.384541 0.285906 0.366097 0.523472 0.370703 0.478044 0.342312 0.493339 0.617081 0.400813 0.382438 0.417237; 0.314953 0.51701 0.425345 0.420119 0.320899 1.0 0.376629 0.536124 0.290707 0.482439 0.329432 0.524676 0.310719 0.339268 0.462396 0.310947 0.293406 0.420583 0.336468 0.507475 0.35013 0.417441 0.24326 0.555245 0.342336 0.37107 0.375381 0.580908 0.509198 0.501671; 0.451724 0.606935 0.306195 0.355237 0.56371 0.376629 1.0 0.34241 0.275759 0.539671 0.484495 0.341306 0.475032 0.365184 0.547356 0.285199 0.41915 0.342495 0.295393 0.329779 0.524059 0.656742 0.392253 0.443877 0.282202 0.363654 0.579714 0.400879 0.322493 0.337739; 0.27799 0.361604 0.486204 0.315412 0.261113 0.536124 0.34241 1.0 0.339436 0.470505 0.34874 0.57006 0.297773 0.33047 0.385002 0.268284 0.254966 0.306265 0.271855 0.602419 0.464189 0.381913 0.294488 0.438887 0.275253 0.318257 0.334799 0.49395 0.336559 0.364485; 0.438778 0.292499 0.354341 0.387342 0.308115 0.290707 0.275759 0.339436 1.0 0.456576 0.437062 0.343676 0.455943 0.523397 0.336403 0.50248 0.278988 0.327645 0.483433 0.479283 0.317472 0.336765 0.475292 0.374477 0.410467 0.510037 0.293776 0.389404 0.288565 0.383333; 0.580525 0.57821 0.373359 0.551965 0.473918 0.482439 0.539671 0.470505 0.456576 1.0 0.588548 0.540372 0.540043 0.513276 0.557462 0.458642 0.467502 0.400795 0.431421 0.571043 0.517259 0.700583 0.47813 0.584064 0.458887 0.534883 0.492644 0.591155 0.405862 0.458408; 0.562887 0.453998 0.319668 0.414474 0.416917 0.329432 0.484495 0.34874 0.437062 0.588548 1.0 0.357771 0.682936 0.645578 0.581879 0.359759 0.334785 0.396886 0.410249 0.431023 0.425505 0.503282 0.633613 0.36608 0.333148 0.402755 0.358772 0.35682 0.261115 0.324437; 0.336077 0.398933 0.317845 0.445872 0.272204 0.524676 0.341306 0.57006 0.343676 0.540372 0.357771 1.0 0.299112 0.331546 0.365362 0.344352 0.353744 0.283913 0.295282 0.64675 0.411169 0.459277 0.296682 0.464093 0.392917 0.358776 0.328987 0.553593 0.364258 0.363479; 0.651579 0.459765 0.330605 0.417946 0.532587 0.310719 0.475032 0.297773 0.455943 0.540043 0.682936 0.299112 1.0 0.652636 0.553666 0.412795 0.344519 0.446912 0.498457 0.369459 0.372599 0.472678 0.582517 0.397116 0.355851 0.491812 0.405749 0.363555 0.295623 0.379771; 0.530131 0.412778 0.358235 0.447311 0.378207 0.339268 0.365184 0.33047 0.523397 0.513276 0.645578 0.331546 0.652636 1.0 0.547847 0.421802 0.278115 0.512135 0.580366 0.453726 0.317557 0.391972 0.496754 0.369386 0.374014 0.457741 0.309069 0.359442 0.28758 0.387796; 0.463293 0.642284 0.388521 0.425838 0.455898 0.462396 0.547356 0.385002 0.336403 0.557462 0.581879 0.365362 0.553666 0.547847 1.0 0.321942 0.307284 0.571964 0.421348 0.421142 0.3866 0.495238 0.387341 0.435266 0.316282 0.393825 0.401825 0.404456 0.340587 0.408082; 0.54028 0.351605 0.26057 0.583785 0.374227 0.310947 0.285199 0.268284 0.50248 0.458642 0.359759 0.344352 0.412795 0.421802 0.321942 1.0 0.401481 0.333107 0.561224 0.394843 0.263067 0.382131 0.344093 0.447942 0.737915 0.691114 0.330663 0.44878 0.396122 0.465288; 0.48293 0.413574 0.196628 0.442278 0.443455 0.293406 0.41915 0.254966 0.278988 0.467502 0.334785 0.353744 0.344519 0.278115 0.307284 0.401481 1.0 0.229698 0.283209 0.29937 0.362612 0.580927 0.321616 0.431458 0.432561 0.420254 0.461626 0.41992 0.341118 0.316348; 0.379042 0.470508 0.401022 0.396734 0.375474 0.420583 0.342495 0.306265 0.327645 0.400795 0.396886 0.283913 0.446912 0.512135 0.571964 0.333107 0.229698 1.0 0.535836 0.362328 0.250208 0.328498 0.281388 0.393482 0.315942 0.400784 0.309936 0.359158 0.368862 0.483392; 0.503607 0.388009 0.325524 0.51052 0.384541 0.336468 0.295393 0.271855 0.483433 0.431421 0.410249 0.295282 0.498457 0.580366 0.421348 0.561224 0.283209 0.535836 1.0 0.388552 0.240879 0.337826 0.340583 0.408228 0.482952 0.582574 0.303593 0.385993 0.373424 0.509611; 0.373111 0.389514 0.41431 0.457001 0.285906 0.507475 0.329779 0.602419 0.479283 0.571043 0.431023 0.64675 0.369459 0.453726 0.421142 0.394843 0.29937 0.362328 0.388552 1.0 0.392116 0.415791 0.358272 0.463465 0.407238 0.417359 0.316467 0.532927 0.359036 0.419555; 0.350681 0.386801 0.34317 0.290636 0.366097 0.35013 0.524059 0.464189 0.317472 0.517259 0.425505 0.411169 0.372599 0.317557 0.3866 0.263067 0.362612 0.250208 0.240879 0.392116 1.0 0.535007 0.42382 0.413621 0.255295 0.326929 0.483397 0.41838 0.278806 0.294887; 0.546675 0.60677 0.293764 0.480553 0.523472 0.417441 0.656742 0.381913 0.336765 0.700583 0.503282 0.459277 0.472678 0.391972 0.495238 0.382131 0.580927 0.328498 0.337826 0.415791 0.535007 1.0 0.422932 0.529007 0.396619 0.449062 0.562644 0.510335 0.374287 0.38068; 0.502646 0.323635 0.277265 0.325235 0.370703 0.24326 0.392253 0.294488 0.475292 0.47813 0.633613 0.296682 0.582517 0.496754 0.387341 0.344093 0.321616 0.281388 0.340583 0.358272 0.42382 0.422932 1.0 0.312572 0.296621 0.378344 0.333599 0.307491 0.21579 0.269416; 0.435999 0.536979 0.413176 0.48243 0.478044 0.555245 0.443877 0.438887 0.374477 0.584064 0.36608 0.464093 0.397116 0.369386 0.435266 0.447942 0.431458 0.393482 0.408228 0.463465 0.413621 0.529007 0.312572 1.0 0.452419 0.584909 0.578112 0.808834 0.663779 0.657515; 0.49151 0.371563 0.236876 0.69019 0.342312 0.342336 0.282202 0.275253 0.410467 0.458887 0.333148 0.392917 0.355851 0.374014 0.316282 0.737915 0.432561 0.315942 0.482952 0.407238 0.255295 0.396619 0.296621 0.452419 1.0 0.577839 0.315898 0.470584 0.417797 0.445319; 0.574617 0.430046 0.343178 0.537106 0.493339 0.37107 0.363654 0.318257 0.510037 0.534883 0.402755 0.358776 0.491812 0.457741 0.393825 0.691114 0.420254 0.400784 0.582574 0.417359 0.326929 0.449062 0.378344 0.584909 0.577839 1.0 0.450096 0.544607 0.488531 0.599767; 0.419906 0.498386 0.33399 0.345234 0.617081 0.375381 0.579714 0.334799 0.293776 0.492644 0.358772 0.328987 0.405749 0.309069 0.401825 0.330663 0.461626 0.309936 0.303593 0.316467 0.483397 0.562644 0.333599 0.578112 0.315898 0.450096 1.0 0.496656 0.434432 0.425944; 0.407675 0.48541 0.405149 0.491264 0.400813 0.580908 0.400879 0.49395 0.389404 0.591155 0.35682 0.553593 0.363555 0.359442 0.404456 0.44878 0.41992 0.359158 0.385993 0.532927 0.41838 0.510335 0.307491 0.808834 0.470584 0.544607 0.496656 1.0 0.61077 0.597367; 0.333795 0.439959 0.347421 0.424987 0.382438 0.509198 0.322493 0.336559 0.288565 0.405862 0.261115 0.364258 0.295623 0.28758 0.340587 0.396122 0.341118 0.368862 0.373424 0.359036 0.278806 0.374287 0.21579 0.663779 0.417797 0.488531 0.434432 0.61077 1.0 0.68684; 0.39357 0.453617 0.437772 0.45926 0.417237 0.501671 0.337739 0.364485 0.383333 0.458408 0.324437 0.363479 0.379771 0.387796 0.408082 0.465288 0.316348 0.483392 0.509611 0.419555 0.294887 0.38068 0.269416 0.657515 0.445319 0.599767 0.425944 0.597367 0.68684 1.0]
  difference = 2.9802321943606103e-8 > 1.9984014443252818e-9
 in test_approx_eq(::Array{Float64,2}, ::Array{Float64,2}, ::Float64, ::String, ::String) at ./test.jl:865
 in macro expansion; at /home/vagrant/.julia/v0.5/MLKernels/test/kernelmatrix.jl:74 [inlined]
 in anonymous at ./<missing>:?
 in include_from_node1(::String) at ./loading.jl:488 (repeats 2 times)
 in process_options(::Base.JLOptions) at ./client.jl:265
 in _start() at ./client.jl:321
while loading /home/vagrant/.julia/v0.5/MLKernels/test/kernelmatrix.jl, in expression starting on line 59
while loading /home/vagrant/.julia/v0.5/MLKernels/test/runtests.jl, in expression starting on line 30
==============================[ ERROR: MLKernels ]==============================

failed process: Process(`/home/vagrant/julia/bin/julia -Cx86-64 -J/home/vagrant/julia/lib/julia/sys.so --compile=yes --depwarn=yes --check-bounds=yes --code-coverage=none --color=no --compilecache=yes /home/vagrant/.julia/v0.5/MLKernels/test/runtests.jl`, ProcessExited(1)) [1]

================================================================================
ERROR: MLKernels had test errors
 in #test#61(::Bool, ::Function, ::Array{AbstractString,1}) at ./pkg/entry.jl:748
 in (::Base.Pkg.Entry.#kw##test)(::Array{Any,1}, ::Base.Pkg.Entry.#test, ::Array{AbstractString,1}) at ./<missing>:0
 in (::Base.Pkg.Dir.##2#3{Array{Any,1},Base.Pkg.Entry.#test,Tuple{Array{AbstractString,1}}})() at ./pkg/dir.jl:31
 in cd(::Base.Pkg.Dir.##2#3{Array{Any,1},Base.Pkg.Entry.#test,Tuple{Array{AbstractString,1}}}, ::String) at ./file.jl:59
 in #cd#1(::Array{Any,1}, ::Function, ::Function, ::Array{AbstractString,1}, ::Vararg{Array{AbstractString,1},N}) at ./pkg/dir.jl:31
 in (::Base.Pkg.Dir.#kw##cd)(::Array{Any,1}, ::Base.Pkg.Dir.#cd, ::Function, ::Array{AbstractString,1}, ::Vararg{Array{AbstractString,1},N}) at ./<missing>:0
 in #test#3(::Bool, ::Function, ::String, ::Vararg{String,N}) at ./pkg/pkg.jl:258
 in test(::String, ::Vararg{String,N}) at ./pkg/pkg.jl:258
 in eval(::Module, ::Any) at ./boot.jl:234
 in process_options(::Base.JLOptions) at ./client.jl:242
 in _start() at ./client.jl:321

>>> End of log
