>>> 'Pkg.add("MLKernels")' log
INFO: Cloning cache of MLKernels from https://github.com/trthatcher/MLKernels.jl.git
INFO: Installing MLKernels v0.2.0
INFO: Package database updated

>>> 'Pkg.test("MLKernels")' log
Julia Version 0.5.2
Commit f4c6c9d (2017-05-06 16:34 UTC)
Platform Info:
  OS: Linux (x86_64-pc-linux-gnu)
  CPU: Intel(R) Xeon(R) CPU E3-1241 v3 @ 3.50GHz
  WORD_SIZE: 64
           Ubuntu 14.04.5 LTS
  uname: Linux 3.13.0-128-generic #177-Ubuntu SMP Tue Aug 8 11:40:23 UTC 2017 x86_64 x86_64
Memory: 2.9392738342285156 GB (717.16015625 MB free)
Uptime: 12395.0 sec
Load Avg:  0.96728515625  0.998046875  1.0400390625
Intel(R) Xeon(R) CPU E3-1241 v3 @ 3.50GHz: 
       speed         user         nice          sys         idle          irq
#1  3500 MHz     694071 s       6740 s      74165 s     325583 s         19 s
#2  3500 MHz     249964 s         43 s      35236 s     923309 s          1 s

  BLAS: libopenblas (USE64BITINT DYNAMIC_ARCH NO_AFFINITY Nehalem)
  LAPACK: libopenblas64_
  LIBM: libopenlibm
  LLVM: libLLVM-3.7.1 (ORCJIT, haswell)
Environment:
  TERM = vt100
  LD_LIBRARY_PATH = :/usr/local/lib/
  PATH = /usr/local/sbin:/usr/local/bin:/usr/sbin:/usr/bin:/sbin:/bin:/usr/games:/usr/local/games:/home/vagrant/julia/bin/
  JAVA_HOME = /usr/lib/jvm/java-8-openjdk-amd64
  HOME = /home/vagrant

Package Directory: /home/vagrant/.julia/v0.5
2 required packages:
 - JSON                          0.13.0
 - MLKernels                     0.2.0
1 additional packages:
 - Compat                        0.31.0
INFO: Testing MLKernels
INFO: Testing MLKernels.HyperParameters.OpenBound{T<:Real}
INFO: Testing MLKernels.HyperParameters.ClosedBound{T<:Real}
INFO: Testing MLKernels.HyperParameters.NullBound{T<:Real}
INFO: Testing MLKernels.HyperParameters.Interval{T<:Real,A<:MLKernels.HyperParameters.Bound,B<:MLKernels.HyperParameters.Bound}
INFO: Testing MLKernels.HyperParameters.interval
INFO: Testing MLKernels.HyperParameters.checkvalue
INFO: Testing MLKernels.HyperParameters.lowerboundtheta
INFO: Testing MLKernels.HyperParameters.upperboundtheta
INFO: Testing MLKernels.HyperParameters.theta
INFO: Testing MLKernels.HyperParameters.eta
INFO: Testing MLKernels.HyperParameters.HyperParameter{T<:Real}
INFO: Testing MLKernels.PairwiseFunctions.dotvectors!
INFO: Testing MLKernels.PairwiseFunctions.gramian!
INFO: Testing MLKernels.PairwiseFunctions.squared_distance!
INFO: Testing MLKernels.PairwiseFunctions.SquaredEuclidean
INFO: Testing MLKernels.PairwiseFunctions.SineSquared
INFO: Testing MLKernels.PairwiseFunctions.ChiSquared
INFO: Testing MLKernels.PairwiseFunctions.ScalarProduct
INFO: Testing MLKernels.PairwiseFunctions.unsafe_pairwise
INFO: Testing MLKernels.PairwiseFunctions.pairwise
INFO: Testing MLKernels.PairwiseFunctions.allocate_pairwisematrix
INFO: Testing MLKernels.PairwiseFunctions.checkdimensions
INFO: Testing MLKernels.PairwiseFunctions.pairwisematrix!
INFO: Testing MLKernels.ExponentialKernel{T<:AbstractFloat}
INFO: Testing MLKernels.SquaredExponentialKernel{T<:AbstractFloat}
INFO: Testing MLKernels.GammaExponentialKernel{T<:AbstractFloat}
INFO: Testing MLKernels.RationalQuadraticKernel{T<:AbstractFloat}
INFO: Testing MLKernels.GammaRationalKernel{T<:AbstractFloat}
INFO: Testing MLKernels.MaternKernel{T<:AbstractFloat}
INFO: Testing MLKernels.LinearKernel{T<:AbstractFloat}
INFO: Testing MLKernels.PolynomialKernel{T<:AbstractFloat,U<:Integer}
INFO: Testing MLKernels.ExponentiatedKernel{T<:AbstractFloat}
INFO: Testing MLKernels.PeriodicKernel{T<:AbstractFloat}
INFO: Testing MLKernels.PowerKernel{T<:AbstractFloat}
INFO: Testing MLKernels.LogKernel{T<:AbstractFloat}
INFO: Testing MLKernels.SigmoidKernel{T<:AbstractFloat}
INFO: Testing MLKernels.kappa
INFO: Testing MLKernels.HyperParameters.gettheta
INFO: Testing MLKernels.HyperParameters.settheta!
INFO: Testing MLKernels.HyperParameters.checktheta
INFO: Testing MLKernels.kernel
INFO: Testing MLKernels.kappamatrix!
INFO: Testing MLKernels.symmetric_kappamatrix!
INFO: Testing MLKernels.kernelmatrix!
ERROR: LoadError: LoadError: assertion failed: |K - MOD.kernelmatrix!(layout,K_tst_nn,F,X,true)| <= 1.9984014443252818e-9
  K = [1.0 0.444393 0.338286 0.379041 0.307256 0.328419 0.337991 0.47656 0.321042 0.487389 0.454684 0.299287 0.382254 0.492876 0.508879 0.322644 0.295159 0.391152 0.405204 0.566195 0.519086 0.33514 0.607306 0.327671 0.364623 0.384157 0.273179 0.522956 0.398558 0.523703; 0.444393 1.0 0.499394 0.498053 0.495621 0.24954 0.383194 0.443021 0.314854 0.426481 0.505558 0.270259 0.482609 0.535248 0.359879 0.380373 0.41947 0.427892 0.327531 0.545593 0.598729 0.527558 0.416879 0.633126 0.642414 0.375685 0.396286 0.435309 0.454409 0.442009; 0.338286 0.499394 1.0 0.301292 0.350513 0.22387 0.361481 0.38164 0.192707 0.394796 0.335271 0.22606 0.759202 0.409813 0.267329 0.278426 0.361216 0.486979 0.232028 0.354479 0.464201 0.44576 0.398486 0.565875 0.531228 0.23503 0.419955 0.394195 0.489005 0.458224; 0.379041 0.498053 0.301292 1.0 0.358189 0.279884 0.330481 0.449292 0.474341 0.373795 0.360811 0.340115 0.333498 0.314662 0.403537 0.512531 0.435639 0.386292 0.313972 0.629903 0.338758 0.491924 0.375757 0.375789 0.481089 0.333855 0.412268 0.389762 0.339322 0.29874; 0.307256 0.495621 0.350513 0.358189 1.0 0.282453 0.511843 0.402545 0.340594 0.322565 0.575659 0.318785 0.332266 0.457401 0.353621 0.385728 0.467674 0.319636 0.420992 0.396736 0.473839 0.523414 0.267018 0.492615 0.55221 0.487851 0.34033 0.379854 0.386665 0.366063; 0.328419 0.24954 0.22387 0.279884 0.282453 1.0 0.493846 0.443427 0.345739 0.406675 0.337042 0.692273 0.271741 0.248353 0.500174 0.442152 0.394663 0.371997 0.464892 0.383923 0.268266 0.330825 0.341789 0.236965 0.300262 0.352009 0.312253 0.398639 0.374245 0.362544; 0.337991 0.383194 0.361481 0.330481 0.511843 0.493846 1.0 0.537305 0.342088 0.422869 0.475969 0.519204 0.394956 0.371368 0.456145 0.471998 0.580317 0.443421 0.481384 0.423988 0.401426 0.543751 0.339605 0.40177 0.509332 0.42073 0.428314 0.486405 0.500869 0.453567; 0.47656 0.443021 0.38164 0.449292 0.402545 0.443427 0.537305 1.0 0.431653 0.431553 0.42125 0.477467 0.441545 0.415015 0.641206 0.449453 0.461213 0.469337 0.454102 0.572977 0.427371 0.563537 0.456257 0.361412 0.522264 0.3722 0.417757 0.795087 0.423567 0.436904; 0.321042 0.314854 0.192707 0.474341 0.340594 0.345739 0.342088 0.431653 1.0 0.273326 0.350442 0.433109 0.214925 0.273564 0.518427 0.447576 0.352237 0.258046 0.44959 0.461884 0.272225 0.373137 0.264302 0.238396 0.331892 0.41465 0.269209 0.375482 0.246789 0.242226; 0.487389 0.426481 0.394796 0.373795 0.322565 0.406675 0.422869 0.431553 0.273326 1.0 0.429708 0.370026 0.477596 0.353558 0.395508 0.45021 0.435756 0.645278 0.346601 0.539637 0.423845 0.39068 0.640097 0.423834 0.422395 0.346215 0.420588 0.411207 0.691458 0.611346; 0.454684 0.505558 0.335271 0.360811 0.575659 0.337042 0.475969 0.42125 0.350442 0.429708 1.0 0.332879 0.339039 0.567335 0.438446 0.386404 0.396325 0.348544 0.547403 0.487936 0.612503 0.410182 0.360103 0.443681 0.452485 0.678722 0.294821 0.421267 0.448311 0.505919; 0.299287 0.270259 0.22606 0.340115 0.318785 0.692273 0.519204 0.477467 0.433109 0.370026 0.332879 1.0 0.270312 0.240863 0.502674 0.552677 0.480313 0.371192 0.448737 0.412456 0.258349 0.399869 0.310522 0.254133 0.343882 0.355481 0.366705 0.399865 0.353721 0.313308; 0.382254 0.482609 0.759202 0.333498 0.332266 0.271741 0.394956 0.441545 0.214925 0.477596 0.339039 0.270312 1.0 0.386118 0.309449 0.323419 0.4009 0.618968 0.252906 0.407923 0.443952 0.47028 0.492167 0.518143 0.53542 0.244813 0.483419 0.446244 0.559409 0.505709; 0.492876 0.535248 0.409813 0.314662 0.457401 0.248353 0.371368 0.415015 0.273564 0.353558 0.567335 0.240863 0.386118 1.0 0.383158 0.26887 0.296147 0.31669 0.395497 0.414469 0.805512 0.373211 0.366632 0.420452 0.432927 0.42128 0.25577 0.468976 0.37487 0.49147; 0.508879 0.359879 0.267329 0.403537 0.353621 0.500174 0.456145 0.641206 0.518427 0.395508 0.438446 0.502674 0.309449 0.383158 1.0 0.422348 0.368804 0.357374 0.598923 0.552381 0.383785 0.401349 0.411079 0.277842 0.376596 0.453124 0.299467 0.614887 0.348875 0.394705; 0.322644 0.380373 0.278426 0.512531 0.385728 0.442152 0.471998 0.449453 0.447576 0.45021 0.386404 0.552677 0.323419 0.26887 0.422348 1.0 0.656925 0.455018 0.379343 0.538915 0.302732 0.505012 0.354266 0.366131 0.457784 0.380169 0.499913 0.367586 0.432018 0.334801; 0.295159 0.41947 0.361216 0.435639 0.467674 0.394663 0.580317 0.461213 0.352237 0.435756 0.396325 0.480313 0.4009 0.296147 0.368804 0.656925 1.0 0.507325 0.347912 0.462095 0.335742 0.646329 0.335149 0.466416 0.585105 0.348948 0.634394 0.384296 0.503955 0.365757; 0.391152 0.427892 0.486979 0.386292 0.319636 0.371997 0.443421 0.469337 0.258046 0.645278 0.348544 0.371192 0.618968 0.31669 0.357374 0.455018 0.507325 1.0 0.287029 0.486567 0.373929 0.479715 0.561509 0.458092 0.500669 0.273307 0.597343 0.430532 0.668509 0.501642; 0.405204 0.327531 0.232028 0.313972 0.420992 0.464892 0.481384 0.454102 0.44959 0.346601 0.547403 0.448737 0.252906 0.395497 0.598923 0.379343 0.347912 0.287029 1.0 0.42988 0.392294 0.347863 0.307609 0.273772 0.337085 0.657728 0.24659 0.444707 0.331954 0.383569; 0.566195 0.545593 0.354479 0.629903 0.396736 0.383923 0.423988 0.572977 0.461884 0.539637 0.487936 0.412456 0.407923 0.414469 0.552381 0.538915 0.462095 0.486567 0.42988 1.0 0.456832 0.495855 0.538659 0.412967 0.507702 0.433032 0.411025 0.520102 0.460203 0.449131; 0.519086 0.598729 0.464201 0.338758 0.473839 0.268266 0.401426 0.427371 0.272225 0.423845 0.612503 0.258349 0.443952 0.805512 0.383785 0.302732 0.335742 0.373929 0.392294 0.456832 1.0 0.403312 0.41906 0.495393 0.479148 0.4299 0.29436 0.468203 0.454301 0.577883; 0.33514 0.527558 0.44576 0.491924 0.523414 0.330825 0.543751 0.563537 0.373137 0.39068 0.410182 0.399869 0.47028 0.373211 0.401349 0.505012 0.646329 0.479715 0.347863 0.495855 0.403312 1.0 0.352609 0.511473 0.788491 0.341111 0.582458 0.485535 0.450842 0.373087; 0.607306 0.416879 0.398486 0.375757 0.267018 0.341789 0.339605 0.456257 0.264302 0.640097 0.360103 0.310522 0.492167 0.366632 0.411079 0.354266 0.335149 0.561509 0.307609 0.538659 0.41906 0.352609 1.0 0.355258 0.38176 0.288841 0.357796 0.466075 0.498005 0.54476; 0.327671 0.633126 0.565875 0.375789 0.492615 0.236965 0.40177 0.361412 0.238396 0.423834 0.443681 0.254133 0.518143 0.420452 0.277842 0.366131 0.466416 0.458092 0.273772 0.412967 0.495393 0.511473 0.355258 1.0 0.635623 0.318499 0.453846 0.345582 0.533887 0.437043; 0.364623 0.642414 0.531228 0.481089 0.55221 0.300262 0.509332 0.522264 0.331892 0.422395 0.452485 0.343882 0.53542 0.432927 0.376596 0.457784 0.585105 0.500669 0.337085 0.507702 0.479148 0.788491 0.38176 0.635623 1.0 0.350439 0.550266 0.475575 0.500191 0.422018; 0.384157 0.375685 0.23503 0.333855 0.487851 0.352009 0.42073 0.3722 0.41465 0.346215 0.678722 0.355481 0.244813 0.42128 0.453124 0.380169 0.348948 0.273307 0.657728 0.433032 0.4299 0.341111 0.288841 0.318499 0.350439 1.0 0.241604 0.360315 0.33839 0.37425; 0.273179 0.396286 0.419955 0.412268 0.34033 0.312253 0.428314 0.417757 0.269209 0.420588 0.294821 0.366705 0.483419 0.25577 0.299467 0.499913 0.634394 0.597343 0.24659 0.411025 0.29436 0.582458 0.357796 0.453846 0.550266 0.241604 1.0 0.355274 0.481696 0.335133; 0.522956 0.435309 0.394195 0.389762 0.379854 0.398639 0.486405 0.795087 0.375482 0.411207 0.421267 0.399865 0.446244 0.468976 0.614887 0.367586 0.384296 0.430532 0.444707 0.520102 0.468203 0.485535 0.466075 0.345582 0.475575 0.360315 0.355274 1.0 0.403209 0.464844; 0.398558 0.454409 0.489005 0.339322 0.386665 0.374245 0.500869 0.423567 0.246789 0.691458 0.448311 0.353721 0.559409 0.37487 0.348875 0.432018 0.503955 0.668509 0.331954 0.460203 0.454301 0.450842 0.498005 0.533887 0.500191 0.33839 0.481696 0.403209 1.0 0.635121; 0.523703 0.442009 0.458224 0.29874 0.366063 0.362544 0.453567 0.436904 0.242226 0.611346 0.505919 0.313308 0.505709 0.49147 0.394705 0.334801 0.365757 0.501642 0.383569 0.449131 0.577883 0.373087 0.54476 0.437043 0.422018 0.37425 0.335133 0.464844 0.635121 1.0]
  MOD.kernelmatrix!(layout,K_tst_nn,F,X,true) = [1.0 0.444393 0.338286 0.379041 0.307256 0.328419 0.337991 0.47656 0.321042 0.487389 0.454684 0.299287 0.382254 0.492876 0.508879 0.322644 0.295159 0.391152 0.405204 0.566195 0.519086 0.33514 0.607306 0.327671 0.364623 0.384157 0.273179 0.522956 0.398558 0.523703; 0.444393 1.0 0.499394 0.498053 0.495621 0.24954 0.383194 0.443021 0.314854 0.426481 0.505558 0.270259 0.482609 0.535248 0.359879 0.380373 0.41947 0.427892 0.327531 0.545593 0.598729 0.527558 0.416879 0.633126 0.642414 0.375685 0.396286 0.435309 0.454409 0.442009; 0.338286 0.499394 1.0 0.301292 0.350513 0.22387 0.361481 0.38164 0.192707 0.394796 0.335271 0.22606 0.759202 0.409813 0.267329 0.278426 0.361216 0.486979 0.232028 0.354479 0.464201 0.44576 0.398486 0.565875 0.531228 0.23503 0.419955 0.394195 0.489005 0.458224; 0.379041 0.498053 0.301292 1.0 0.358189 0.279884 0.330481 0.449292 0.474341 0.373795 0.360811 0.340115 0.333498 0.314662 0.403537 0.512531 0.435639 0.386292 0.313972 0.629903 0.338758 0.491924 0.375757 0.375789 0.481089 0.333855 0.412268 0.389762 0.339322 0.29874; 0.307256 0.495621 0.350513 0.358189 1.0 0.282453 0.511843 0.402545 0.340594 0.322565 0.575659 0.318785 0.332266 0.457401 0.353621 0.385728 0.467674 0.319636 0.420992 0.396736 0.473839 0.523414 0.267018 0.492615 0.55221 0.487851 0.34033 0.379854 0.386665 0.366063; 0.328419 0.24954 0.22387 0.279884 0.282453 1.0 0.493846 0.443427 0.345739 0.406675 0.337042 0.692273 0.271741 0.248353 0.500174 0.442152 0.394663 0.371997 0.464892 0.383923 0.268266 0.330825 0.341789 0.236965 0.300262 0.352009 0.312253 0.398639 0.374245 0.362544; 0.337991 0.383194 0.361481 0.330481 0.511843 0.493846 1.0 0.537305 0.342088 0.422869 0.475969 0.519204 0.394956 0.371368 0.456145 0.471998 0.580317 0.443421 0.481384 0.423988 0.401426 0.543751 0.339605 0.40177 0.509332 0.42073 0.428314 0.486405 0.500869 0.453567; 0.47656 0.443021 0.38164 0.449292 0.402545 0.443427 0.537305 1.0 0.431653 0.431553 0.42125 0.477467 0.441545 0.415015 0.641206 0.449453 0.461213 0.469337 0.454102 0.572977 0.427371 0.563537 0.456257 0.361412 0.522264 0.3722 0.417757 0.795087 0.423567 0.436904; 0.321042 0.314854 0.192707 0.474341 0.340594 0.345739 0.342088 0.431653 1.0 0.273326 0.350442 0.433109 0.214925 0.273564 0.518427 0.447576 0.352237 0.258046 0.44959 0.461884 0.272225 0.373137 0.264302 0.238396 0.331892 0.41465 0.269209 0.375482 0.246789 0.242226; 0.487389 0.426481 0.394796 0.373795 0.322565 0.406675 0.422869 0.431553 0.273326 1.0 0.429708 0.370026 0.477596 0.353558 0.395508 0.45021 0.435756 0.645278 0.346601 0.539637 0.423845 0.39068 0.640097 0.423834 0.422395 0.346215 0.420588 0.411207 0.691458 0.611346; 0.454684 0.505558 0.335271 0.360811 0.575659 0.337042 0.475969 0.42125 0.350442 0.429708 1.0 0.332879 0.339039 0.567335 0.438446 0.386404 0.396325 0.348544 0.547403 0.487936 0.612503 0.410182 0.360103 0.443681 0.452485 0.678722 0.294821 0.421267 0.448311 0.505919; 0.299287 0.270259 0.22606 0.340115 0.318785 0.692273 0.519204 0.477467 0.433109 0.370026 0.332879 1.0 0.270312 0.240863 0.502674 0.552677 0.480313 0.371192 0.448737 0.412456 0.258349 0.399869 0.310522 0.254133 0.343882 0.355481 0.366705 0.399865 0.353721 0.313308; 0.382254 0.482609 0.759202 0.333498 0.332266 0.271741 0.394956 0.441545 0.214925 0.477596 0.339039 0.270312 1.0 0.386118 0.309449 0.323419 0.4009 0.618968 0.252906 0.407923 0.443952 0.47028 0.492167 0.518143 0.53542 0.244813 0.483419 0.446244 0.559409 0.505709; 0.492876 0.535248 0.409813 0.314662 0.457401 0.248353 0.371368 0.415015 0.273564 0.353558 0.567335 0.240863 0.386118 1.0 0.383158 0.26887 0.296147 0.31669 0.395497 0.414469 0.805512 0.373211 0.366632 0.420452 0.432927 0.42128 0.25577 0.468976 0.37487 0.49147; 0.508879 0.359879 0.267329 0.403537 0.353621 0.500174 0.456145 0.641206 0.518427 0.395508 0.438446 0.502674 0.309449 0.383158 1.0 0.422348 0.368804 0.357374 0.598923 0.552381 0.383785 0.401349 0.411079 0.277842 0.376596 0.453124 0.299467 0.614887 0.348875 0.394705; 0.322644 0.380373 0.278426 0.512531 0.385728 0.442152 0.471998 0.449453 0.447576 0.45021 0.386404 0.552677 0.323419 0.26887 0.422348 1.0 0.656925 0.455018 0.379343 0.538915 0.302732 0.505012 0.354266 0.366131 0.457784 0.380169 0.499913 0.367586 0.432018 0.334801; 0.295159 0.41947 0.361216 0.435639 0.467674 0.394663 0.580317 0.461213 0.352237 0.435756 0.396325 0.480313 0.4009 0.296147 0.368804 0.656925 1.0 0.507325 0.347912 0.462095 0.335742 0.646329 0.335149 0.466416 0.585105 0.348948 0.634394 0.384296 0.503955 0.365757; 0.391152 0.427892 0.486979 0.386292 0.319636 0.371997 0.443421 0.469337 0.258046 0.645278 0.348544 0.371192 0.618968 0.31669 0.357374 0.455018 0.507325 1.0 0.287029 0.486567 0.373929 0.479715 0.561509 0.458092 0.500669 0.273307 0.597343 0.430532 0.668509 0.501642; 0.405204 0.327531 0.232028 0.313972 0.420992 0.464892 0.481384 0.454102 0.44959 0.346601 0.547403 0.448737 0.252906 0.395497 0.598923 0.379343 0.347912 0.287029 1.0 0.42988 0.392294 0.347863 0.307609 0.273772 0.337085 0.657728 0.24659 0.444707 0.331954 0.383569; 0.566195 0.545593 0.354479 0.629903 0.396736 0.383923 0.423988 0.572977 0.461884 0.539637 0.487936 0.412456 0.407923 0.414469 0.552381 0.538915 0.462095 0.486567 0.42988 1.0 0.456832 0.495855 0.538659 0.412967 0.507702 0.433032 0.411025 0.520102 0.460203 0.449131; 0.519086 0.598729 0.464201 0.338758 0.473839 0.268266 0.401426 0.427371 0.272225 0.423845 0.612503 0.258349 0.443952 0.805512 0.383785 0.302732 0.335742 0.373929 0.392294 0.456832 1.0 0.403312 0.41906 0.495393 0.479148 0.4299 0.29436 0.468203 0.454301 0.577883; 0.33514 0.527558 0.44576 0.491924 0.523414 0.330825 0.543751 0.563537 0.373137 0.39068 0.410182 0.399869 0.47028 0.373211 0.401349 0.505012 0.646329 0.479715 0.347863 0.495855 0.403312 1.0 0.352609 0.511473 0.788491 0.341111 0.582458 0.485535 0.450842 0.373087; 0.607306 0.416879 0.398486 0.375757 0.267018 0.341789 0.339605 0.456257 0.264302 0.640097 0.360103 0.310522 0.492167 0.366632 0.411079 0.354266 0.335149 0.561509 0.307609 0.538659 0.41906 0.352609 1.0 0.355258 0.38176 0.288841 0.357796 0.466075 0.498005 0.54476; 0.327671 0.633126 0.565875 0.375789 0.492615 0.236965 0.40177 0.361412 0.238396 0.423834 0.443681 0.254133 0.518143 0.420452 0.277842 0.366131 0.466416 0.458092 0.273772 0.412967 0.495393 0.511473 0.355258 1.0 0.635623 0.318499 0.453846 0.345582 0.533887 0.437043; 0.364623 0.642414 0.531228 0.481089 0.55221 0.300262 0.509332 0.522264 0.331892 0.422395 0.452485 0.343882 0.53542 0.432927 0.376596 0.457784 0.585105 0.500669 0.337085 0.507702 0.479148 0.788491 0.38176 0.635623 1.0 0.350439 0.550266 0.475575 0.500191 0.422018; 0.384157 0.375685 0.23503 0.333855 0.487851 0.352009 0.42073 0.3722 0.41465 0.346215 0.678722 0.355481 0.244813 0.42128 0.453124 0.380169 0.348948 0.273307 0.657728 0.433032 0.4299 0.341111 0.288841 0.318499 0.350439 1.0 0.241604 0.360315 0.33839 0.37425; 0.273179 0.396286 0.419955 0.412268 0.34033 0.312253 0.428314 0.417757 0.269209 0.420588 0.294821 0.366705 0.483419 0.25577 0.299467 0.499913 0.634394 0.597343 0.24659 0.411025 0.29436 0.582458 0.357796 0.453846 0.550266 0.241604 1.0 0.355274 0.481696 0.335133; 0.522956 0.435309 0.394195 0.389762 0.379854 0.398639 0.486405 0.795087 0.375482 0.411207 0.421267 0.399865 0.446244 0.468976 0.614887 0.367586 0.384296 0.430532 0.444707 0.520102 0.468203 0.485535 0.466075 0.345582 0.475575 0.360315 0.355274 1.0 0.403209 0.464844; 0.398558 0.454409 0.489005 0.339322 0.386665 0.374245 0.500869 0.423567 0.246789 0.691458 0.448311 0.353721 0.559409 0.37487 0.348875 0.432018 0.503955 0.668509 0.331954 0.460203 0.454301 0.450842 0.498005 0.533887 0.500191 0.33839 0.481696 0.403209 1.0 0.635121; 0.523703 0.442009 0.458224 0.29874 0.366063 0.362544 0.453567 0.436904 0.242226 0.611346 0.505919 0.313308 0.505709 0.49147 0.394705 0.334801 0.365757 0.501642 0.383569 0.449131 0.577883 0.373087 0.54476 0.437043 0.422018 0.37425 0.335133 0.464844 0.635121 1.0]
  difference = 2.9802321943606103e-8 > 1.9984014443252818e-9
 in test_approx_eq(::Array{Float64,2}, ::Array{Float64,2}, ::Float64, ::String, ::String) at ./test.jl:865
 in macro expansion; at /home/vagrant/.julia/v0.5/MLKernels/test/kernelmatrix.jl:74 [inlined]
 in anonymous at ./<missing>:?
 in include_from_node1(::String) at ./loading.jl:488 (repeats 2 times)
 in process_options(::Base.JLOptions) at ./client.jl:265
 in _start() at ./client.jl:321
while loading /home/vagrant/.julia/v0.5/MLKernels/test/kernelmatrix.jl, in expression starting on line 59
while loading /home/vagrant/.julia/v0.5/MLKernels/test/runtests.jl, in expression starting on line 30
==============================[ ERROR: MLKernels ]==============================

failed process: Process(`/home/vagrant/julia/bin/julia -Cx86-64 -J/home/vagrant/julia/lib/julia/sys.so --compile=yes --depwarn=yes --check-bounds=yes --code-coverage=none --color=no --compilecache=yes /home/vagrant/.julia/v0.5/MLKernels/test/runtests.jl`, ProcessExited(1)) [1]

================================================================================
ERROR: MLKernels had test errors
 in #test#61(::Bool, ::Function, ::Array{AbstractString,1}) at ./pkg/entry.jl:748
 in (::Base.Pkg.Entry.#kw##test)(::Array{Any,1}, ::Base.Pkg.Entry.#test, ::Array{AbstractString,1}) at ./<missing>:0
 in (::Base.Pkg.Dir.##2#3{Array{Any,1},Base.Pkg.Entry.#test,Tuple{Array{AbstractString,1}}})() at ./pkg/dir.jl:31
 in cd(::Base.Pkg.Dir.##2#3{Array{Any,1},Base.Pkg.Entry.#test,Tuple{Array{AbstractString,1}}}, ::String) at ./file.jl:59
 in #cd#1(::Array{Any,1}, ::Function, ::Function, ::Array{AbstractString,1}, ::Vararg{Array{AbstractString,1},N}) at ./pkg/dir.jl:31
 in (::Base.Pkg.Dir.#kw##cd)(::Array{Any,1}, ::Base.Pkg.Dir.#cd, ::Function, ::Array{AbstractString,1}, ::Vararg{Array{AbstractString,1},N}) at ./<missing>:0
 in #test#3(::Bool, ::Function, ::String, ::Vararg{String,N}) at ./pkg/pkg.jl:258
 in test(::String, ::Vararg{String,N}) at ./pkg/pkg.jl:258
 in eval(::Module, ::Any) at ./boot.jl:234
 in process_options(::Base.JLOptions) at ./client.jl:242
 in _start() at ./client.jl:321

>>> End of log
