>>> 'Pkg.add("MLKernels")' log
INFO: Cloning cache of MLKernels from https://github.com/trthatcher/MLKernels.jl.git
INFO: Installing MLKernels v0.2.0
INFO: Package database updated

>>> 'Pkg.test("MLKernels")' log
Julia Version 0.5.2
Commit f4c6c9d (2017-05-06 16:34 UTC)
Platform Info:
  OS: Linux (x86_64-pc-linux-gnu)
  CPU: Intel(R) Xeon(R) CPU E3-1241 v3 @ 3.50GHz
  WORD_SIZE: 64
           Ubuntu 14.04.5 LTS
  uname: Linux 3.13.0-128-generic #177-Ubuntu SMP Tue Aug 8 11:40:23 UTC 2017 x86_64 x86_64
Memory: 2.9392738342285156 GB (723.04296875 MB free)
Uptime: 12644.0 sec
Load Avg:  1.14501953125  1.0205078125  1.029296875
Intel(R) Xeon(R) CPU E3-1241 v3 @ 3.50GHz: 
       speed         user         nice          sys         idle          irq
#1  3500 MHz     685738 s       1132 s      84490 s     362924 s         17 s
#2  3500 MHz     284756 s       5032 s      36360 s     906281 s          0 s

  BLAS: libopenblas (USE64BITINT DYNAMIC_ARCH NO_AFFINITY Nehalem)
  LAPACK: libopenblas64_
  LIBM: libopenlibm
  LLVM: libLLVM-3.7.1 (ORCJIT, haswell)
Environment:
  TERM = vt100
  LD_LIBRARY_PATH = :/usr/local/lib/
  PATH = /usr/local/sbin:/usr/local/bin:/usr/sbin:/usr/bin:/sbin:/bin:/usr/games:/usr/local/games:/home/vagrant/julia/bin/
  JAVA_HOME = /usr/lib/jvm/java-8-openjdk-amd64
  HOME = /home/vagrant

Package Directory: /home/vagrant/.julia/v0.5
2 required packages:
 - JSON                          0.13.0
 - MLKernels                     0.2.0
1 additional packages:
 - Compat                        0.31.0
INFO: Testing MLKernels
INFO: Testing MLKernels.HyperParameters.OpenBound{T<:Real}
INFO: Testing MLKernels.HyperParameters.ClosedBound{T<:Real}
INFO: Testing MLKernels.HyperParameters.NullBound{T<:Real}
INFO: Testing MLKernels.HyperParameters.Interval{T<:Real,A<:MLKernels.HyperParameters.Bound,B<:MLKernels.HyperParameters.Bound}
INFO: Testing MLKernels.HyperParameters.interval
INFO: Testing MLKernels.HyperParameters.checkvalue
INFO: Testing MLKernels.HyperParameters.lowerboundtheta
INFO: Testing MLKernels.HyperParameters.upperboundtheta
INFO: Testing MLKernels.HyperParameters.theta
INFO: Testing MLKernels.HyperParameters.eta
INFO: Testing MLKernels.HyperParameters.HyperParameter{T<:Real}
INFO: Testing MLKernels.PairwiseFunctions.dotvectors!
INFO: Testing MLKernels.PairwiseFunctions.gramian!
INFO: Testing MLKernels.PairwiseFunctions.squared_distance!
INFO: Testing MLKernels.PairwiseFunctions.SquaredEuclidean
INFO: Testing MLKernels.PairwiseFunctions.SineSquared
INFO: Testing MLKernels.PairwiseFunctions.ChiSquared
INFO: Testing MLKernels.PairwiseFunctions.ScalarProduct
INFO: Testing MLKernels.PairwiseFunctions.unsafe_pairwise
INFO: Testing MLKernels.PairwiseFunctions.pairwise
INFO: Testing MLKernels.PairwiseFunctions.allocate_pairwisematrix
INFO: Testing MLKernels.PairwiseFunctions.checkdimensions
INFO: Testing MLKernels.PairwiseFunctions.pairwisematrix!
INFO: Testing MLKernels.ExponentialKernel{T<:AbstractFloat}
INFO: Testing MLKernels.SquaredExponentialKernel{T<:AbstractFloat}
INFO: Testing MLKernels.GammaExponentialKernel{T<:AbstractFloat}
INFO: Testing MLKernels.RationalQuadraticKernel{T<:AbstractFloat}
INFO: Testing MLKernels.GammaRationalKernel{T<:AbstractFloat}
INFO: Testing MLKernels.MaternKernel{T<:AbstractFloat}
INFO: Testing MLKernels.LinearKernel{T<:AbstractFloat}
INFO: Testing MLKernels.PolynomialKernel{T<:AbstractFloat,U<:Integer}
INFO: Testing MLKernels.ExponentiatedKernel{T<:AbstractFloat}
INFO: Testing MLKernels.PeriodicKernel{T<:AbstractFloat}
INFO: Testing MLKernels.PowerKernel{T<:AbstractFloat}
INFO: Testing MLKernels.LogKernel{T<:AbstractFloat}
INFO: Testing MLKernels.SigmoidKernel{T<:AbstractFloat}
INFO: Testing MLKernels.kappa
INFO: Testing MLKernels.HyperParameters.gettheta
INFO: Testing MLKernels.HyperParameters.settheta!
INFO: Testing MLKernels.HyperParameters.checktheta
INFO: Testing MLKernels.kernel
INFO: Testing MLKernels.kappamatrix!
INFO: Testing MLKernels.symmetric_kappamatrix!
INFO: Testing MLKernels.kernelmatrix!
ERROR: LoadError: LoadError: assertion failed: |K - MOD.kernelmatrix!(layout,K_tst_nn,F,X,true)| <= 1.9984014443252818e-9
  K = [1.0 0.282651 0.735013 0.431958 0.368537 0.463709 0.492301 0.432799 0.533141 0.454902 0.394122 0.347496 0.310929 0.525458 0.506512 0.403291 0.397841 0.42261 0.519813 0.571233 0.372606 0.767765 0.298354 0.55249 0.311558 0.308601 0.483018 0.53876 0.587947 0.551748; 0.282651 1.0 0.296892 0.47073 0.419017 0.406872 0.363408 0.417087 0.444999 0.398498 0.400784 0.641493 0.435454 0.338492 0.397077 0.53904 0.351273 0.585541 0.459164 0.360601 0.452014 0.31067 0.356978 0.36924 0.583126 0.392483 0.3713 0.330158 0.288203 0.29627; 0.735013 0.296892 1.0 0.42005 0.421089 0.398192 0.515525 0.488425 0.611094 0.453852 0.479109 0.372201 0.36565 0.531418 0.449279 0.434081 0.509406 0.454865 0.496333 0.581351 0.435479 0.723642 0.373465 0.53606 0.33684 0.380011 0.579948 0.669769 0.734681 0.597291; 0.431958 0.47073 0.42005 1.0 0.332842 0.543625 0.55276 0.585833 0.458315 0.7178 0.348078 0.514375 0.301639 0.444236 0.479413 0.422984 0.348257 0.472257 0.462999 0.491695 0.422349 0.43192 0.28902 0.638977 0.433628 0.314565 0.547184 0.421784 0.350427 0.327142; 0.368537 0.419017 0.421089 0.332842 1.0 0.344927 0.419325 0.346428 0.584035 0.349165 0.783111 0.412615 0.764582 0.342711 0.410196 0.511097 0.538511 0.624201 0.483767 0.436857 0.582224 0.455051 0.635501 0.370596 0.365744 0.667359 0.384433 0.507201 0.478336 0.443068; 0.463709 0.406872 0.398192 0.543625 0.344927 1.0 0.468504 0.416873 0.423912 0.522889 0.325535 0.465717 0.297493 0.364455 0.48768 0.417019 0.324026 0.443902 0.579624 0.404121 0.327385 0.476835 0.248521 0.574073 0.363133 0.269444 0.388439 0.385759 0.362934 0.384655; 0.492301 0.363408 0.515525 0.55276 0.419325 0.468504 1.0 0.482044 0.478542 0.725235 0.441663 0.399269 0.347718 0.37066 0.436681 0.365197 0.445025 0.453599 0.425079 0.528574 0.488294 0.567862 0.372332 0.738752 0.311438 0.399135 0.581198 0.628255 0.463856 0.36767; 0.432799 0.417087 0.488425 0.585833 0.346428 0.416873 0.482044 1.0 0.510633 0.551072 0.392463 0.570945 0.335603 0.46312 0.365412 0.466798 0.475721 0.455031 0.453313 0.432554 0.412836 0.422168 0.332058 0.550527 0.494802 0.349131 0.732394 0.490287 0.436801 0.404845; 0.533141 0.444999 0.611094 0.458315 0.584035 0.423912 0.478542 0.510633 1.0 0.440553 0.645901 0.509407 0.544771 0.571934 0.532888 0.674532 0.55939 0.717204 0.635872 0.607607 0.587349 0.579959 0.492114 0.479327 0.492255 0.512989 0.544136 0.58436 0.593124 0.577321; 0.454902 0.398498 0.453852 0.7178 0.349165 0.522889 0.725235 0.551072 0.440553 1.0 0.366704 0.447309 0.301996 0.381427 0.430148 0.367772 0.384709 0.433535 0.424904 0.482931 0.427252 0.480864 0.307606 0.791112 0.34782 0.333029 0.58753 0.501995 0.389481 0.332882; 0.394122 0.400784 0.479109 0.348078 0.783111 0.325535 0.441663 0.392463 0.645901 0.366704 1.0 0.417661 0.722062 0.383803 0.401396 0.518022 0.624094 0.613912 0.465515 0.476352 0.646626 0.47454 0.728112 0.387935 0.382355 0.746401 0.45001 0.578051 0.538593 0.467491; 0.347496 0.641493 0.372201 0.514375 0.412615 0.465717 0.399269 0.570945 0.509407 0.447309 0.417661 1.0 0.423777 0.386564 0.380241 0.610586 0.444197 0.565481 0.546424 0.370024 0.413738 0.365386 0.349412 0.442423 0.67038 0.375537 0.470498 0.397576 0.36812 0.390624; 0.310929 0.435454 0.36565 0.301639 0.764582 0.297493 0.347718 0.335603 0.544771 0.301996 0.722062 0.423777 1.0 0.325757 0.355228 0.535041 0.523311 0.598301 0.442035 0.377779 0.545416 0.371202 0.659781 0.313996 0.401292 0.679011 0.356498 0.432001 0.419438 0.407982; 0.525458 0.338492 0.531418 0.444236 0.342711 0.364455 0.37066 0.46312 0.571934 0.381427 0.383803 0.386564 0.325757 1.0 0.532021 0.496988 0.350484 0.475555 0.485283 0.5981 0.416217 0.467604 0.309089 0.407087 0.436214 0.319922 0.466076 0.40385 0.4268 0.439604; 0.506512 0.397077 0.449279 0.479413 0.410196 0.48768 0.436681 0.365412 0.532888 0.430148 0.401396 0.380241 0.355228 0.532021 1.0 0.472194 0.314473 0.552915 0.552429 0.649078 0.45547 0.523029 0.314742 0.452687 0.37242 0.337908 0.380844 0.395463 0.380335 0.385902; 0.403291 0.53904 0.434081 0.422984 0.511097 0.417019 0.365197 0.466798 0.674532 0.367772 0.518022 0.610586 0.535041 0.496988 0.472194 1.0 0.460823 0.714313 0.664375 0.448918 0.473222 0.423442 0.41189 0.387932 0.65596 0.433302 0.428734 0.416562 0.435526 0.49881; 0.397841 0.351273 0.509406 0.348257 0.538511 0.324026 0.445025 0.475721 0.55939 0.384709 0.624094 0.444197 0.523311 0.350484 0.314473 0.460823 1.0 0.476719 0.433828 0.389184 0.470664 0.455075 0.54112 0.419092 0.374088 0.53963 0.533378 0.643711 0.614928 0.511982; 0.42261 0.585541 0.454865 0.472257 0.624201 0.443902 0.453599 0.455031 0.717204 0.433535 0.613912 0.565481 0.598301 0.475555 0.552915 0.714313 0.476719 1.0 0.628831 0.539718 0.621165 0.476944 0.490799 0.443576 0.537759 0.530636 0.458548 0.47875 0.447374 0.450825; 0.519813 0.459164 0.496333 0.462999 0.483767 0.579624 0.425079 0.453313 0.635872 0.424904 0.465515 0.546424 0.442035 0.485283 0.552429 0.664375 0.433828 0.628831 1.0 0.479078 0.415897 0.543629 0.345636 0.479281 0.488324 0.366478 0.428172 0.453673 0.485728 0.573638; 0.571233 0.360601 0.581351 0.491695 0.436857 0.404121 0.528574 0.432554 0.607607 0.482931 0.476352 0.370024 0.377779 0.5981 0.649078 0.448918 0.389184 0.539718 0.479078 1.0 0.565586 0.596679 0.389236 0.505416 0.359752 0.410282 0.503612 0.519151 0.470576 0.412338; 0.372606 0.452014 0.435479 0.422349 0.582224 0.327385 0.488294 0.412836 0.587349 0.427252 0.646626 0.413738 0.545416 0.416217 0.45547 0.473222 0.470664 0.621165 0.415897 0.565586 1.0 0.434481 0.619012 0.412977 0.394179 0.670519 0.479387 0.512278 0.419224 0.353488; 0.767765 0.31067 0.723642 0.43192 0.455051 0.476835 0.567862 0.422168 0.579959 0.480864 0.47454 0.365386 0.371202 0.467604 0.523029 0.423442 0.455075 0.476944 0.543629 0.596679 0.434481 1.0 0.359085 0.580467 0.313035 0.372999 0.491217 0.634049 0.645488 0.559412; 0.298354 0.356978 0.373465 0.28902 0.635501 0.248521 0.372332 0.332058 0.492114 0.307606 0.728112 0.349412 0.659781 0.309089 0.314742 0.41189 0.54112 0.490799 0.345636 0.389236 0.619012 0.359085 1.0 0.311245 0.328377 0.894694 0.387512 0.474486 0.418804 0.350202; 0.55249 0.36924 0.53606 0.638977 0.370596 0.574073 0.738752 0.550527 0.479327 0.791112 0.387935 0.442423 0.313996 0.407087 0.452687 0.387932 0.419092 0.443576 0.479281 0.505416 0.412977 0.580467 0.311245 1.0 0.342687 0.33333 0.597652 0.564547 0.462823 0.39993; 0.311558 0.583126 0.33684 0.433628 0.365744 0.363133 0.311438 0.494802 0.492255 0.34782 0.382355 0.67038 0.401292 0.436214 0.37242 0.65596 0.374088 0.537759 0.488324 0.359752 0.394179 0.313035 0.328377 0.342687 1.0 0.347787 0.405824 0.327975 0.322574 0.35982; 0.308601 0.392483 0.380011 0.314565 0.667359 0.269444 0.399135 0.349131 0.512989 0.333029 0.746401 0.375537 0.679011 0.319922 0.337908 0.433302 0.53963 0.530636 0.366478 0.410282 0.670519 0.372999 0.894694 0.33333 0.347787 1.0 0.403809 0.486461 0.418138 0.351966; 0.483018 0.3713 0.579948 0.547184 0.384433 0.388439 0.581198 0.732394 0.544136 0.58753 0.45001 0.470498 0.356498 0.466076 0.380844 0.428734 0.533378 0.458548 0.428172 0.503612 0.479387 0.491217 0.387512 0.597652 0.405824 0.403809 1.0 0.620169 0.510903 0.418439; 0.53876 0.330158 0.669769 0.421784 0.507201 0.385759 0.628255 0.490287 0.58436 0.501995 0.578051 0.397576 0.432001 0.40385 0.395463 0.416562 0.643711 0.47875 0.453673 0.519151 0.512278 0.634049 0.474486 0.564547 0.327975 0.486461 0.620169 1.0 0.695794 0.504396; 0.587947 0.288203 0.734681 0.350427 0.478336 0.362934 0.463856 0.436801 0.593124 0.389481 0.538593 0.36812 0.419438 0.4268 0.380335 0.435526 0.614928 0.447374 0.485728 0.470576 0.419224 0.645488 0.418804 0.462823 0.322574 0.418138 0.510903 0.695794 1.0 0.68453; 0.551748 0.29627 0.597291 0.327142 0.443068 0.384655 0.36767 0.404845 0.577321 0.332882 0.467491 0.390624 0.407982 0.439604 0.385902 0.49881 0.511982 0.450825 0.573638 0.412338 0.353488 0.559412 0.350202 0.39993 0.35982 0.351966 0.418439 0.504396 0.68453 1.0]
  MOD.kernelmatrix!(layout,K_tst_nn,F,X,true) = [1.0 0.282651 0.735013 0.431958 0.368537 0.463709 0.492301 0.432799 0.533141 0.454902 0.394122 0.347496 0.310929 0.525458 0.506512 0.403291 0.397841 0.42261 0.519813 0.571233 0.372606 0.767765 0.298354 0.55249 0.311558 0.308601 0.483018 0.53876 0.587947 0.551748; 0.282651 1.0 0.296892 0.47073 0.419017 0.406872 0.363408 0.417087 0.444999 0.398498 0.400784 0.641493 0.435454 0.338492 0.397077 0.53904 0.351273 0.585541 0.459164 0.360601 0.452014 0.31067 0.356978 0.36924 0.583126 0.392483 0.3713 0.330158 0.288203 0.29627; 0.735013 0.296892 1.0 0.42005 0.421089 0.398192 0.515525 0.488425 0.611094 0.453852 0.479109 0.372201 0.36565 0.531418 0.449279 0.434081 0.509406 0.454865 0.496333 0.581351 0.435479 0.723642 0.373465 0.53606 0.33684 0.380011 0.579948 0.669769 0.734681 0.597291; 0.431958 0.47073 0.42005 1.0 0.332842 0.543625 0.55276 0.585833 0.458315 0.7178 0.348078 0.514375 0.301639 0.444236 0.479413 0.422984 0.348257 0.472257 0.462999 0.491695 0.422349 0.43192 0.28902 0.638977 0.433628 0.314565 0.547184 0.421784 0.350427 0.327142; 0.368537 0.419017 0.421089 0.332842 1.0 0.344927 0.419325 0.346428 0.584035 0.349165 0.783111 0.412615 0.764582 0.342711 0.410196 0.511097 0.538511 0.624201 0.483767 0.436857 0.582224 0.455051 0.635501 0.370596 0.365744 0.667359 0.384433 0.507201 0.478336 0.443068; 0.463709 0.406872 0.398192 0.543625 0.344927 1.0 0.468504 0.416873 0.423912 0.522889 0.325535 0.465717 0.297493 0.364455 0.48768 0.417019 0.324026 0.443902 0.579624 0.404121 0.327385 0.476835 0.248521 0.574073 0.363133 0.269444 0.388439 0.385759 0.362934 0.384655; 0.492301 0.363408 0.515525 0.55276 0.419325 0.468504 1.0 0.482044 0.478542 0.725235 0.441663 0.399269 0.347718 0.37066 0.436681 0.365197 0.445025 0.453599 0.425079 0.528574 0.488294 0.567862 0.372332 0.738752 0.311438 0.399135 0.581198 0.628255 0.463856 0.36767; 0.432799 0.417087 0.488425 0.585833 0.346428 0.416873 0.482044 1.0 0.510633 0.551072 0.392463 0.570945 0.335603 0.46312 0.365412 0.466798 0.475721 0.455031 0.453313 0.432554 0.412836 0.422168 0.332058 0.550527 0.494802 0.349131 0.732394 0.490287 0.436801 0.404845; 0.533141 0.444999 0.611094 0.458315 0.584035 0.423912 0.478542 0.510633 1.0 0.440553 0.645901 0.509407 0.544771 0.571934 0.532888 0.674532 0.55939 0.717204 0.635872 0.607607 0.587349 0.579959 0.492114 0.479327 0.492255 0.512989 0.544136 0.58436 0.593124 0.577321; 0.454902 0.398498 0.453852 0.7178 0.349165 0.522889 0.725235 0.551072 0.440553 1.0 0.366704 0.447309 0.301996 0.381427 0.430148 0.367772 0.384709 0.433535 0.424904 0.482931 0.427252 0.480864 0.307606 0.791112 0.34782 0.333029 0.58753 0.501995 0.389481 0.332882; 0.394122 0.400784 0.479109 0.348078 0.783111 0.325535 0.441663 0.392463 0.645901 0.366704 1.0 0.417661 0.722062 0.383803 0.401396 0.518022 0.624094 0.613912 0.465515 0.476352 0.646626 0.47454 0.728112 0.387935 0.382355 0.746401 0.45001 0.578051 0.538593 0.467491; 0.347496 0.641493 0.372201 0.514375 0.412615 0.465717 0.399269 0.570945 0.509407 0.447309 0.417661 1.0 0.423777 0.386564 0.380241 0.610586 0.444197 0.565481 0.546424 0.370024 0.413738 0.365386 0.349412 0.442423 0.67038 0.375537 0.470498 0.397576 0.36812 0.390624; 0.310929 0.435454 0.36565 0.301639 0.764582 0.297493 0.347718 0.335603 0.544771 0.301996 0.722062 0.423777 1.0 0.325757 0.355228 0.535041 0.523311 0.598301 0.442035 0.377779 0.545416 0.371202 0.659781 0.313996 0.401292 0.679011 0.356498 0.432001 0.419438 0.407982; 0.525458 0.338492 0.531418 0.444236 0.342711 0.364455 0.37066 0.46312 0.571934 0.381427 0.383803 0.386564 0.325757 1.0 0.532021 0.496988 0.350484 0.475555 0.485283 0.5981 0.416217 0.467604 0.309089 0.407087 0.436214 0.319922 0.466076 0.40385 0.4268 0.439604; 0.506512 0.397077 0.449279 0.479413 0.410196 0.48768 0.436681 0.365412 0.532888 0.430148 0.401396 0.380241 0.355228 0.532021 1.0 0.472194 0.314473 0.552915 0.552429 0.649078 0.45547 0.523029 0.314742 0.452687 0.37242 0.337908 0.380844 0.395463 0.380335 0.385902; 0.403291 0.53904 0.434081 0.422984 0.511097 0.417019 0.365197 0.466798 0.674532 0.367772 0.518022 0.610586 0.535041 0.496988 0.472194 1.0 0.460823 0.714313 0.664375 0.448918 0.473222 0.423442 0.41189 0.387932 0.65596 0.433302 0.428734 0.416562 0.435526 0.49881; 0.397841 0.351273 0.509406 0.348257 0.538511 0.324026 0.445025 0.475721 0.55939 0.384709 0.624094 0.444197 0.523311 0.350484 0.314473 0.460823 1.0 0.476719 0.433828 0.389184 0.470664 0.455075 0.54112 0.419092 0.374088 0.53963 0.533378 0.643711 0.614928 0.511982; 0.42261 0.585541 0.454865 0.472257 0.624201 0.443902 0.453599 0.455031 0.717204 0.433535 0.613912 0.565481 0.598301 0.475555 0.552915 0.714313 0.476719 1.0 0.628831 0.539718 0.621165 0.476944 0.490799 0.443576 0.537759 0.530636 0.458548 0.47875 0.447374 0.450825; 0.519813 0.459164 0.496333 0.462999 0.483767 0.579624 0.425079 0.453313 0.635872 0.424904 0.465515 0.546424 0.442035 0.485283 0.552429 0.664375 0.433828 0.628831 1.0 0.479078 0.415897 0.543629 0.345636 0.479281 0.488324 0.366478 0.428172 0.453673 0.485728 0.573638; 0.571233 0.360601 0.581351 0.491695 0.436857 0.404121 0.528574 0.432554 0.607607 0.482931 0.476352 0.370024 0.377779 0.5981 0.649078 0.448918 0.389184 0.539718 0.479078 1.0 0.565586 0.596679 0.389236 0.505416 0.359752 0.410282 0.503612 0.519151 0.470576 0.412338; 0.372606 0.452014 0.435479 0.422349 0.582224 0.327385 0.488294 0.412836 0.587349 0.427252 0.646626 0.413738 0.545416 0.416217 0.45547 0.473222 0.470664 0.621165 0.415897 0.565586 1.0 0.434481 0.619012 0.412977 0.394179 0.670519 0.479387 0.512278 0.419224 0.353488; 0.767765 0.31067 0.723642 0.43192 0.455051 0.476835 0.567862 0.422168 0.579959 0.480864 0.47454 0.365386 0.371202 0.467604 0.523029 0.423442 0.455075 0.476944 0.543629 0.596679 0.434481 1.0 0.359085 0.580467 0.313035 0.372999 0.491217 0.634049 0.645488 0.559412; 0.298354 0.356978 0.373465 0.28902 0.635501 0.248521 0.372332 0.332058 0.492114 0.307606 0.728112 0.349412 0.659781 0.309089 0.314742 0.41189 0.54112 0.490799 0.345636 0.389236 0.619012 0.359085 1.0 0.311245 0.328377 0.894694 0.387512 0.474486 0.418804 0.350202; 0.55249 0.36924 0.53606 0.638977 0.370596 0.574073 0.738752 0.550527 0.479327 0.791112 0.387935 0.442423 0.313996 0.407087 0.452687 0.387932 0.419092 0.443576 0.479281 0.505416 0.412977 0.580467 0.311245 1.0 0.342687 0.33333 0.597652 0.564547 0.462823 0.39993; 0.311558 0.583126 0.33684 0.433628 0.365744 0.363133 0.311438 0.494802 0.492255 0.34782 0.382355 0.67038 0.401292 0.436214 0.37242 0.65596 0.374088 0.537759 0.488324 0.359752 0.394179 0.313035 0.328377 0.342687 1.0 0.347787 0.405824 0.327975 0.322574 0.35982; 0.308601 0.392483 0.380011 0.314565 0.667359 0.269444 0.399135 0.349131 0.512989 0.333029 0.746401 0.375537 0.679011 0.319922 0.337908 0.433302 0.53963 0.530636 0.366478 0.410282 0.670519 0.372999 0.894694 0.33333 0.347787 1.0 0.403809 0.486461 0.418138 0.351966; 0.483018 0.3713 0.579948 0.547184 0.384433 0.388439 0.581198 0.732394 0.544136 0.58753 0.45001 0.470498 0.356498 0.466076 0.380844 0.428734 0.533378 0.458548 0.428172 0.503612 0.479387 0.491217 0.387512 0.597652 0.405824 0.403809 1.0 0.620169 0.510903 0.418439; 0.53876 0.330158 0.669769 0.421784 0.507201 0.385759 0.628255 0.490287 0.58436 0.501995 0.578051 0.397576 0.432001 0.40385 0.395463 0.416562 0.643711 0.47875 0.453673 0.519151 0.512278 0.634049 0.474486 0.564547 0.327975 0.486461 0.620169 1.0 0.695794 0.504396; 0.587947 0.288203 0.734681 0.350427 0.478336 0.362934 0.463856 0.436801 0.593124 0.389481 0.538593 0.36812 0.419438 0.4268 0.380335 0.435526 0.614928 0.447374 0.485728 0.470576 0.419224 0.645488 0.418804 0.462823 0.322574 0.418138 0.510903 0.695794 1.0 0.68453; 0.551748 0.29627 0.597291 0.327142 0.443068 0.384655 0.36767 0.404845 0.577321 0.332882 0.467491 0.390624 0.407982 0.439604 0.385902 0.49881 0.511982 0.450825 0.573638 0.412338 0.353488 0.559412 0.350202 0.39993 0.35982 0.351966 0.418439 0.504396 0.68453 1.0]
  difference = 2.9802321943606103e-8 > 1.9984014443252818e-9
 in test_approx_eq(::Array{Float64,2}, ::Array{Float64,2}, ::Float64, ::String, ::String) at ./test.jl:865
 in macro expansion; at /home/vagrant/.julia/v0.5/MLKernels/test/kernelmatrix.jl:74 [inlined]
 in anonymous at ./<missing>:?
 in include_from_node1(::String) at ./loading.jl:488 (repeats 2 times)
 in process_options(::Base.JLOptions) at ./client.jl:265
 in _start() at ./client.jl:321
while loading /home/vagrant/.julia/v0.5/MLKernels/test/kernelmatrix.jl, in expression starting on line 59
while loading /home/vagrant/.julia/v0.5/MLKernels/test/runtests.jl, in expression starting on line 30
==============================[ ERROR: MLKernels ]==============================

failed process: Process(`/home/vagrant/julia/bin/julia -Cx86-64 -J/home/vagrant/julia/lib/julia/sys.so --compile=yes --depwarn=yes --check-bounds=yes --code-coverage=none --color=no --compilecache=yes /home/vagrant/.julia/v0.5/MLKernels/test/runtests.jl`, ProcessExited(1)) [1]

================================================================================
ERROR: MLKernels had test errors
 in #test#61(::Bool, ::Function, ::Array{AbstractString,1}) at ./pkg/entry.jl:748
 in (::Base.Pkg.Entry.#kw##test)(::Array{Any,1}, ::Base.Pkg.Entry.#test, ::Array{AbstractString,1}) at ./<missing>:0
 in (::Base.Pkg.Dir.##2#3{Array{Any,1},Base.Pkg.Entry.#test,Tuple{Array{AbstractString,1}}})() at ./pkg/dir.jl:31
 in cd(::Base.Pkg.Dir.##2#3{Array{Any,1},Base.Pkg.Entry.#test,Tuple{Array{AbstractString,1}}}, ::String) at ./file.jl:59
 in #cd#1(::Array{Any,1}, ::Function, ::Function, ::Array{AbstractString,1}, ::Vararg{Array{AbstractString,1},N}) at ./pkg/dir.jl:31
 in (::Base.Pkg.Dir.#kw##cd)(::Array{Any,1}, ::Base.Pkg.Dir.#cd, ::Function, ::Array{AbstractString,1}, ::Vararg{Array{AbstractString,1},N}) at ./<missing>:0
 in #test#3(::Bool, ::Function, ::String, ::Vararg{String,N}) at ./pkg/pkg.jl:258
 in test(::String, ::Vararg{String,N}) at ./pkg/pkg.jl:258
 in eval(::Module, ::Any) at ./boot.jl:234
 in process_options(::Base.JLOptions) at ./client.jl:242
 in _start() at ./client.jl:321

>>> End of log
