>>> 'Pkg.add("MLKernels")' log
INFO: Cloning cache of MLKernels from https://github.com/trthatcher/MLKernels.jl.git
INFO: Installing MLKernels v0.2.0
INFO: Package database updated

>>> 'Pkg.test("MLKernels")' log
Julia Version 0.5.2
Commit f4c6c9d (2017-05-06 16:34 UTC)
Platform Info:
  OS: Linux (x86_64-pc-linux-gnu)
  CPU: Intel(R) Xeon(R) CPU E3-1241 v3 @ 3.50GHz
  WORD_SIZE: 64
           Ubuntu 14.04.5 LTS
  uname: Linux 3.13.0-121-generic #170-Ubuntu SMP Wed Jun 14 09:04:33 UTC 2017 x86_64 x86_64
Memory: 2.9392738342285156 GB (710.75 MB free)
Uptime: 11815.0 sec
Load Avg:  0.91015625  0.982421875  1.029296875
Intel(R) Xeon(R) CPU E3-1241 v3 @ 3.50GHz: 
       speed         user         nice          sys         idle          irq
#1  3499 MHz     674617 s       2966 s      68952 s     304900 s         14 s
#2  3499 MHz     249048 s       3873 s      32554 s     868517 s          0 s

  BLAS: libopenblas (USE64BITINT DYNAMIC_ARCH NO_AFFINITY Nehalem)
  LAPACK: libopenblas64_
  LIBM: libopenlibm
  LLVM: libLLVM-3.7.1 (ORCJIT, haswell)
Environment:
  TERM = vt100
  LD_LIBRARY_PATH = :/usr/local/lib/
  PATH = /usr/local/sbin:/usr/local/bin:/usr/sbin:/usr/bin:/sbin:/bin:/usr/games:/usr/local/games:/home/vagrant/julia/bin/
  JAVA_HOME = /usr/lib/jvm/java-8-openjdk-amd64
  HOME = /home/vagrant

Package Directory: /home/vagrant/.julia/v0.5
2 required packages:
 - JSON                          0.13.0
 - MLKernels                     0.2.0
1 additional packages:
 - Compat                        0.27.0
INFO: Testing MLKernels
INFO: Testing MLKernels.HyperParameters.OpenBound{T<:Real}
INFO: Testing MLKernels.HyperParameters.ClosedBound{T<:Real}
INFO: Testing MLKernels.HyperParameters.NullBound{T<:Real}
INFO: Testing MLKernels.HyperParameters.Interval{T<:Real,A<:MLKernels.HyperParameters.Bound,B<:MLKernels.HyperParameters.Bound}
INFO: Testing MLKernels.HyperParameters.interval
INFO: Testing MLKernels.HyperParameters.checkvalue
INFO: Testing MLKernels.HyperParameters.lowerboundtheta
INFO: Testing MLKernels.HyperParameters.upperboundtheta
INFO: Testing MLKernels.HyperParameters.theta
INFO: Testing MLKernels.HyperParameters.eta
INFO: Testing MLKernels.HyperParameters.HyperParameter{T<:Real}
INFO: Testing MLKernels.PairwiseFunctions.dotvectors!
INFO: Testing MLKernels.PairwiseFunctions.gramian!
INFO: Testing MLKernels.PairwiseFunctions.squared_distance!
INFO: Testing MLKernels.PairwiseFunctions.SquaredEuclidean
INFO: Testing MLKernels.PairwiseFunctions.SineSquared
INFO: Testing MLKernels.PairwiseFunctions.ChiSquared
INFO: Testing MLKernels.PairwiseFunctions.ScalarProduct
INFO: Testing MLKernels.PairwiseFunctions.unsafe_pairwise
INFO: Testing MLKernels.PairwiseFunctions.pairwise
INFO: Testing MLKernels.PairwiseFunctions.allocate_pairwisematrix
INFO: Testing MLKernels.PairwiseFunctions.checkdimensions
INFO: Testing MLKernels.PairwiseFunctions.pairwisematrix!
INFO: Testing MLKernels.ExponentialKernel{T<:AbstractFloat}
INFO: Testing MLKernels.SquaredExponentialKernel{T<:AbstractFloat}
INFO: Testing MLKernels.GammaExponentialKernel{T<:AbstractFloat}
INFO: Testing MLKernels.RationalQuadraticKernel{T<:AbstractFloat}
INFO: Testing MLKernels.GammaRationalKernel{T<:AbstractFloat}
INFO: Testing MLKernels.MaternKernel{T<:AbstractFloat}
INFO: Testing MLKernels.LinearKernel{T<:AbstractFloat}
INFO: Testing MLKernels.PolynomialKernel{T<:AbstractFloat,U<:Integer}
INFO: Testing MLKernels.ExponentiatedKernel{T<:AbstractFloat}
INFO: Testing MLKernels.PeriodicKernel{T<:AbstractFloat}
INFO: Testing MLKernels.PowerKernel{T<:AbstractFloat}
INFO: Testing MLKernels.LogKernel{T<:AbstractFloat}
INFO: Testing MLKernels.SigmoidKernel{T<:AbstractFloat}
INFO: Testing MLKernels.kappa
INFO: Testing MLKernels.HyperParameters.gettheta
INFO: Testing MLKernels.HyperParameters.settheta!
INFO: Testing MLKernels.HyperParameters.checktheta
INFO: Testing MLKernels.kernel
INFO: Testing MLKernels.kappamatrix!
INFO: Testing MLKernels.symmetric_kappamatrix!
INFO: Testing MLKernels.kernelmatrix!
ERROR: LoadError: LoadError: assertion failed: |K - MOD.kernelmatrix!(layout,K_tst_nn,F,X,true)| <= 1.9984014443252818e-9
  K = [1.0 0.496234 0.237354 0.315758 0.24247 0.404293 0.663689 0.388063 0.390356 0.298054 0.500498 0.363765 0.419306 0.485785 0.507255 0.544544 0.3488 0.308501 0.310208 0.366244 0.386004 0.29603 0.284398 0.4119 0.288626 0.463198 0.272435 0.359172 0.367715 0.546877; 0.496234 1.0 0.32286 0.393657 0.310329 0.296476 0.361565 0.344681 0.455584 0.283555 0.583626 0.260297 0.388379 0.346717 0.416786 0.452549 0.302399 0.398736 0.306331 0.460182 0.326981 0.285722 0.301273 0.369213 0.322422 0.551155 0.364858 0.300908 0.328156 0.449601; 0.237354 0.32286 1.0 0.421946 0.85214 0.32866 0.234529 0.345299 0.481767 0.424668 0.367168 0.271196 0.448571 0.337346 0.278512 0.315426 0.393582 0.688604 0.34402 0.574324 0.329139 0.424054 0.424417 0.352027 0.589853 0.47834 0.59061 0.3674 0.340253 0.307526; 0.315758 0.393657 0.421946 1.0 0.424869 0.343804 0.306538 0.26572 0.435952 0.377702 0.33434 0.254755 0.428275 0.336011 0.397951 0.319961 0.290162 0.478054 0.232969 0.395682 0.282583 0.503927 0.476824 0.267455 0.320872 0.422227 0.342075 0.405984 0.265718 0.276343; 0.24247 0.310329 0.85214 0.424869 1.0 0.349943 0.246469 0.368108 0.468575 0.48723 0.355041 0.302762 0.455946 0.356295 0.28426 0.312603 0.412655 0.696057 0.367712 0.553497 0.357235 0.447491 0.468873 0.368869 0.613263 0.47402 0.598059 0.38205 0.368884 0.308388; 0.404293 0.296476 0.32866 0.343804 0.349943 1.0 0.541071 0.441069 0.402788 0.445567 0.37414 0.411475 0.605683 0.725719 0.497045 0.455123 0.613312 0.408364 0.310535 0.405965 0.373918 0.449552 0.403264 0.448028 0.410544 0.424678 0.2952 0.562723 0.414747 0.447419; 0.663689 0.361565 0.234529 0.306538 0.246469 0.541071 1.0 0.402908 0.362798 0.33871 0.408404 0.419671 0.459301 0.60434 0.538702 0.506235 0.409192 0.305567 0.297562 0.34031 0.387485 0.335637 0.311602 0.416658 0.297319 0.41061 0.249673 0.425875 0.382956 0.501835; 0.388063 0.344681 0.345299 0.26572 0.368108 0.441069 0.402908 1.0 0.359744 0.485982 0.429602 0.456467 0.417171 0.49531 0.377246 0.394617 0.584455 0.442896 0.552962 0.450419 0.478098 0.282265 0.382005 0.857752 0.504234 0.470571 0.409453 0.319649 0.855679 0.522081; 0.390356 0.455584 0.481767 0.435952 0.468575 0.402788 0.362798 0.359744 1.0 0.348556 0.606618 0.347642 0.654139 0.483033 0.344342 0.585777 0.413706 0.485239 0.374603 0.705552 0.442554 0.507371 0.326165 0.393479 0.507111 0.721425 0.498959 0.541494 0.340222 0.476192; 0.298054 0.283555 0.424668 0.377702 0.48723 0.445567 0.33871 0.485982 0.348556 1.0 0.306794 0.44921 0.413388 0.429098 0.357003 0.296571 0.454518 0.519732 0.403103 0.395351 0.426611 0.401087 0.660942 0.443746 0.46641 0.403218 0.413966 0.367786 0.526068 0.320826; 0.500498 0.583626 0.367168 0.33434 0.355041 0.37414 0.408404 0.429602 0.606618 0.306794 1.0 0.333847 0.523478 0.473064 0.381059 0.680928 0.420683 0.422609 0.408121 0.627637 0.430985 0.332744 0.28293 0.486457 0.44648 0.723238 0.43573 0.391796 0.392337 0.674203; 0.363765 0.260297 0.271196 0.254755 0.302762 0.411475 0.419671 0.456467 0.347642 0.44921 0.333847 1.0 0.391145 0.495849 0.28451 0.366694 0.398131 0.310147 0.496359 0.347785 0.684721 0.343477 0.319807 0.446715 0.383407 0.390272 0.343067 0.380675 0.481263 0.388108; 0.419306 0.388379 0.448571 0.428275 0.455946 0.605683 0.459301 0.417171 0.654139 0.413388 0.523478 0.391145 1.0 0.67049 0.43628 0.602249 0.560884 0.50414 0.356915 0.607546 0.430646 0.567131 0.38271 0.448046 0.521996 0.615576 0.409323 0.699195 0.388459 0.513604; 0.485785 0.346717 0.337346 0.336011 0.356295 0.725719 0.60434 0.49531 0.483033 0.429098 0.473064 0.495849 0.67049 1.0 0.460897 0.587288 0.615808 0.408933 0.386943 0.475514 0.481579 0.446354 0.362499 0.523226 0.456647 0.519687 0.344151 0.586431 0.461544 0.574138; 0.507255 0.416786 0.278512 0.397951 0.28426 0.497045 0.538702 0.377246 0.344342 0.357003 0.381059 0.28451 0.43628 0.460897 1.0 0.401745 0.398627 0.387944 0.243982 0.350657 0.281278 0.326432 0.405782 0.380721 0.295457 0.400108 0.252673 0.367091 0.356448 0.410685; 0.544544 0.452549 0.315426 0.319961 0.312603 0.455123 0.506235 0.394617 0.585777 0.296571 0.680928 0.366694 0.602249 0.587288 0.401745 1.0 0.445265 0.362739 0.356356 0.525828 0.430223 0.375734 0.267018 0.445428 0.40289 0.60211 0.348065 0.493065 0.358027 0.688088; 0.3488 0.302399 0.393582 0.290162 0.412655 0.613312 0.409192 0.584455 0.413706 0.454518 0.420683 0.398131 0.560884 0.615808 0.398627 0.445265 1.0 0.474485 0.406836 0.493762 0.401666 0.363859 0.377964 0.607666 0.568449 0.468739 0.373749 0.438786 0.527462 0.510172; 0.308501 0.398736 0.688604 0.478054 0.696057 0.408364 0.305567 0.442896 0.485239 0.519732 0.422609 0.310147 0.50414 0.408933 0.387944 0.362739 0.474485 1.0 0.371757 0.600348 0.359945 0.422524 0.547472 0.443827 0.583029 0.546851 0.542372 0.38916 0.434472 0.374948; 0.310208 0.306331 0.34402 0.232969 0.367712 0.310535 0.297562 0.552962 0.374603 0.403103 0.408121 0.496359 0.356915 0.386943 0.243982 0.356356 0.406836 0.371757 1.0 0.447578 0.631818 0.270511 0.293485 0.561205 0.513626 0.459602 0.520059 0.289852 0.572563 0.428073; 0.366244 0.460182 0.574324 0.395682 0.553497 0.405965 0.34031 0.450419 0.705552 0.395351 0.627637 0.347785 0.607546 0.475514 0.350657 0.525828 0.493762 0.600348 0.447578 1.0 0.447709 0.42409 0.361375 0.491777 0.656734 0.770243 0.609512 0.448405 0.421869 0.513485; 0.386004 0.326981 0.329139 0.282583 0.357235 0.373918 0.387485 0.478098 0.442554 0.426611 0.430985 0.684721 0.430646 0.481579 0.281278 0.430223 0.401666 0.359945 0.631818 0.447709 1.0 0.35779 0.314768 0.489536 0.460776 0.502574 0.46007 0.388157 0.493691 0.450349; 0.29603 0.285722 0.424054 0.503927 0.447491 0.449552 0.335637 0.282265 0.507371 0.401087 0.332744 0.343477 0.567131 0.446354 0.326432 0.375734 0.363859 0.422524 0.270511 0.42409 0.35779 1.0 0.394813 0.289113 0.393539 0.427223 0.352274 0.681034 0.279034 0.304179; 0.284398 0.301273 0.424417 0.476824 0.468873 0.403264 0.311602 0.382005 0.326165 0.660942 0.28293 0.319807 0.38271 0.362499 0.405782 0.267018 0.377964 0.547472 0.293485 0.361375 0.314768 0.394813 1.0 0.354383 0.37912 0.370212 0.355916 0.339345 0.401531 0.277283; 0.4119 0.369213 0.352027 0.267455 0.368869 0.448028 0.416658 0.857752 0.393479 0.443746 0.486457 0.446715 0.448046 0.523226 0.380721 0.445428 0.607666 0.443827 0.561205 0.491777 0.489536 0.289113 0.354383 1.0 0.526315 0.513247 0.42206 0.336979 0.745608 0.598067; 0.288626 0.322422 0.589853 0.320872 0.613263 0.410544 0.297319 0.504234 0.507111 0.46641 0.44648 0.383407 0.521996 0.456647 0.295457 0.40289 0.568449 0.583029 0.513626 0.656734 0.460776 0.393539 0.37912 0.526315 1.0 0.551989 0.618197 0.407107 0.484348 0.431732; 0.463198 0.551155 0.47834 0.422227 0.47402 0.424678 0.41061 0.470571 0.721425 0.403218 0.723238 0.390272 0.615576 0.519687 0.400108 0.60211 0.468739 0.546851 0.459602 0.770243 0.502574 0.427223 0.370212 0.513247 0.551989 1.0 0.552567 0.462398 0.444988 0.578719; 0.272435 0.364858 0.59061 0.342075 0.598059 0.2952 0.249673 0.409453 0.498959 0.413966 0.43573 0.343067 0.409323 0.344151 0.252673 0.348065 0.373749 0.542372 0.520059 0.609512 0.46007 0.352274 0.355916 0.42206 0.618197 0.552567 1.0 0.327542 0.41348 0.361393; 0.359172 0.300908 0.3674 0.405984 0.38205 0.562723 0.425875 0.319649 0.541494 0.367786 0.391796 0.380675 0.699195 0.586431 0.367091 0.493065 0.438786 0.38916 0.289852 0.448405 0.388157 0.681034 0.339345 0.336979 0.407107 0.462398 0.327542 1.0 0.304998 0.38981; 0.367715 0.328156 0.340253 0.265718 0.368884 0.414747 0.382956 0.855679 0.340222 0.526068 0.392337 0.481263 0.388459 0.461544 0.356448 0.358027 0.527462 0.434472 0.572563 0.421869 0.493691 0.279034 0.401531 0.745608 0.484348 0.444988 0.41348 0.304998 1.0 0.463389; 0.546877 0.449601 0.307526 0.276343 0.308388 0.447419 0.501835 0.522081 0.476192 0.320826 0.674203 0.388108 0.513604 0.574138 0.410685 0.688088 0.510172 0.374948 0.428073 0.513485 0.450349 0.304179 0.277283 0.598067 0.431732 0.578719 0.361393 0.38981 0.463389 1.0]
  MOD.kernelmatrix!(layout,K_tst_nn,F,X,true) = [1.0 0.496234 0.237354 0.315758 0.24247 0.404293 0.663689 0.388063 0.390356 0.298054 0.500498 0.363765 0.419306 0.485785 0.507255 0.544544 0.3488 0.308501 0.310208 0.366244 0.386004 0.29603 0.284398 0.4119 0.288626 0.463198 0.272435 0.359172 0.367715 0.546877; 0.496234 1.0 0.32286 0.393657 0.310329 0.296476 0.361565 0.344681 0.455584 0.283555 0.583626 0.260297 0.388379 0.346717 0.416786 0.452549 0.302399 0.398736 0.306331 0.460182 0.326981 0.285722 0.301273 0.369213 0.322422 0.551155 0.364858 0.300908 0.328156 0.449601; 0.237354 0.32286 1.0 0.421946 0.85214 0.32866 0.234529 0.345299 0.481767 0.424668 0.367168 0.271196 0.448571 0.337346 0.278512 0.315426 0.393582 0.688604 0.34402 0.574324 0.329139 0.424054 0.424417 0.352027 0.589853 0.47834 0.59061 0.3674 0.340253 0.307526; 0.315758 0.393657 0.421946 1.0 0.424869 0.343804 0.306538 0.26572 0.435952 0.377702 0.33434 0.254755 0.428275 0.336011 0.397951 0.319961 0.290162 0.478054 0.232969 0.395682 0.282583 0.503927 0.476824 0.267455 0.320872 0.422227 0.342075 0.405984 0.265718 0.276343; 0.24247 0.310329 0.85214 0.424869 1.0 0.349943 0.246469 0.368108 0.468575 0.48723 0.355041 0.302762 0.455946 0.356295 0.28426 0.312603 0.412655 0.696057 0.367712 0.553497 0.357235 0.447491 0.468873 0.368869 0.613263 0.47402 0.598059 0.38205 0.368884 0.308388; 0.404293 0.296476 0.32866 0.343804 0.349943 1.0 0.541071 0.441069 0.402788 0.445567 0.37414 0.411475 0.605683 0.725719 0.497045 0.455123 0.613312 0.408364 0.310535 0.405965 0.373918 0.449552 0.403264 0.448028 0.410544 0.424678 0.2952 0.562723 0.414747 0.447419; 0.663689 0.361565 0.234529 0.306538 0.246469 0.541071 1.0 0.402908 0.362798 0.33871 0.408404 0.419671 0.459301 0.60434 0.538702 0.506235 0.409192 0.305567 0.297562 0.34031 0.387485 0.335637 0.311602 0.416658 0.297319 0.41061 0.249673 0.425875 0.382956 0.501835; 0.388063 0.344681 0.345299 0.26572 0.368108 0.441069 0.402908 1.0 0.359744 0.485982 0.429602 0.456467 0.417171 0.49531 0.377246 0.394617 0.584455 0.442896 0.552962 0.450419 0.478098 0.282265 0.382005 0.857752 0.504234 0.470571 0.409453 0.319649 0.855679 0.522081; 0.390356 0.455584 0.481767 0.435952 0.468575 0.402788 0.362798 0.359744 1.0 0.348556 0.606618 0.347642 0.654139 0.483033 0.344342 0.585777 0.413706 0.485239 0.374603 0.705552 0.442554 0.507371 0.326165 0.393479 0.507111 0.721425 0.498959 0.541494 0.340222 0.476192; 0.298054 0.283555 0.424668 0.377702 0.48723 0.445567 0.33871 0.485982 0.348556 1.0 0.306794 0.44921 0.413388 0.429098 0.357003 0.296571 0.454518 0.519732 0.403103 0.395351 0.426611 0.401087 0.660942 0.443746 0.46641 0.403218 0.413966 0.367786 0.526068 0.320826; 0.500498 0.583626 0.367168 0.33434 0.355041 0.37414 0.408404 0.429602 0.606618 0.306794 1.0 0.333847 0.523478 0.473064 0.381059 0.680928 0.420683 0.422609 0.408121 0.627637 0.430985 0.332744 0.28293 0.486457 0.44648 0.723238 0.43573 0.391796 0.392337 0.674203; 0.363765 0.260297 0.271196 0.254755 0.302762 0.411475 0.419671 0.456467 0.347642 0.44921 0.333847 1.0 0.391145 0.495849 0.28451 0.366694 0.398131 0.310147 0.496359 0.347785 0.684721 0.343477 0.319807 0.446715 0.383407 0.390272 0.343067 0.380675 0.481263 0.388108; 0.419306 0.388379 0.448571 0.428275 0.455946 0.605683 0.459301 0.417171 0.654139 0.413388 0.523478 0.391145 1.0 0.67049 0.43628 0.602249 0.560884 0.50414 0.356915 0.607546 0.430646 0.567131 0.38271 0.448046 0.521996 0.615576 0.409323 0.699195 0.388459 0.513604; 0.485785 0.346717 0.337346 0.336011 0.356295 0.725719 0.60434 0.49531 0.483033 0.429098 0.473064 0.495849 0.67049 1.0 0.460897 0.587288 0.615808 0.408933 0.386943 0.475514 0.481579 0.446354 0.362499 0.523226 0.456647 0.519687 0.344151 0.586431 0.461544 0.574138; 0.507255 0.416786 0.278512 0.397951 0.28426 0.497045 0.538702 0.377246 0.344342 0.357003 0.381059 0.28451 0.43628 0.460897 1.0 0.401745 0.398627 0.387944 0.243982 0.350657 0.281278 0.326432 0.405782 0.380721 0.295457 0.400108 0.252673 0.367091 0.356448 0.410685; 0.544544 0.452549 0.315426 0.319961 0.312603 0.455123 0.506235 0.394617 0.585777 0.296571 0.680928 0.366694 0.602249 0.587288 0.401745 1.0 0.445265 0.362739 0.356356 0.525828 0.430223 0.375734 0.267018 0.445428 0.40289 0.60211 0.348065 0.493065 0.358027 0.688088; 0.3488 0.302399 0.393582 0.290162 0.412655 0.613312 0.409192 0.584455 0.413706 0.454518 0.420683 0.398131 0.560884 0.615808 0.398627 0.445265 1.0 0.474485 0.406836 0.493762 0.401666 0.363859 0.377964 0.607666 0.568449 0.468739 0.373749 0.438786 0.527462 0.510172; 0.308501 0.398736 0.688604 0.478054 0.696057 0.408364 0.305567 0.442896 0.485239 0.519732 0.422609 0.310147 0.50414 0.408933 0.387944 0.362739 0.474485 1.0 0.371757 0.600348 0.359945 0.422524 0.547472 0.443827 0.583029 0.546851 0.542372 0.38916 0.434472 0.374948; 0.310208 0.306331 0.34402 0.232969 0.367712 0.310535 0.297562 0.552962 0.374603 0.403103 0.408121 0.496359 0.356915 0.386943 0.243982 0.356356 0.406836 0.371757 1.0 0.447578 0.631818 0.270511 0.293485 0.561205 0.513626 0.459602 0.520059 0.289852 0.572563 0.428073; 0.366244 0.460182 0.574324 0.395682 0.553497 0.405965 0.34031 0.450419 0.705552 0.395351 0.627637 0.347785 0.607546 0.475514 0.350657 0.525828 0.493762 0.600348 0.447578 1.0 0.447709 0.42409 0.361375 0.491777 0.656734 0.770243 0.609512 0.448405 0.421869 0.513485; 0.386004 0.326981 0.329139 0.282583 0.357235 0.373918 0.387485 0.478098 0.442554 0.426611 0.430985 0.684721 0.430646 0.481579 0.281278 0.430223 0.401666 0.359945 0.631818 0.447709 1.0 0.35779 0.314768 0.489536 0.460776 0.502574 0.46007 0.388157 0.493691 0.450349; 0.29603 0.285722 0.424054 0.503927 0.447491 0.449552 0.335637 0.282265 0.507371 0.401087 0.332744 0.343477 0.567131 0.446354 0.326432 0.375734 0.363859 0.422524 0.270511 0.42409 0.35779 1.0 0.394813 0.289113 0.393539 0.427223 0.352274 0.681034 0.279034 0.304179; 0.284398 0.301273 0.424417 0.476824 0.468873 0.403264 0.311602 0.382005 0.326165 0.660942 0.28293 0.319807 0.38271 0.362499 0.405782 0.267018 0.377964 0.547472 0.293485 0.361375 0.314768 0.394813 1.0 0.354383 0.37912 0.370212 0.355916 0.339345 0.401531 0.277283; 0.4119 0.369213 0.352027 0.267455 0.368869 0.448028 0.416658 0.857752 0.393479 0.443746 0.486457 0.446715 0.448046 0.523226 0.380721 0.445428 0.607666 0.443827 0.561205 0.491777 0.489536 0.289113 0.354383 1.0 0.526315 0.513247 0.42206 0.336979 0.745608 0.598067; 0.288626 0.322422 0.589853 0.320872 0.613263 0.410544 0.297319 0.504234 0.507111 0.46641 0.44648 0.383407 0.521996 0.456647 0.295457 0.40289 0.568449 0.583029 0.513626 0.656734 0.460776 0.393539 0.37912 0.526315 1.0 0.551989 0.618197 0.407107 0.484348 0.431732; 0.463198 0.551155 0.47834 0.422227 0.47402 0.424678 0.41061 0.470571 0.721425 0.403218 0.723238 0.390272 0.615576 0.519687 0.400108 0.60211 0.468739 0.546851 0.459602 0.770243 0.502574 0.427223 0.370212 0.513247 0.551989 1.0 0.552567 0.462398 0.444988 0.578719; 0.272435 0.364858 0.59061 0.342075 0.598059 0.2952 0.249673 0.409453 0.498959 0.413966 0.43573 0.343067 0.409323 0.344151 0.252673 0.348065 0.373749 0.542372 0.520059 0.609512 0.46007 0.352274 0.355916 0.42206 0.618197 0.552567 1.0 0.327542 0.41348 0.361393; 0.359172 0.300908 0.3674 0.405984 0.38205 0.562723 0.425875 0.319649 0.541494 0.367786 0.391796 0.380675 0.699195 0.586431 0.367091 0.493065 0.438786 0.38916 0.289852 0.448405 0.388157 0.681034 0.339345 0.336979 0.407107 0.462398 0.327542 1.0 0.304998 0.38981; 0.367715 0.328156 0.340253 0.265718 0.368884 0.414747 0.382956 0.855679 0.340222 0.526068 0.392337 0.481263 0.388459 0.461544 0.356448 0.358027 0.527462 0.434472 0.572563 0.421869 0.493691 0.279034 0.401531 0.745608 0.484348 0.444988 0.41348 0.304998 1.0 0.463389; 0.546877 0.449601 0.307526 0.276343 0.308388 0.447419 0.501835 0.522081 0.476192 0.320826 0.674203 0.388108 0.513604 0.574138 0.410685 0.688088 0.510172 0.374948 0.428073 0.513485 0.450349 0.304179 0.277283 0.598067 0.431732 0.578719 0.361393 0.38981 0.463389 1.0]
  difference = 1.4901161082825354e-8 > 1.9984014443252818e-9
 in test_approx_eq(::Array{Float64,2}, ::Array{Float64,2}, ::Float64, ::String, ::String) at ./test.jl:865
 in macro expansion; at /home/vagrant/.julia/v0.5/MLKernels/test/kernelmatrix.jl:74 [inlined]
 in anonymous at ./<missing>:?
 in include_from_node1(::String) at ./loading.jl:488 (repeats 2 times)
 in process_options(::Base.JLOptions) at ./client.jl:265
 in _start() at ./client.jl:321
while loading /home/vagrant/.julia/v0.5/MLKernels/test/kernelmatrix.jl, in expression starting on line 59
while loading /home/vagrant/.julia/v0.5/MLKernels/test/runtests.jl, in expression starting on line 30
==============================[ ERROR: MLKernels ]==============================

failed process: Process(`/home/vagrant/julia/bin/julia -Cx86-64 -J/home/vagrant/julia/lib/julia/sys.so --compile=yes --depwarn=yes --check-bounds=yes --code-coverage=none --color=no --compilecache=yes /home/vagrant/.julia/v0.5/MLKernels/test/runtests.jl`, ProcessExited(1)) [1]

================================================================================
ERROR: MLKernels had test errors
 in #test#61(::Bool, ::Function, ::Array{AbstractString,1}) at ./pkg/entry.jl:748
 in (::Base.Pkg.Entry.#kw##test)(::Array{Any,1}, ::Base.Pkg.Entry.#test, ::Array{AbstractString,1}) at ./<missing>:0
 in (::Base.Pkg.Dir.##2#3{Array{Any,1},Base.Pkg.Entry.#test,Tuple{Array{AbstractString,1}}})() at ./pkg/dir.jl:31
 in cd(::Base.Pkg.Dir.##2#3{Array{Any,1},Base.Pkg.Entry.#test,Tuple{Array{AbstractString,1}}}, ::String) at ./file.jl:59
 in #cd#1(::Array{Any,1}, ::Function, ::Function, ::Array{AbstractString,1}, ::Vararg{Array{AbstractString,1},N}) at ./pkg/dir.jl:31
 in (::Base.Pkg.Dir.#kw##cd)(::Array{Any,1}, ::Base.Pkg.Dir.#cd, ::Function, ::Array{AbstractString,1}, ::Vararg{Array{AbstractString,1},N}) at ./<missing>:0
 in #test#3(::Bool, ::Function, ::String, ::Vararg{String,N}) at ./pkg/pkg.jl:258
 in test(::String, ::Vararg{String,N}) at ./pkg/pkg.jl:258
 in eval(::Module, ::Any) at ./boot.jl:234
 in process_options(::Base.JLOptions) at ./client.jl:242
 in _start() at ./client.jl:321

>>> End of log
