>>> 'Pkg.add("MLKernels")' log
INFO: Cloning cache of MLKernels from https://github.com/trthatcher/MLKernels.jl.git
INFO: Installing MLKernels v0.2.0
INFO: Package database updated

>>> 'Pkg.test("MLKernels")' log
Julia Version 0.5.2
Commit f4c6c9d (2017-05-06 16:34 UTC)
Platform Info:
  OS: Linux (x86_64-pc-linux-gnu)
  CPU: Intel(R) Xeon(R) CPU E3-1241 v3 @ 3.50GHz
  WORD_SIZE: 64
           Ubuntu 14.04.5 LTS
  uname: Linux 3.13.0-135-generic #184-Ubuntu SMP Wed Oct 18 11:55:51 UTC 2017 x86_64 x86_64
Memory: 2.93927001953125 GB (1018.05078125 MB free)
Uptime: 14673.0 sec
Load Avg:  0.931640625  0.98486328125  1.029296875
Intel(R) Xeon(R) CPU E3-1241 v3 @ 3.50GHz: 
       speed         user         nice          sys         idle          irq
#1  3500 MHz     884422 s        130 s     100718 s     325199 s         12 s
#2  3500 MHz     223515 s         40 s      37652 s    1177024 s          0 s

  BLAS: libopenblas (USE64BITINT DYNAMIC_ARCH NO_AFFINITY Nehalem)
  LAPACK: libopenblas64_
  LIBM: libopenlibm
  LLVM: libLLVM-3.7.1 (ORCJIT, haswell)
Environment:
  TERM = vt100
  LD_LIBRARY_PATH = :/usr/local/lib/
  PATH = /usr/local/sbin:/usr/local/bin:/usr/sbin:/usr/bin:/sbin:/bin:/usr/games:/usr/local/games:/home/vagrant/julia/bin/
  JAVA_HOME = /usr/lib/jvm/java-8-openjdk-amd64
  HOME = /home/vagrant

Package Directory: /home/vagrant/.julia/v0.5
2 required packages:
 - JSON                          0.14.0
 - MLKernels                     0.2.0
1 additional packages:
 - Compat                        0.41.0
INFO: Testing MLKernels
INFO: Testing MLKernels.HyperParameters.OpenBound{T<:Real}
INFO: Testing MLKernels.HyperParameters.ClosedBound{T<:Real}
INFO: Testing MLKernels.HyperParameters.NullBound{T<:Real}
INFO: Testing MLKernels.HyperParameters.Interval{T<:Real,A<:MLKernels.HyperParameters.Bound,B<:MLKernels.HyperParameters.Bound}
INFO: Testing MLKernels.HyperParameters.interval
INFO: Testing MLKernels.HyperParameters.checkvalue
INFO: Testing MLKernels.HyperParameters.lowerboundtheta
INFO: Testing MLKernels.HyperParameters.upperboundtheta
INFO: Testing MLKernels.HyperParameters.theta
INFO: Testing MLKernels.HyperParameters.eta
INFO: Testing MLKernels.HyperParameters.HyperParameter{T<:Real}
INFO: Testing MLKernels.PairwiseFunctions.dotvectors!
INFO: Testing MLKernels.PairwiseFunctions.gramian!
INFO: Testing MLKernels.PairwiseFunctions.squared_distance!
INFO: Testing MLKernels.PairwiseFunctions.SquaredEuclidean
INFO: Testing MLKernels.PairwiseFunctions.SineSquared
INFO: Testing MLKernels.PairwiseFunctions.ChiSquared
INFO: Testing MLKernels.PairwiseFunctions.ScalarProduct
INFO: Testing MLKernels.PairwiseFunctions.unsafe_pairwise
INFO: Testing MLKernels.PairwiseFunctions.pairwise
INFO: Testing MLKernels.PairwiseFunctions.allocate_pairwisematrix
INFO: Testing MLKernels.PairwiseFunctions.checkdimensions
INFO: Testing MLKernels.PairwiseFunctions.pairwisematrix!
INFO: Testing MLKernels.ExponentialKernel{T<:AbstractFloat}
INFO: Testing MLKernels.SquaredExponentialKernel{T<:AbstractFloat}
INFO: Testing MLKernels.GammaExponentialKernel{T<:AbstractFloat}
INFO: Testing MLKernels.RationalQuadraticKernel{T<:AbstractFloat}
INFO: Testing MLKernels.GammaRationalKernel{T<:AbstractFloat}
INFO: Testing MLKernels.MaternKernel{T<:AbstractFloat}
INFO: Testing MLKernels.LinearKernel{T<:AbstractFloat}
INFO: Testing MLKernels.PolynomialKernel{T<:AbstractFloat,U<:Integer}
INFO: Testing MLKernels.ExponentiatedKernel{T<:AbstractFloat}
INFO: Testing MLKernels.PeriodicKernel{T<:AbstractFloat}
INFO: Testing MLKernels.PowerKernel{T<:AbstractFloat}
INFO: Testing MLKernels.LogKernel{T<:AbstractFloat}
INFO: Testing MLKernels.SigmoidKernel{T<:AbstractFloat}
INFO: Testing MLKernels.kappa
INFO: Testing MLKernels.HyperParameters.gettheta
INFO: Testing MLKernels.HyperParameters.settheta!
INFO: Testing MLKernels.HyperParameters.checktheta
INFO: Testing MLKernels.kernel
INFO: Testing MLKernels.kappamatrix!
INFO: Testing MLKernels.symmetric_kappamatrix!
INFO: Testing MLKernels.kernelmatrix!
ERROR: LoadError: LoadError: assertion failed: |K - MOD.kernelmatrix!(layout,K_tst_nn,F,X,true)| <= 1.9984014443252818e-9
  K = [1.0 0.413386 0.327117 0.486424 0.380575 0.45643 0.474492 0.287181 0.367109 0.458845 0.319803 0.241876 0.537695 0.258652 0.47501 0.367744 0.323587 0.398292 0.328479 0.394589 0.362015 0.436493 0.516269 0.304947 0.409153 0.33661 0.369443 0.497932 0.370368 0.40444; 0.413386 1.0 0.500262 0.377048 0.451577 0.538925 0.538246 0.508475 0.47888 0.390553 0.26968 0.412477 0.502231 0.388206 0.352905 0.426978 0.368265 0.483442 0.412617 0.485479 0.351389 0.442536 0.504548 0.444781 0.656201 0.533189 0.63694 0.542523 0.458742 0.486314; 0.327117 0.500262 1.0 0.497626 0.451296 0.319752 0.382952 0.313348 0.400702 0.417864 0.366139 0.360702 0.471778 0.405929 0.391797 0.445856 0.366908 0.568158 0.376581 0.425287 0.38105 0.536688 0.447851 0.527101 0.468275 0.678476 0.404392 0.459043 0.471345 0.452182; 0.486424 0.377048 0.497626 1.0 0.438049 0.321602 0.374331 0.248055 0.387024 0.510399 0.544487 0.28029 0.543109 0.321363 0.572055 0.416862 0.396047 0.54401 0.378512 0.430853 0.486702 0.662424 0.505639 0.403995 0.39806 0.435264 0.320704 0.478748 0.409239 0.475527; 0.380575 0.451577 0.451296 0.438049 1.0 0.358696 0.296728 0.288101 0.318229 0.286319 0.320489 0.301043 0.357017 0.239074 0.28819 0.259185 0.294996 0.360226 0.323284 0.58317 0.380102 0.42738 0.355365 0.36827 0.453211 0.383107 0.309606 0.639295 0.299155 0.508045; 0.45643 0.538925 0.319752 0.321602 0.358696 1.0 0.433163 0.570959 0.47039 0.382415 0.235217 0.358228 0.395126 0.294795 0.313762 0.352416 0.349687 0.387714 0.381045 0.382067 0.32937 0.379101 0.393031 0.400321 0.636803 0.381846 0.574042 0.518717 0.421081 0.450602; 0.474492 0.538246 0.382952 0.374331 0.296728 0.433163 1.0 0.370092 0.45225 0.477706 0.271898 0.308299 0.670555 0.414913 0.483025 0.555895 0.36323 0.480643 0.378116 0.359305 0.319922 0.411259 0.669407 0.324295 0.432111 0.413144 0.552738 0.374634 0.445644 0.364247; 0.287181 0.508475 0.313348 0.248055 0.288101 0.570959 0.370092 1.0 0.513024 0.308945 0.20727 0.499936 0.3239 0.364044 0.254821 0.340036 0.371715 0.376053 0.418335 0.339817 0.303629 0.33436 0.331878 0.413223 0.595825 0.375473 0.617046 0.372446 0.382292 0.413527; 0.367109 0.47888 0.400702 0.387024 0.318229 0.47039 0.45225 0.513024 1.0 0.451783 0.375508 0.586768 0.484682 0.56528 0.438369 0.497482 0.700816 0.62605 0.729186 0.431719 0.523348 0.561276 0.50448 0.465273 0.573951 0.423702 0.540522 0.39243 0.442327 0.573985; 0.458845 0.390553 0.417864 0.510399 0.286319 0.382415 0.477706 0.308945 0.451783 1.0 0.356234 0.283595 0.57137 0.3869 0.607225 0.654825 0.395917 0.584716 0.366557 0.300171 0.362608 0.521158 0.506557 0.447267 0.422068 0.489479 0.442078 0.391369 0.640175 0.376088; 0.319803 0.26968 0.366139 0.544487 0.320489 0.235217 0.271898 0.20727 0.375508 0.356234 1.0 0.302245 0.393455 0.333513 0.47292 0.326075 0.478514 0.466208 0.434141 0.394706 0.626271 0.585015 0.397582 0.31448 0.303625 0.298257 0.239076 0.313434 0.277661 0.450087; 0.241876 0.412477 0.360702 0.28029 0.301043 0.358228 0.308299 0.499936 0.586768 0.283595 0.302245 1.0 0.323346 0.489203 0.279013 0.33111 0.544727 0.444128 0.623258 0.415383 0.439683 0.415359 0.344104 0.411601 0.486067 0.35385 0.417022 0.322273 0.314231 0.513765; 0.537695 0.502231 0.471778 0.543109 0.357017 0.395126 0.670555 0.3239 0.484682 0.57137 0.393455 0.323346 1.0 0.439136 0.671746 0.596163 0.435325 0.612883 0.434515 0.427358 0.422942 0.566458 0.860473 0.370504 0.44465 0.458035 0.464211 0.427492 0.46745 0.442759; 0.258652 0.388206 0.405929 0.321363 0.239074 0.294795 0.414913 0.364044 0.56528 0.3869 0.333513 0.489203 0.439136 1.0 0.405219 0.537935 0.54135 0.572181 0.532959 0.326449 0.389482 0.446801 0.456286 0.378007 0.385133 0.402045 0.436034 0.270605 0.388148 0.384496; 0.47501 0.352905 0.391797 0.572055 0.28819 0.313762 0.483025 0.254821 0.438369 0.607225 0.47292 0.279013 0.671746 0.405219 1.0 0.559522 0.446149 0.576394 0.408529 0.346759 0.439635 0.566915 0.632969 0.334091 0.352498 0.37701 0.352661 0.34489 0.416887 0.390627; 0.367744 0.426978 0.445856 0.416862 0.259185 0.352416 0.555895 0.340036 0.497482 0.654825 0.326075 0.33111 0.596163 0.537935 0.559522 1.0 0.425147 0.633782 0.402732 0.300189 0.345334 0.483584 0.551921 0.424685 0.414187 0.510637 0.506764 0.332999 0.601655 0.359238; 0.323587 0.368265 0.366908 0.396047 0.294996 0.349687 0.36323 0.371715 0.700816 0.395917 0.478514 0.544727 0.435325 0.54135 0.446149 0.425147 1.0 0.584525 0.820858 0.425598 0.650732 0.583766 0.461131 0.393936 0.438601 0.348969 0.383802 0.332312 0.350238 0.560105; 0.398292 0.483442 0.568158 0.54401 0.360226 0.387714 0.480643 0.376053 0.62605 0.584716 0.466208 0.444128 0.612883 0.572181 0.576394 0.633782 0.584525 1.0 0.559838 0.430805 0.520771 0.733115 0.593817 0.530508 0.520423 0.559464 0.485496 0.427464 0.541225 0.538431; 0.328479 0.412617 0.376581 0.378512 0.323284 0.381045 0.378116 0.418335 0.729186 0.366557 0.434141 0.623258 0.434515 0.532959 0.408529 0.402732 0.820858 0.559838 1.0 0.483582 0.635828 0.559935 0.469019 0.394067 0.481103 0.354665 0.412215 0.355958 0.341316 0.613541; 0.394589 0.485479 0.425287 0.430853 0.58317 0.382067 0.359305 0.339817 0.431719 0.300171 0.394706 0.415383 0.427358 0.326449 0.346759 0.300189 0.425598 0.430805 0.483582 1.0 0.529952 0.503705 0.458523 0.343776 0.479131 0.351044 0.349577 0.503138 0.289285 0.656712; 0.362015 0.351389 0.38105 0.486702 0.380102 0.32937 0.319922 0.303629 0.523348 0.362608 0.626271 0.439683 0.422942 0.389482 0.439635 0.345334 0.650732 0.520771 0.635828 0.529952 1.0 0.650208 0.444876 0.370694 0.418175 0.329242 0.314662 0.38723 0.307711 0.657805; 0.436493 0.442536 0.536688 0.662424 0.42738 0.379101 0.411259 0.33436 0.561276 0.521158 0.585015 0.415359 0.566458 0.446801 0.566915 0.483584 0.583766 0.733115 0.559935 0.503705 0.650208 1.0 0.556602 0.494889 0.504413 0.482072 0.40092 0.479379 0.450366 0.635758; 0.516269 0.504548 0.447851 0.505639 0.355365 0.393031 0.669407 0.331878 0.50448 0.506557 0.397582 0.344104 0.860473 0.456286 0.632969 0.551921 0.461131 0.593817 0.469019 0.458523 0.444876 0.556602 1.0 0.348597 0.440903 0.421503 0.45733 0.411216 0.420126 0.459276; 0.304947 0.444781 0.527101 0.403995 0.36827 0.400321 0.324295 0.413223 0.465273 0.447267 0.31448 0.411601 0.370504 0.378007 0.334091 0.424685 0.393936 0.530508 0.394067 0.343776 0.370694 0.494889 0.348597 1.0 0.575971 0.643945 0.460391 0.464103 0.579314 0.466565; 0.409153 0.656201 0.468275 0.39806 0.453211 0.636803 0.432111 0.595825 0.573951 0.422068 0.303625 0.486067 0.44465 0.385133 0.352498 0.414187 0.438601 0.520423 0.481103 0.479131 0.418175 0.504413 0.440903 0.575971 1.0 0.531862 0.61551 0.602187 0.498243 0.600872; 0.33661 0.533189 0.678476 0.435264 0.383107 0.381846 0.413144 0.375473 0.423702 0.489479 0.298257 0.35385 0.458035 0.402045 0.37701 0.510637 0.348969 0.559464 0.354665 0.351044 0.329242 0.482072 0.421503 0.643945 0.531862 1.0 0.508031 0.468871 0.654916 0.412898; 0.369443 0.63694 0.404392 0.320704 0.309606 0.574042 0.552738 0.617046 0.540522 0.442078 0.239076 0.417022 0.464211 0.436034 0.352661 0.506764 0.383802 0.485496 0.412215 0.349577 0.314662 0.40092 0.45733 0.460391 0.61551 0.508031 1.0 0.419064 0.547358 0.409585; 0.497932 0.542523 0.459043 0.478748 0.639295 0.518717 0.374634 0.372446 0.39243 0.391369 0.313434 0.322273 0.427492 0.270605 0.34489 0.332999 0.332312 0.427464 0.355958 0.503138 0.38723 0.479379 0.411216 0.464103 0.602187 0.468871 0.419064 1.0 0.418045 0.539945; 0.370368 0.458742 0.471345 0.409239 0.299155 0.421081 0.445644 0.382292 0.442327 0.640175 0.277661 0.314231 0.46745 0.388148 0.416887 0.601655 0.350238 0.541225 0.341316 0.289285 0.307711 0.450366 0.420126 0.579314 0.498243 0.654916 0.547358 0.418045 1.0 0.366814; 0.40444 0.486314 0.452182 0.475527 0.508045 0.450602 0.364247 0.413527 0.573985 0.376088 0.450087 0.513765 0.442759 0.384496 0.390627 0.359238 0.560105 0.538431 0.613541 0.656712 0.657805 0.635758 0.459276 0.466565 0.600872 0.412898 0.409585 0.539945 0.366814 1.0]
  MOD.kernelmatrix!(layout,K_tst_nn,F,X,true) = [1.0 0.413386 0.327117 0.486424 0.380575 0.45643 0.474492 0.287181 0.367109 0.458845 0.319803 0.241876 0.537695 0.258652 0.47501 0.367744 0.323587 0.398292 0.328479 0.394589 0.362015 0.436493 0.516269 0.304947 0.409153 0.33661 0.369443 0.497932 0.370368 0.40444; 0.413386 1.0 0.500262 0.377048 0.451577 0.538925 0.538246 0.508475 0.47888 0.390553 0.26968 0.412477 0.502231 0.388206 0.352905 0.426978 0.368265 0.483442 0.412617 0.485479 0.351389 0.442536 0.504548 0.444781 0.656201 0.533189 0.63694 0.542523 0.458742 0.486314; 0.327117 0.500262 1.0 0.497626 0.451296 0.319752 0.382952 0.313348 0.400702 0.417864 0.366139 0.360702 0.471778 0.405929 0.391797 0.445856 0.366908 0.568158 0.376581 0.425287 0.38105 0.536688 0.447851 0.527101 0.468275 0.678476 0.404392 0.459043 0.471345 0.452182; 0.486424 0.377048 0.497626 1.0 0.438049 0.321602 0.374331 0.248055 0.387024 0.510399 0.544487 0.28029 0.543109 0.321363 0.572055 0.416862 0.396047 0.54401 0.378512 0.430853 0.486702 0.662424 0.505639 0.403995 0.39806 0.435264 0.320704 0.478748 0.409239 0.475527; 0.380575 0.451577 0.451296 0.438049 1.0 0.358696 0.296728 0.288101 0.318229 0.286319 0.320489 0.301043 0.357017 0.239074 0.28819 0.259185 0.294996 0.360226 0.323284 0.58317 0.380102 0.42738 0.355365 0.36827 0.453211 0.383107 0.309606 0.639295 0.299155 0.508045; 0.45643 0.538925 0.319752 0.321602 0.358696 1.0 0.433163 0.570959 0.47039 0.382415 0.235217 0.358228 0.395126 0.294795 0.313762 0.352416 0.349687 0.387714 0.381045 0.382067 0.32937 0.379101 0.393031 0.400321 0.636803 0.381846 0.574042 0.518717 0.421081 0.450602; 0.474492 0.538246 0.382952 0.374331 0.296728 0.433163 1.0 0.370092 0.45225 0.477706 0.271898 0.308299 0.670555 0.414913 0.483025 0.555895 0.36323 0.480643 0.378116 0.359305 0.319922 0.411259 0.669407 0.324295 0.432111 0.413144 0.552738 0.374634 0.445644 0.364247; 0.287181 0.508475 0.313348 0.248055 0.288101 0.570959 0.370092 1.0 0.513024 0.308945 0.20727 0.499936 0.3239 0.364044 0.254821 0.340036 0.371715 0.376053 0.418335 0.339817 0.303629 0.33436 0.331878 0.413223 0.595825 0.375473 0.617046 0.372446 0.382292 0.413527; 0.367109 0.47888 0.400702 0.387024 0.318229 0.47039 0.45225 0.513024 1.0 0.451783 0.375508 0.586768 0.484682 0.56528 0.438369 0.497482 0.700816 0.62605 0.729186 0.431719 0.523348 0.561276 0.50448 0.465273 0.573951 0.423702 0.540522 0.39243 0.442327 0.573985; 0.458845 0.390553 0.417864 0.510399 0.286319 0.382415 0.477706 0.308945 0.451783 1.0 0.356234 0.283595 0.57137 0.3869 0.607225 0.654825 0.395917 0.584716 0.366557 0.300171 0.362608 0.521158 0.506557 0.447267 0.422068 0.489479 0.442078 0.391369 0.640175 0.376088; 0.319803 0.26968 0.366139 0.544487 0.320489 0.235217 0.271898 0.20727 0.375508 0.356234 1.0 0.302245 0.393455 0.333513 0.47292 0.326075 0.478514 0.466208 0.434141 0.394706 0.626271 0.585015 0.397582 0.31448 0.303625 0.298257 0.239076 0.313434 0.277661 0.450087; 0.241876 0.412477 0.360702 0.28029 0.301043 0.358228 0.308299 0.499936 0.586768 0.283595 0.302245 1.0 0.323346 0.489203 0.279013 0.33111 0.544727 0.444128 0.623258 0.415383 0.439683 0.415359 0.344104 0.411601 0.486067 0.35385 0.417022 0.322273 0.314231 0.513765; 0.537695 0.502231 0.471778 0.543109 0.357017 0.395126 0.670555 0.3239 0.484682 0.57137 0.393455 0.323346 1.0 0.439136 0.671746 0.596163 0.435325 0.612883 0.434515 0.427358 0.422942 0.566458 0.860473 0.370504 0.44465 0.458035 0.464211 0.427492 0.46745 0.442759; 0.258652 0.388206 0.405929 0.321363 0.239074 0.294795 0.414913 0.364044 0.56528 0.3869 0.333513 0.489203 0.439136 1.0 0.405219 0.537935 0.54135 0.572181 0.532959 0.326449 0.389482 0.446801 0.456286 0.378007 0.385133 0.402045 0.436034 0.270605 0.388148 0.384496; 0.47501 0.352905 0.391797 0.572055 0.28819 0.313762 0.483025 0.254821 0.438369 0.607225 0.47292 0.279013 0.671746 0.405219 1.0 0.559522 0.446149 0.576394 0.408529 0.346759 0.439635 0.566915 0.632969 0.334091 0.352498 0.37701 0.352661 0.34489 0.416887 0.390627; 0.367744 0.426978 0.445856 0.416862 0.259185 0.352416 0.555895 0.340036 0.497482 0.654825 0.326075 0.33111 0.596163 0.537935 0.559522 1.0 0.425147 0.633782 0.402732 0.300189 0.345334 0.483584 0.551921 0.424685 0.414187 0.510637 0.506764 0.332999 0.601655 0.359238; 0.323587 0.368265 0.366908 0.396047 0.294996 0.349687 0.36323 0.371715 0.700816 0.395917 0.478514 0.544727 0.435325 0.54135 0.446149 0.425147 1.0 0.584525 0.820858 0.425598 0.650732 0.583766 0.461131 0.393936 0.438601 0.348969 0.383802 0.332312 0.350238 0.560105; 0.398292 0.483442 0.568158 0.54401 0.360226 0.387714 0.480643 0.376053 0.62605 0.584716 0.466208 0.444128 0.612883 0.572181 0.576394 0.633782 0.584525 1.0 0.559838 0.430805 0.520771 0.733115 0.593817 0.530508 0.520423 0.559464 0.485496 0.427464 0.541225 0.538431; 0.328479 0.412617 0.376581 0.378512 0.323284 0.381045 0.378116 0.418335 0.729186 0.366557 0.434141 0.623258 0.434515 0.532959 0.408529 0.402732 0.820858 0.559838 1.0 0.483582 0.635828 0.559935 0.469019 0.394067 0.481103 0.354665 0.412215 0.355958 0.341316 0.613541; 0.394589 0.485479 0.425287 0.430853 0.58317 0.382067 0.359305 0.339817 0.431719 0.300171 0.394706 0.415383 0.427358 0.326449 0.346759 0.300189 0.425598 0.430805 0.483582 1.0 0.529952 0.503705 0.458523 0.343776 0.479131 0.351044 0.349577 0.503138 0.289285 0.656712; 0.362015 0.351389 0.38105 0.486702 0.380102 0.32937 0.319922 0.303629 0.523348 0.362608 0.626271 0.439683 0.422942 0.389482 0.439635 0.345334 0.650732 0.520771 0.635828 0.529952 1.0 0.650208 0.444876 0.370694 0.418175 0.329242 0.314662 0.38723 0.307711 0.657805; 0.436493 0.442536 0.536688 0.662424 0.42738 0.379101 0.411259 0.33436 0.561276 0.521158 0.585015 0.415359 0.566458 0.446801 0.566915 0.483584 0.583766 0.733115 0.559935 0.503705 0.650208 1.0 0.556602 0.494889 0.504413 0.482072 0.40092 0.479379 0.450366 0.635758; 0.516269 0.504548 0.447851 0.505639 0.355365 0.393031 0.669407 0.331878 0.50448 0.506557 0.397582 0.344104 0.860473 0.456286 0.632969 0.551921 0.461131 0.593817 0.469019 0.458523 0.444876 0.556602 1.0 0.348597 0.440903 0.421503 0.45733 0.411216 0.420126 0.459276; 0.304947 0.444781 0.527101 0.403995 0.36827 0.400321 0.324295 0.413223 0.465273 0.447267 0.31448 0.411601 0.370504 0.378007 0.334091 0.424685 0.393936 0.530508 0.394067 0.343776 0.370694 0.494889 0.348597 1.0 0.575971 0.643945 0.460391 0.464103 0.579314 0.466565; 0.409153 0.656201 0.468275 0.39806 0.453211 0.636803 0.432111 0.595825 0.573951 0.422068 0.303625 0.486067 0.44465 0.385133 0.352498 0.414187 0.438601 0.520423 0.481103 0.479131 0.418175 0.504413 0.440903 0.575971 1.0 0.531862 0.61551 0.602187 0.498243 0.600872; 0.33661 0.533189 0.678476 0.435264 0.383107 0.381846 0.413144 0.375473 0.423702 0.489479 0.298257 0.35385 0.458035 0.402045 0.37701 0.510637 0.348969 0.559464 0.354665 0.351044 0.329242 0.482072 0.421503 0.643945 0.531862 1.0 0.508031 0.468871 0.654916 0.412898; 0.369443 0.63694 0.404392 0.320704 0.309606 0.574042 0.552738 0.617046 0.540522 0.442078 0.239076 0.417022 0.464211 0.436034 0.352661 0.506764 0.383802 0.485496 0.412215 0.349577 0.314662 0.40092 0.45733 0.460391 0.61551 0.508031 1.0 0.419064 0.547358 0.409585; 0.497932 0.542523 0.459043 0.478748 0.639295 0.518717 0.374634 0.372446 0.39243 0.391369 0.313434 0.322273 0.427492 0.270605 0.34489 0.332999 0.332312 0.427464 0.355958 0.503138 0.38723 0.479379 0.411216 0.464103 0.602187 0.468871 0.419064 1.0 0.418045 0.539945; 0.370368 0.458742 0.471345 0.409239 0.299155 0.421081 0.445644 0.382292 0.442327 0.640175 0.277661 0.314231 0.46745 0.388148 0.416887 0.601655 0.350238 0.541225 0.341316 0.289285 0.307711 0.450366 0.420126 0.579314 0.498243 0.654916 0.547358 0.418045 1.0 0.366814; 0.40444 0.486314 0.452182 0.475527 0.508045 0.450602 0.364247 0.413527 0.573985 0.376088 0.450087 0.513765 0.442759 0.384496 0.390627 0.359238 0.560105 0.538431 0.613541 0.656712 0.657805 0.635758 0.459276 0.466565 0.600872 0.412898 0.409585 0.539945 0.366814 1.0]
  difference = 2.1073424005813024e-8 > 1.9984014443252818e-9
 in test_approx_eq(::Array{Float64,2}, ::Array{Float64,2}, ::Float64, ::String, ::String) at ./test.jl:865
 in macro expansion; at /home/vagrant/.julia/v0.5/MLKernels/test/kernelmatrix.jl:74 [inlined]
 in anonymous at ./<missing>:?
 in include_from_node1(::String) at ./loading.jl:488 (repeats 2 times)
 in process_options(::Base.JLOptions) at ./client.jl:265
 in _start() at ./client.jl:321
while loading /home/vagrant/.julia/v0.5/MLKernels/test/kernelmatrix.jl, in expression starting on line 59
while loading /home/vagrant/.julia/v0.5/MLKernels/test/runtests.jl, in expression starting on line 30
==============================[ ERROR: MLKernels ]==============================

failed process: Process(`/home/vagrant/julia/bin/julia -Cx86-64 -J/home/vagrant/julia/lib/julia/sys.so --compile=yes --depwarn=yes --check-bounds=yes --code-coverage=none --color=no --compilecache=yes /home/vagrant/.julia/v0.5/MLKernels/test/runtests.jl`, ProcessExited(1)) [1]

================================================================================
ERROR: MLKernels had test errors
 in #test#61(::Bool, ::Function, ::Array{AbstractString,1}) at ./pkg/entry.jl:748
 in (::Base.Pkg.Entry.#kw##test)(::Array{Any,1}, ::Base.Pkg.Entry.#test, ::Array{AbstractString,1}) at ./<missing>:0
 in (::Base.Pkg.Dir.##2#3{Array{Any,1},Base.Pkg.Entry.#test,Tuple{Array{AbstractString,1}}})() at ./pkg/dir.jl:31
 in cd(::Base.Pkg.Dir.##2#3{Array{Any,1},Base.Pkg.Entry.#test,Tuple{Array{AbstractString,1}}}, ::String) at ./file.jl:59
 in #cd#1(::Array{Any,1}, ::Function, ::Function, ::Array{AbstractString,1}, ::Vararg{Array{AbstractString,1},N}) at ./pkg/dir.jl:31
 in (::Base.Pkg.Dir.#kw##cd)(::Array{Any,1}, ::Base.Pkg.Dir.#cd, ::Function, ::Array{AbstractString,1}, ::Vararg{Array{AbstractString,1},N}) at ./<missing>:0
 in #test#3(::Bool, ::Function, ::String, ::Vararg{String,N}) at ./pkg/pkg.jl:258
 in test(::String, ::Vararg{String,N}) at ./pkg/pkg.jl:258
 in eval(::Module, ::Any) at ./boot.jl:234
 in process_options(::Base.JLOptions) at ./client.jl:242
 in _start() at ./client.jl:321

>>> End of log
