>>> 'Pkg.add("MLKernels")' log
INFO: Cloning cache of MLKernels from https://github.com/trthatcher/MLKernels.jl.git
INFO: Installing MLKernels v0.2.0
INFO: Package database updated

>>> 'Pkg.test("MLKernels")' log
Julia Version 0.5.2
Commit f4c6c9d (2017-05-06 16:34 UTC)
Platform Info:
  OS: Linux (x86_64-pc-linux-gnu)
  CPU: Intel(R) Xeon(R) CPU E3-1241 v3 @ 3.50GHz
  WORD_SIZE: 64
           Ubuntu 14.04.5 LTS
  uname: Linux 3.13.0-128-generic #177-Ubuntu SMP Tue Aug 8 11:40:23 UTC 2017 x86_64 x86_64
Memory: 2.9392738342285156 GB (717.2734375 MB free)
Uptime: 12163.0 sec
Load Avg:  0.90478515625  0.98388671875  1.03466796875
Intel(R) Xeon(R) CPU E3-1241 v3 @ 3.50GHz: 
       speed         user         nice          sys         idle          irq
#1  3500 MHz     714076 s       5310 s      71132 s     283988 s         14 s
#2  3500 MHz     225472 s       1591 s      33761 s     924162 s          0 s

  BLAS: libopenblas (USE64BITINT DYNAMIC_ARCH NO_AFFINITY Nehalem)
  LAPACK: libopenblas64_
  LIBM: libopenlibm
  LLVM: libLLVM-3.7.1 (ORCJIT, haswell)
Environment:
  TERM = vt100
  LD_LIBRARY_PATH = :/usr/local/lib/
  PATH = /usr/local/sbin:/usr/local/bin:/usr/sbin:/usr/bin:/sbin:/bin:/usr/games:/usr/local/games:/home/vagrant/julia/bin/
  JAVA_HOME = /usr/lib/jvm/java-8-openjdk-amd64
  HOME = /home/vagrant

Package Directory: /home/vagrant/.julia/v0.5
2 required packages:
 - JSON                          0.13.0
 - MLKernels                     0.2.0
1 additional packages:
 - Compat                        0.30.0
INFO: Testing MLKernels
INFO: Testing MLKernels.HyperParameters.OpenBound{T<:Real}
INFO: Testing MLKernels.HyperParameters.ClosedBound{T<:Real}
INFO: Testing MLKernels.HyperParameters.NullBound{T<:Real}
INFO: Testing MLKernels.HyperParameters.Interval{T<:Real,A<:MLKernels.HyperParameters.Bound,B<:MLKernels.HyperParameters.Bound}
INFO: Testing MLKernels.HyperParameters.interval
INFO: Testing MLKernels.HyperParameters.checkvalue
INFO: Testing MLKernels.HyperParameters.lowerboundtheta
INFO: Testing MLKernels.HyperParameters.upperboundtheta
INFO: Testing MLKernels.HyperParameters.theta
INFO: Testing MLKernels.HyperParameters.eta
INFO: Testing MLKernels.HyperParameters.HyperParameter{T<:Real}
INFO: Testing MLKernels.PairwiseFunctions.dotvectors!
INFO: Testing MLKernels.PairwiseFunctions.gramian!
INFO: Testing MLKernels.PairwiseFunctions.squared_distance!
INFO: Testing MLKernels.PairwiseFunctions.SquaredEuclidean
INFO: Testing MLKernels.PairwiseFunctions.SineSquared
INFO: Testing MLKernels.PairwiseFunctions.ChiSquared
INFO: Testing MLKernels.PairwiseFunctions.ScalarProduct
INFO: Testing MLKernels.PairwiseFunctions.unsafe_pairwise
INFO: Testing MLKernels.PairwiseFunctions.pairwise
INFO: Testing MLKernels.PairwiseFunctions.allocate_pairwisematrix
INFO: Testing MLKernels.PairwiseFunctions.checkdimensions
INFO: Testing MLKernels.PairwiseFunctions.pairwisematrix!
INFO: Testing MLKernels.ExponentialKernel{T<:AbstractFloat}
INFO: Testing MLKernels.SquaredExponentialKernel{T<:AbstractFloat}
INFO: Testing MLKernels.GammaExponentialKernel{T<:AbstractFloat}
INFO: Testing MLKernels.RationalQuadraticKernel{T<:AbstractFloat}
INFO: Testing MLKernels.GammaRationalKernel{T<:AbstractFloat}
INFO: Testing MLKernels.MaternKernel{T<:AbstractFloat}
INFO: Testing MLKernels.LinearKernel{T<:AbstractFloat}
INFO: Testing MLKernels.PolynomialKernel{T<:AbstractFloat,U<:Integer}
INFO: Testing MLKernels.ExponentiatedKernel{T<:AbstractFloat}
INFO: Testing MLKernels.PeriodicKernel{T<:AbstractFloat}
INFO: Testing MLKernels.PowerKernel{T<:AbstractFloat}
INFO: Testing MLKernels.LogKernel{T<:AbstractFloat}
INFO: Testing MLKernels.SigmoidKernel{T<:AbstractFloat}
INFO: Testing MLKernels.kappa
INFO: Testing MLKernels.HyperParameters.gettheta
INFO: Testing MLKernels.HyperParameters.settheta!
INFO: Testing MLKernels.HyperParameters.checktheta
INFO: Testing MLKernels.kernel
INFO: Testing MLKernels.kappamatrix!
INFO: Testing MLKernels.symmetric_kappamatrix!
INFO: Testing MLKernels.kernelmatrix!
ERROR: LoadError: LoadError: assertion failed: |K - MOD.kernelmatrix!(layout,K_tst_nn,F,X,true)| <= 1.9984014443252818e-9
  K = [1.0 0.670601 0.541782 0.547789 0.32457 0.550981 0.583099 0.517303 0.365379 0.581807 0.334738 0.459033 0.489259 0.479889 0.444224 0.480098 0.303434 0.547573 0.349544 0.297634 0.374919 0.383667 0.334932 0.363385 0.614405 0.491957 0.441565 0.370231 0.492303 0.55912; 0.670601 1.0 0.398077 0.49744 0.246045 0.566087 0.551469 0.542647 0.31019 0.508817 0.30171 0.457097 0.366281 0.482752 0.403301 0.473862 0.225772 0.561438 0.429626 0.329656 0.32583 0.364828 0.279821 0.339529 0.610566 0.418768 0.457559 0.317541 0.415078 0.446796; 0.541782 0.398077 1.0 0.381102 0.280628 0.323905 0.376731 0.295049 0.322966 0.624595 0.308956 0.292808 0.603454 0.43134 0.36254 0.317229 0.352172 0.352671 0.229867 0.223767 0.302024 0.327909 0.342034 0.266965 0.413183 0.416031 0.366897 0.323343 0.344313 0.413499; 0.547789 0.49744 0.381102 1.0 0.290059 0.415861 0.410244 0.532823 0.402399 0.356547 0.352023 0.368197 0.489971 0.302931 0.372867 0.529102 0.27324 0.701803 0.386593 0.294379 0.470071 0.433682 0.348183 0.548262 0.376305 0.53986 0.390489 0.395415 0.418879 0.719293; 0.32457 0.246045 0.280628 0.290059 1.0 0.279939 0.349891 0.297952 0.434324 0.251108 0.334979 0.321579 0.291553 0.228908 0.415048 0.314605 0.453096 0.306847 0.20453 0.218797 0.287374 0.305683 0.264746 0.329928 0.286549 0.300567 0.216049 0.450464 0.358578 0.313541; 0.550981 0.566087 0.323905 0.415861 0.279939 1.0 0.446079 0.669239 0.293673 0.397714 0.276621 0.671337 0.31564 0.431389 0.370545 0.529104 0.237007 0.44481 0.398192 0.332244 0.378884 0.311985 0.303593 0.310828 0.465474 0.427874 0.43431 0.275559 0.616395 0.399595; 0.583099 0.551469 0.376731 0.410244 0.349891 0.446079 1.0 0.434883 0.328053 0.424839 0.287653 0.39447 0.317255 0.373633 0.43984 0.370736 0.252091 0.473182 0.301638 0.255584 0.257275 0.321349 0.222568 0.324962 0.743534 0.320476 0.298508 0.378024 0.363309 0.41964; 0.517303 0.542647 0.295049 0.532823 0.297952 0.669239 0.434883 1.0 0.352677 0.335955 0.320554 0.604427 0.331176 0.346751 0.392506 0.663578 0.244164 0.582115 0.483503 0.367 0.455277 0.376202 0.321452 0.435211 0.406405 0.477469 0.421982 0.330657 0.576463 0.46948; 0.365379 0.31019 0.322966 0.402399 0.434324 0.293673 0.328053 0.352677 1.0 0.310128 0.726741 0.35802 0.405696 0.294591 0.606384 0.471031 0.511128 0.461904 0.352262 0.393016 0.432693 0.665138 0.430989 0.554859 0.28204 0.472165 0.35469 0.732511 0.371211 0.351074; 0.581807 0.508817 0.624595 0.356547 0.251108 0.397714 0.424839 0.335955 0.310128 1.0 0.320709 0.364786 0.449984 0.666569 0.414883 0.355855 0.300579 0.374966 0.29337 0.288328 0.289786 0.347908 0.327072 0.255882 0.508533 0.407299 0.464027 0.308483 0.367981 0.349931; 0.334738 0.30171 0.308956 0.352023 0.334979 0.276621 0.287653 0.320554 0.726741 0.320709 1.0 0.348455 0.380358 0.32479 0.602743 0.455427 0.468148 0.419443 0.386528 0.478268 0.41089 0.756925 0.464158 0.466537 0.260784 0.465346 0.406157 0.588774 0.340276 0.292464; 0.459033 0.457097 0.292808 0.368197 0.321579 0.671337 0.39447 0.604427 0.35802 0.364786 0.348455 1.0 0.300298 0.433768 0.45455 0.600565 0.286615 0.428144 0.448838 0.437399 0.416787 0.36994 0.353632 0.337966 0.388038 0.448552 0.462218 0.319723 0.658792 0.334384; 0.489259 0.366281 0.603454 0.489971 0.291553 0.31564 0.317255 0.331176 0.405696 0.449984 0.380358 0.300298 1.0 0.346285 0.366651 0.390524 0.399237 0.417134 0.268501 0.256699 0.437449 0.413345 0.471156 0.366533 0.318238 0.572501 0.406485 0.37353 0.380253 0.499297; 0.479889 0.482752 0.43134 0.302931 0.228908 0.431389 0.373633 0.346751 0.294591 0.666569 0.32479 0.433768 0.346285 1.0 0.42621 0.377837 0.275213 0.34504 0.342628 0.362257 0.287391 0.345343 0.329233 0.2374 0.446075 0.387411 0.535035 0.279125 0.385627 0.278933; 0.444224 0.403301 0.36254 0.372867 0.415048 0.370545 0.43984 0.392506 0.606384 0.414883 0.602743 0.45455 0.366651 0.42621 1.0 0.481931 0.433953 0.473274 0.397704 0.452887 0.355793 0.584516 0.36881 0.419882 0.397426 0.432509 0.410822 0.604485 0.404292 0.328387; 0.480098 0.473862 0.317229 0.529102 0.314605 0.529104 0.370736 0.663578 0.471031 0.355855 0.455427 0.600565 0.390524 0.377837 0.481931 1.0 0.315949 0.604052 0.573182 0.498165 0.600895 0.526563 0.453171 0.520018 0.34679 0.631349 0.537413 0.403996 0.587885 0.430324; 0.303434 0.225772 0.352172 0.27324 0.453096 0.237007 0.252091 0.244164 0.511128 0.300579 0.468148 0.286615 0.399237 0.275213 0.433953 0.315949 1.0 0.280245 0.211947 0.262297 0.345179 0.388426 0.434607 0.307925 0.231112 0.382959 0.285464 0.442378 0.337376 0.27403; 0.547573 0.561438 0.352671 0.701803 0.306847 0.44481 0.473182 0.582115 0.461904 0.374966 0.419443 0.428144 0.417134 0.34504 0.473274 0.604052 0.280245 1.0 0.498369 0.378738 0.435814 0.525864 0.33823 0.599054 0.422309 0.511537 0.427189 0.467728 0.419589 0.540267; 0.349544 0.429626 0.229867 0.386593 0.20453 0.398192 0.301638 0.483503 0.352262 0.29337 0.386528 0.448838 0.268501 0.342628 0.397704 0.573182 0.211947 0.498369 1.0 0.61058 0.384254 0.470312 0.319979 0.408392 0.292361 0.414574 0.494083 0.318532 0.359377 0.290279; 0.297634 0.329656 0.223767 0.294379 0.218797 0.332244 0.255584 0.367 0.393016 0.288328 0.478268 0.437399 0.256699 0.362257 0.452887 0.498165 0.262297 0.378738 0.61058 1.0 0.368635 0.506467 0.372221 0.348605 0.248938 0.397322 0.497978 0.333155 0.346544 0.228828; 0.374919 0.32583 0.302024 0.470071 0.287374 0.378884 0.257275 0.455277 0.432693 0.289786 0.41089 0.416787 0.437449 0.287391 0.355793 0.600895 0.345179 0.435814 0.384254 0.368635 1.0 0.445758 0.596597 0.466639 0.242255 0.699957 0.454094 0.341035 0.524748 0.410734; 0.383667 0.364828 0.327909 0.433682 0.305683 0.311985 0.321349 0.376202 0.665138 0.347908 0.756925 0.36994 0.413345 0.345343 0.584516 0.526563 0.388426 0.525864 0.470312 0.506467 0.445758 1.0 0.453847 0.546369 0.293642 0.521407 0.461277 0.575347 0.357101 0.343553; 0.334932 0.279821 0.342034 0.348183 0.264746 0.303593 0.222568 0.321452 0.430989 0.327072 0.464158 0.353632 0.471156 0.329233 0.36881 0.453171 0.434607 0.33823 0.319979 0.372221 0.596597 0.453847 1.0 0.347653 0.220512 0.63135 0.491489 0.329106 0.428955 0.310932; 0.363385 0.339529 0.266965 0.548262 0.329928 0.310828 0.324962 0.435211 0.554859 0.255882 0.466537 0.337966 0.366533 0.2374 0.419882 0.520018 0.307925 0.599054 0.408392 0.348605 0.466639 0.546369 0.347653 1.0 0.271659 0.461023 0.32685 0.527263 0.354367 0.440338; 0.614405 0.610566 0.413183 0.376305 0.286549 0.465474 0.743534 0.406405 0.28204 0.508533 0.260784 0.388038 0.318238 0.446075 0.397426 0.34679 0.231112 0.422309 0.292361 0.248938 0.242255 0.293642 0.220512 0.271659 1.0 0.314563 0.323302 0.313331 0.354896 0.385396; 0.491957 0.418768 0.416031 0.53986 0.300567 0.427874 0.320476 0.477469 0.472165 0.407299 0.465346 0.448552 0.572501 0.387411 0.432509 0.631349 0.382959 0.511537 0.414574 0.397322 0.699957 0.521407 0.63135 0.461023 0.314563 1.0 0.578388 0.389006 0.543424 0.468805; 0.441565 0.457559 0.366897 0.390489 0.216049 0.43431 0.298508 0.421982 0.35469 0.464027 0.406157 0.462218 0.406485 0.535035 0.410822 0.537413 0.285464 0.427189 0.494083 0.497978 0.454094 0.461277 0.491489 0.32685 0.323302 0.578388 1.0 0.301966 0.444232 0.323123; 0.370231 0.317541 0.323343 0.395415 0.450464 0.275559 0.378024 0.330657 0.732511 0.308483 0.588774 0.319723 0.37353 0.279125 0.604485 0.403996 0.442378 0.467728 0.318532 0.333155 0.341035 0.575347 0.329106 0.527263 0.313331 0.389006 0.301966 1.0 0.319812 0.354234; 0.492303 0.415078 0.344313 0.418879 0.358578 0.616395 0.363309 0.576463 0.371211 0.367981 0.340276 0.658792 0.380253 0.385627 0.404292 0.587885 0.337376 0.419589 0.359377 0.346544 0.524748 0.357101 0.428955 0.354367 0.354896 0.543424 0.444232 0.319812 1.0 0.413176; 0.55912 0.446796 0.413499 0.719293 0.313541 0.399595 0.41964 0.46948 0.351074 0.349931 0.292464 0.334384 0.499297 0.278933 0.328387 0.430324 0.27403 0.540267 0.290279 0.228828 0.410734 0.343553 0.310932 0.440338 0.385396 0.468805 0.323123 0.354234 0.413176 1.0]
  MOD.kernelmatrix!(layout,K_tst_nn,F,X,true) = [1.0 0.670601 0.541782 0.547789 0.32457 0.550981 0.583099 0.517303 0.365379 0.581807 0.334738 0.459033 0.489259 0.479889 0.444224 0.480098 0.303434 0.547573 0.349544 0.297634 0.374919 0.383667 0.334932 0.363385 0.614405 0.491957 0.441565 0.370231 0.492303 0.55912; 0.670601 1.0 0.398077 0.49744 0.246045 0.566087 0.551469 0.542647 0.31019 0.508817 0.30171 0.457097 0.366281 0.482752 0.403301 0.473862 0.225772 0.561438 0.429626 0.329656 0.32583 0.364828 0.279821 0.339529 0.610566 0.418768 0.457559 0.317541 0.415078 0.446796; 0.541782 0.398077 1.0 0.381102 0.280628 0.323905 0.376731 0.295049 0.322966 0.624595 0.308956 0.292808 0.603454 0.43134 0.36254 0.317229 0.352172 0.352671 0.229867 0.223767 0.302024 0.327909 0.342034 0.266965 0.413183 0.416031 0.366897 0.323343 0.344313 0.413499; 0.547789 0.49744 0.381102 1.0 0.290059 0.415861 0.410244 0.532823 0.402399 0.356547 0.352023 0.368197 0.489971 0.302931 0.372867 0.529102 0.27324 0.701803 0.386593 0.294379 0.470071 0.433682 0.348183 0.548262 0.376305 0.53986 0.390489 0.395415 0.418879 0.719293; 0.32457 0.246045 0.280628 0.290059 1.0 0.279939 0.349891 0.297952 0.434324 0.251108 0.334979 0.321579 0.291553 0.228908 0.415048 0.314605 0.453096 0.306847 0.20453 0.218797 0.287374 0.305683 0.264746 0.329928 0.286549 0.300567 0.216049 0.450464 0.358578 0.313541; 0.550981 0.566087 0.323905 0.415861 0.279939 1.0 0.446079 0.669239 0.293673 0.397714 0.276621 0.671337 0.31564 0.431389 0.370545 0.529104 0.237007 0.44481 0.398192 0.332244 0.378884 0.311985 0.303593 0.310828 0.465474 0.427874 0.43431 0.275559 0.616395 0.399595; 0.583099 0.551469 0.376731 0.410244 0.349891 0.446079 1.0 0.434883 0.328053 0.424839 0.287653 0.39447 0.317255 0.373633 0.43984 0.370736 0.252091 0.473182 0.301638 0.255584 0.257275 0.321349 0.222568 0.324962 0.743534 0.320476 0.298508 0.378024 0.363309 0.41964; 0.517303 0.542647 0.295049 0.532823 0.297952 0.669239 0.434883 1.0 0.352677 0.335955 0.320554 0.604427 0.331176 0.346751 0.392506 0.663578 0.244164 0.582115 0.483503 0.367 0.455277 0.376202 0.321452 0.435211 0.406405 0.477469 0.421982 0.330657 0.576463 0.46948; 0.365379 0.31019 0.322966 0.402399 0.434324 0.293673 0.328053 0.352677 1.0 0.310128 0.726741 0.35802 0.405696 0.294591 0.606384 0.471031 0.511128 0.461904 0.352262 0.393016 0.432693 0.665138 0.430989 0.554859 0.28204 0.472165 0.35469 0.732511 0.371211 0.351074; 0.581807 0.508817 0.624595 0.356547 0.251108 0.397714 0.424839 0.335955 0.310128 1.0 0.320709 0.364786 0.449984 0.666569 0.414883 0.355855 0.300579 0.374966 0.29337 0.288328 0.289786 0.347908 0.327072 0.255882 0.508533 0.407299 0.464027 0.308483 0.367981 0.349931; 0.334738 0.30171 0.308956 0.352023 0.334979 0.276621 0.287653 0.320554 0.726741 0.320709 1.0 0.348455 0.380358 0.32479 0.602743 0.455427 0.468148 0.419443 0.386528 0.478268 0.41089 0.756925 0.464158 0.466537 0.260784 0.465346 0.406157 0.588774 0.340276 0.292464; 0.459033 0.457097 0.292808 0.368197 0.321579 0.671337 0.39447 0.604427 0.35802 0.364786 0.348455 1.0 0.300298 0.433768 0.45455 0.600565 0.286615 0.428144 0.448838 0.437399 0.416787 0.36994 0.353632 0.337966 0.388038 0.448552 0.462218 0.319723 0.658792 0.334384; 0.489259 0.366281 0.603454 0.489971 0.291553 0.31564 0.317255 0.331176 0.405696 0.449984 0.380358 0.300298 1.0 0.346285 0.366651 0.390524 0.399237 0.417134 0.268501 0.256699 0.437449 0.413345 0.471156 0.366533 0.318238 0.572501 0.406485 0.37353 0.380253 0.499297; 0.479889 0.482752 0.43134 0.302931 0.228908 0.431389 0.373633 0.346751 0.294591 0.666569 0.32479 0.433768 0.346285 1.0 0.42621 0.377837 0.275213 0.34504 0.342628 0.362257 0.287391 0.345343 0.329233 0.2374 0.446075 0.387411 0.535035 0.279125 0.385627 0.278933; 0.444224 0.403301 0.36254 0.372867 0.415048 0.370545 0.43984 0.392506 0.606384 0.414883 0.602743 0.45455 0.366651 0.42621 1.0 0.481931 0.433953 0.473274 0.397704 0.452887 0.355793 0.584516 0.36881 0.419882 0.397426 0.432509 0.410822 0.604485 0.404292 0.328387; 0.480098 0.473862 0.317229 0.529102 0.314605 0.529104 0.370736 0.663578 0.471031 0.355855 0.455427 0.600565 0.390524 0.377837 0.481931 1.0 0.315949 0.604052 0.573182 0.498165 0.600895 0.526563 0.453171 0.520018 0.34679 0.631349 0.537413 0.403996 0.587885 0.430324; 0.303434 0.225772 0.352172 0.27324 0.453096 0.237007 0.252091 0.244164 0.511128 0.300579 0.468148 0.286615 0.399237 0.275213 0.433953 0.315949 1.0 0.280245 0.211947 0.262297 0.345179 0.388426 0.434607 0.307925 0.231112 0.382959 0.285464 0.442378 0.337376 0.27403; 0.547573 0.561438 0.352671 0.701803 0.306847 0.44481 0.473182 0.582115 0.461904 0.374966 0.419443 0.428144 0.417134 0.34504 0.473274 0.604052 0.280245 1.0 0.498369 0.378738 0.435814 0.525864 0.33823 0.599054 0.422309 0.511537 0.427189 0.467728 0.419589 0.540267; 0.349544 0.429626 0.229867 0.386593 0.20453 0.398192 0.301638 0.483503 0.352262 0.29337 0.386528 0.448838 0.268501 0.342628 0.397704 0.573182 0.211947 0.498369 1.0 0.61058 0.384254 0.470312 0.319979 0.408392 0.292361 0.414574 0.494083 0.318532 0.359377 0.290279; 0.297634 0.329656 0.223767 0.294379 0.218797 0.332244 0.255584 0.367 0.393016 0.288328 0.478268 0.437399 0.256699 0.362257 0.452887 0.498165 0.262297 0.378738 0.61058 1.0 0.368635 0.506467 0.372221 0.348605 0.248938 0.397322 0.497978 0.333155 0.346544 0.228828; 0.374919 0.32583 0.302024 0.470071 0.287374 0.378884 0.257275 0.455277 0.432693 0.289786 0.41089 0.416787 0.437449 0.287391 0.355793 0.600895 0.345179 0.435814 0.384254 0.368635 1.0 0.445758 0.596597 0.466639 0.242255 0.699957 0.454094 0.341035 0.524748 0.410734; 0.383667 0.364828 0.327909 0.433682 0.305683 0.311985 0.321349 0.376202 0.665138 0.347908 0.756925 0.36994 0.413345 0.345343 0.584516 0.526563 0.388426 0.525864 0.470312 0.506467 0.445758 1.0 0.453847 0.546369 0.293642 0.521407 0.461277 0.575347 0.357101 0.343553; 0.334932 0.279821 0.342034 0.348183 0.264746 0.303593 0.222568 0.321452 0.430989 0.327072 0.464158 0.353632 0.471156 0.329233 0.36881 0.453171 0.434607 0.33823 0.319979 0.372221 0.596597 0.453847 1.0 0.347653 0.220512 0.63135 0.491489 0.329106 0.428955 0.310932; 0.363385 0.339529 0.266965 0.548262 0.329928 0.310828 0.324962 0.435211 0.554859 0.255882 0.466537 0.337966 0.366533 0.2374 0.419882 0.520018 0.307925 0.599054 0.408392 0.348605 0.466639 0.546369 0.347653 1.0 0.271659 0.461023 0.32685 0.527263 0.354367 0.440338; 0.614405 0.610566 0.413183 0.376305 0.286549 0.465474 0.743534 0.406405 0.28204 0.508533 0.260784 0.388038 0.318238 0.446075 0.397426 0.34679 0.231112 0.422309 0.292361 0.248938 0.242255 0.293642 0.220512 0.271659 1.0 0.314563 0.323302 0.313331 0.354896 0.385396; 0.491957 0.418768 0.416031 0.53986 0.300567 0.427874 0.320476 0.477469 0.472165 0.407299 0.465346 0.448552 0.572501 0.387411 0.432509 0.631349 0.382959 0.511537 0.414574 0.397322 0.699957 0.521407 0.63135 0.461023 0.314563 1.0 0.578388 0.389006 0.543424 0.468805; 0.441565 0.457559 0.366897 0.390489 0.216049 0.43431 0.298508 0.421982 0.35469 0.464027 0.406157 0.462218 0.406485 0.535035 0.410822 0.537413 0.285464 0.427189 0.494083 0.497978 0.454094 0.461277 0.491489 0.32685 0.323302 0.578388 1.0 0.301966 0.444232 0.323123; 0.370231 0.317541 0.323343 0.395415 0.450464 0.275559 0.378024 0.330657 0.732511 0.308483 0.588774 0.319723 0.37353 0.279125 0.604485 0.403996 0.442378 0.467728 0.318532 0.333155 0.341035 0.575347 0.329106 0.527263 0.313331 0.389006 0.301966 1.0 0.319812 0.354234; 0.492303 0.415078 0.344313 0.418879 0.358578 0.616395 0.363309 0.576463 0.371211 0.367981 0.340276 0.658792 0.380253 0.385627 0.404292 0.587885 0.337376 0.419589 0.359377 0.346544 0.524748 0.357101 0.428955 0.354367 0.354896 0.543424 0.444232 0.319812 1.0 0.413176; 0.55912 0.446796 0.413499 0.719293 0.313541 0.399595 0.41964 0.46948 0.351074 0.349931 0.292464 0.334384 0.499297 0.278933 0.328387 0.430324 0.27403 0.540267 0.290279 0.228828 0.410734 0.343553 0.310932 0.440338 0.385396 0.468805 0.323123 0.354234 0.413176 1.0]
  difference = 2.1073424005813024e-8 > 1.9984014443252818e-9
 in test_approx_eq(::Array{Float64,2}, ::Array{Float64,2}, ::Float64, ::String, ::String) at ./test.jl:865
 in macro expansion; at /home/vagrant/.julia/v0.5/MLKernels/test/kernelmatrix.jl:74 [inlined]
 in anonymous at ./<missing>:?
 in include_from_node1(::String) at ./loading.jl:488 (repeats 2 times)
 in process_options(::Base.JLOptions) at ./client.jl:265
 in _start() at ./client.jl:321
while loading /home/vagrant/.julia/v0.5/MLKernels/test/kernelmatrix.jl, in expression starting on line 59
while loading /home/vagrant/.julia/v0.5/MLKernels/test/runtests.jl, in expression starting on line 30
==============================[ ERROR: MLKernels ]==============================

failed process: Process(`/home/vagrant/julia/bin/julia -Cx86-64 -J/home/vagrant/julia/lib/julia/sys.so --compile=yes --depwarn=yes --check-bounds=yes --code-coverage=none --color=no --compilecache=yes /home/vagrant/.julia/v0.5/MLKernels/test/runtests.jl`, ProcessExited(1)) [1]

================================================================================
ERROR: MLKernels had test errors
 in #test#61(::Bool, ::Function, ::Array{AbstractString,1}) at ./pkg/entry.jl:748
 in (::Base.Pkg.Entry.#kw##test)(::Array{Any,1}, ::Base.Pkg.Entry.#test, ::Array{AbstractString,1}) at ./<missing>:0
 in (::Base.Pkg.Dir.##2#3{Array{Any,1},Base.Pkg.Entry.#test,Tuple{Array{AbstractString,1}}})() at ./pkg/dir.jl:31
 in cd(::Base.Pkg.Dir.##2#3{Array{Any,1},Base.Pkg.Entry.#test,Tuple{Array{AbstractString,1}}}, ::String) at ./file.jl:59
 in #cd#1(::Array{Any,1}, ::Function, ::Function, ::Array{AbstractString,1}, ::Vararg{Array{AbstractString,1},N}) at ./pkg/dir.jl:31
 in (::Base.Pkg.Dir.#kw##cd)(::Array{Any,1}, ::Base.Pkg.Dir.#cd, ::Function, ::Array{AbstractString,1}, ::Vararg{Array{AbstractString,1},N}) at ./<missing>:0
 in #test#3(::Bool, ::Function, ::String, ::Vararg{String,N}) at ./pkg/pkg.jl:258
 in test(::String, ::Vararg{String,N}) at ./pkg/pkg.jl:258
 in eval(::Module, ::Any) at ./boot.jl:234
 in process_options(::Base.JLOptions) at ./client.jl:242
 in _start() at ./client.jl:321

>>> End of log
