>>> 'Pkg.add("MLKernels")' log
INFO: Cloning cache of MLKernels from https://github.com/trthatcher/MLKernels.jl.git
INFO: Installing MLKernels v0.2.0
INFO: Package database updated

>>> 'Pkg.test("MLKernels")' log
Julia Version 0.5.2
Commit f4c6c9d (2017-05-06 16:34 UTC)
Platform Info:
  OS: Linux (x86_64-pc-linux-gnu)
  CPU: Intel(R) Xeon(R) CPU E3-1241 v3 @ 3.50GHz
  WORD_SIZE: 64
           Ubuntu 14.04.5 LTS
  uname: Linux 3.13.0-135-generic #184-Ubuntu SMP Wed Oct 18 11:55:51 UTC 2017 x86_64 x86_64
Memory: 2.93927001953125 GB (1101.84765625 MB free)
Uptime: 13964.0 sec
Load Avg:  1.0751953125  1.02978515625  1.029296875
Intel(R) Xeon(R) CPU E3-1241 v3 @ 3.50GHz: 
       speed         user         nice          sys         idle          irq
#1  3500 MHz     803168 s         98 s      84680 s     343093 s         13 s
#2  3500 MHz     231290 s         40 s      35330 s    1101962 s          0 s

  BLAS: libopenblas (USE64BITINT DYNAMIC_ARCH NO_AFFINITY Nehalem)
  LAPACK: libopenblas64_
  LIBM: libopenlibm
  LLVM: libLLVM-3.7.1 (ORCJIT, haswell)
Environment:
  TERM = vt100
  LD_LIBRARY_PATH = :/usr/local/lib/
  PATH = /usr/local/sbin:/usr/local/bin:/usr/sbin:/usr/bin:/sbin:/bin:/usr/games:/usr/local/games:/home/vagrant/julia/bin/
  JAVA_HOME = /usr/lib/jvm/java-8-openjdk-amd64
  HOME = /home/vagrant

Package Directory: /home/vagrant/.julia/v0.5
2 required packages:
 - JSON                          0.14.0
 - MLKernels                     0.2.0
1 additional packages:
 - Compat                        0.37.0
INFO: Testing MLKernels
INFO: Testing MLKernels.HyperParameters.OpenBound{T<:Real}
INFO: Testing MLKernels.HyperParameters.ClosedBound{T<:Real}
INFO: Testing MLKernels.HyperParameters.NullBound{T<:Real}
INFO: Testing MLKernels.HyperParameters.Interval{T<:Real,A<:MLKernels.HyperParameters.Bound,B<:MLKernels.HyperParameters.Bound}
INFO: Testing MLKernels.HyperParameters.interval
INFO: Testing MLKernels.HyperParameters.checkvalue
INFO: Testing MLKernels.HyperParameters.lowerboundtheta
INFO: Testing MLKernels.HyperParameters.upperboundtheta
INFO: Testing MLKernels.HyperParameters.theta
INFO: Testing MLKernels.HyperParameters.eta
INFO: Testing MLKernels.HyperParameters.HyperParameter{T<:Real}
INFO: Testing MLKernels.PairwiseFunctions.dotvectors!
INFO: Testing MLKernels.PairwiseFunctions.gramian!
INFO: Testing MLKernels.PairwiseFunctions.squared_distance!
INFO: Testing MLKernels.PairwiseFunctions.SquaredEuclidean
INFO: Testing MLKernels.PairwiseFunctions.SineSquared
INFO: Testing MLKernels.PairwiseFunctions.ChiSquared
INFO: Testing MLKernels.PairwiseFunctions.ScalarProduct
INFO: Testing MLKernels.PairwiseFunctions.unsafe_pairwise
INFO: Testing MLKernels.PairwiseFunctions.pairwise
INFO: Testing MLKernels.PairwiseFunctions.allocate_pairwisematrix
INFO: Testing MLKernels.PairwiseFunctions.checkdimensions
INFO: Testing MLKernels.PairwiseFunctions.pairwisematrix!
INFO: Testing MLKernels.ExponentialKernel{T<:AbstractFloat}
INFO: Testing MLKernels.SquaredExponentialKernel{T<:AbstractFloat}
INFO: Testing MLKernels.GammaExponentialKernel{T<:AbstractFloat}
INFO: Testing MLKernels.RationalQuadraticKernel{T<:AbstractFloat}
INFO: Testing MLKernels.GammaRationalKernel{T<:AbstractFloat}
INFO: Testing MLKernels.MaternKernel{T<:AbstractFloat}
INFO: Testing MLKernels.LinearKernel{T<:AbstractFloat}
INFO: Testing MLKernels.PolynomialKernel{T<:AbstractFloat,U<:Integer}
INFO: Testing MLKernels.ExponentiatedKernel{T<:AbstractFloat}
INFO: Testing MLKernels.PeriodicKernel{T<:AbstractFloat}
INFO: Testing MLKernels.PowerKernel{T<:AbstractFloat}
INFO: Testing MLKernels.LogKernel{T<:AbstractFloat}
INFO: Testing MLKernels.SigmoidKernel{T<:AbstractFloat}
INFO: Testing MLKernels.kappa
INFO: Testing MLKernels.HyperParameters.gettheta
INFO: Testing MLKernels.HyperParameters.settheta!
INFO: Testing MLKernels.HyperParameters.checktheta
INFO: Testing MLKernels.kernel
INFO: Testing MLKernels.kappamatrix!
INFO: Testing MLKernels.symmetric_kappamatrix!
INFO: Testing MLKernels.kernelmatrix!
ERROR: LoadError: LoadError: assertion failed: |K - MOD.kernelmatrix!(layout,K_tst_nn,F,X,true)| <= 1.9984014443252818e-9
  K = [1.0 0.43774 0.389393 0.642606 0.348772 0.571288 0.498561 0.436258 0.418428 0.317732 0.308687 0.259085 0.539584 0.317018 0.455192 0.427713 0.279285 0.375088 0.466449 0.424259 0.466925 0.526212 0.607664 0.464041 0.477479 0.351911 0.297562 0.539409 0.28979 0.467848; 0.43774 1.0 0.291827 0.544521 0.429137 0.478675 0.32995 0.351263 0.516801 0.403048 0.331742 0.332354 0.641915 0.380915 0.380015 0.66281 0.31557 0.36563 0.37054 0.359402 0.343186 0.3659 0.467968 0.327744 0.357771 0.435924 0.280051 0.35296 0.403358 0.299866; 0.389393 0.291827 1.0 0.398504 0.285668 0.376916 0.413032 0.54716 0.41133 0.312865 0.366902 0.324901 0.305565 0.501702 0.45312 0.306016 0.348405 0.58195 0.269639 0.586998 0.321909 0.355608 0.354062 0.54956 0.357434 0.410141 0.367702 0.488252 0.240177 0.399912; 0.642606 0.544521 0.398504 1.0 0.35235 0.466126 0.389978 0.400776 0.546148 0.314846 0.339238 0.272846 0.676282 0.399037 0.384941 0.539824 0.328918 0.459674 0.412906 0.404298 0.452294 0.38335 0.496518 0.38299 0.364535 0.410433 0.313734 0.540627 0.361999 0.349793; 0.348772 0.429137 0.285668 0.35235 1.0 0.415397 0.388939 0.338405 0.461528 0.688781 0.48218 0.559694 0.43919 0.305505 0.472043 0.303567 0.481837 0.278825 0.404918 0.432884 0.400926 0.375214 0.487416 0.346773 0.451247 0.435237 0.474678 0.385225 0.364416 0.411618; 0.571288 0.478675 0.376916 0.466126 0.415397 1.0 0.515623 0.545536 0.403932 0.445246 0.334491 0.34586 0.446311 0.350207 0.641309 0.448009 0.274922 0.368895 0.433795 0.506162 0.371406 0.747682 0.62115 0.583748 0.628195 0.413298 0.287878 0.401961 0.292057 0.522397; 0.498561 0.32995 0.413032 0.389978 0.388939 0.515623 1.0 0.408415 0.327774 0.394775 0.292996 0.335997 0.356084 0.278657 0.58956 0.309211 0.306106 0.30112 0.315985 0.468339 0.328628 0.574107 0.648053 0.551535 0.691606 0.300494 0.380658 0.436705 0.201733 0.710803; 0.436258 0.351263 0.54716 0.400776 0.338405 0.545536 0.408415 1.0 0.432274 0.391997 0.413956 0.361486 0.33878 0.489851 0.5953 0.348164 0.302072 0.530206 0.374401 0.695519 0.367791 0.500683 0.402331 0.696983 0.445435 0.519278 0.304453 0.434502 0.301936 0.452811; 0.418428 0.516801 0.41133 0.546148 0.461528 0.403932 0.327774 0.432274 1.0 0.423452 0.567759 0.4085 0.559311 0.540395 0.406645 0.422708 0.505823 0.520748 0.42176 0.494346 0.486404 0.325974 0.40455 0.369079 0.334113 0.662627 0.414169 0.524099 0.541657 0.327056; 0.317732 0.403048 0.312865 0.314846 0.688781 0.445246 0.394775 0.391997 0.423452 1.0 0.464533 0.708704 0.360401 0.342913 0.552373 0.305825 0.427582 0.299499 0.341645 0.491461 0.32537 0.404824 0.448079 0.402173 0.479357 0.46413 0.424636 0.337709 0.319925 0.423147; 0.308687 0.331742 0.366902 0.339238 0.48218 0.334491 0.292996 0.413956 0.567759 0.464533 1.0 0.492409 0.36039 0.42804 0.406619 0.258405 0.557267 0.392919 0.406051 0.522831 0.470708 0.295502 0.327758 0.353303 0.319174 0.630992 0.468888 0.451638 0.4731 0.335857; 0.259085 0.332354 0.324901 0.272846 0.559694 0.34586 0.335997 0.361486 0.4085 0.708704 0.492409 1.0 0.299163 0.367103 0.465485 0.260471 0.491748 0.305507 0.274728 0.478261 0.285165 0.314807 0.350474 0.360601 0.376576 0.46164 0.46863 0.315475 0.297579 0.356621; 0.539584 0.641915 0.305565 0.676282 0.43919 0.446311 0.356084 0.33878 0.559311 0.360401 0.36039 0.299163 1.0 0.341113 0.366943 0.502865 0.35388 0.357825 0.466738 0.36331 0.47721 0.361889 0.51298 0.323414 0.36228 0.411273 0.32541 0.470179 0.429137 0.330609; 0.317018 0.380915 0.501702 0.399037 0.305505 0.350207 0.278657 0.489851 0.540395 0.342913 0.42804 0.367103 0.341113 1.0 0.374072 0.388631 0.366791 0.732891 0.271612 0.493723 0.300946 0.285609 0.296189 0.390388 0.277502 0.600217 0.310077 0.375391 0.35865 0.273101; 0.455192 0.380015 0.45312 0.384941 0.472043 0.641309 0.58956 0.5953 0.406645 0.552373 0.406619 0.465485 0.366943 0.374072 1.0 0.338303 0.345739 0.375927 0.381014 0.674398 0.365227 0.647986 0.564211 0.709905 0.70313 0.443234 0.384313 0.430737 0.271444 0.658576; 0.427713 0.66281 0.306016 0.539824 0.303567 0.448009 0.309211 0.348164 0.422708 0.305825 0.258405 0.260471 0.502865 0.388631 0.338303 1.0 0.246615 0.394863 0.291406 0.324878 0.27486 0.344225 0.402107 0.326009 0.314887 0.36654 0.224037 0.313734 0.308389 0.266105; 0.279285 0.31557 0.348405 0.328918 0.481837 0.274922 0.306106 0.302072 0.505823 0.427582 0.557267 0.491748 0.35388 0.366791 0.345739 0.246615 1.0 0.333055 0.290923 0.416734 0.37274 0.245316 0.327536 0.293139 0.292831 0.43409 0.69257 0.433958 0.344775 0.309354; 0.375088 0.36563 0.58195 0.459674 0.278825 0.368895 0.30112 0.530206 0.520748 0.299499 0.392919 0.305507 0.357825 0.732891 0.375927 0.394863 0.333055 1.0 0.29362 0.499395 0.334056 0.307477 0.313164 0.425189 0.287537 0.528826 0.297323 0.436012 0.336359 0.29346; 0.466449 0.37054 0.269639 0.412906 0.404918 0.433795 0.315985 0.374401 0.42176 0.341645 0.406051 0.274728 0.466738 0.271612 0.381014 0.291406 0.290923 0.29362 1.0 0.380218 0.658403 0.397132 0.417412 0.339585 0.371868 0.400447 0.283304 0.44583 0.430703 0.369666; 0.424259 0.359402 0.586998 0.404298 0.432884 0.506162 0.468339 0.695519 0.494346 0.491461 0.522831 0.478261 0.36331 0.493723 0.674398 0.324878 0.416734 0.499395 0.380218 1.0 0.40876 0.473969 0.447527 0.663746 0.490703 0.561691 0.432519 0.50889 0.318504 0.522169; 0.466925 0.343186 0.321909 0.452294 0.400926 0.371406 0.328628 0.367791 0.486404 0.32537 0.470708 0.285165 0.47721 0.300946 0.365227 0.27486 0.37274 0.334056 0.658403 0.40876 1.0 0.341741 0.402626 0.337806 0.342964 0.415099 0.364092 0.603421 0.430786 0.371892; 0.526212 0.3659 0.355608 0.38335 0.375214 0.747682 0.574107 0.500683 0.325974 0.404824 0.295502 0.314807 0.361889 0.285609 0.647986 0.344225 0.245316 0.307477 0.397132 0.473969 0.341741 1.0 0.597074 0.607632 0.727396 0.337611 0.276079 0.375297 0.233797 0.619245; 0.607664 0.467968 0.354062 0.496518 0.487416 0.62115 0.648053 0.402331 0.40455 0.448079 0.327758 0.350474 0.51298 0.296189 0.564211 0.402107 0.327536 0.313164 0.417412 0.447527 0.402626 0.597074 1.0 0.474977 0.666688 0.351208 0.367796 0.461573 0.271181 0.578329; 0.464041 0.327744 0.54956 0.38299 0.346773 0.583748 0.551535 0.696983 0.369079 0.402173 0.353303 0.360601 0.323414 0.390388 0.709905 0.326009 0.293139 0.425189 0.339585 0.663746 0.337806 0.607632 0.474977 1.0 0.571672 0.405302 0.327049 0.43268 0.238508 0.595442; 0.477479 0.357771 0.357434 0.364535 0.451247 0.628195 0.691606 0.445435 0.334113 0.479357 0.319174 0.376576 0.36228 0.277502 0.70313 0.314887 0.292831 0.287537 0.371868 0.490703 0.342964 0.727396 0.666688 0.571672 1.0 0.334008 0.345775 0.391693 0.228166 0.739415; 0.351911 0.435924 0.410141 0.410433 0.435237 0.413298 0.300494 0.519278 0.662627 0.46413 0.630992 0.46164 0.411273 0.600217 0.443234 0.36654 0.43409 0.528826 0.400447 0.561691 0.415099 0.337611 0.351208 0.405302 0.334008 1.0 0.360163 0.423276 0.519199 0.324273; 0.297562 0.280051 0.367702 0.313734 0.474678 0.287878 0.380658 0.304453 0.414169 0.424636 0.468888 0.46863 0.32541 0.310077 0.384313 0.224037 0.69257 0.297323 0.283304 0.432519 0.364092 0.276079 0.367796 0.327049 0.345775 0.360163 1.0 0.457785 0.266623 0.384525; 0.539409 0.35296 0.488252 0.540627 0.385225 0.401961 0.436705 0.434502 0.524099 0.337709 0.451638 0.315475 0.470179 0.375391 0.430737 0.313734 0.433958 0.436012 0.44583 0.50889 0.603421 0.375297 0.461573 0.43268 0.391693 0.423276 0.457785 1.0 0.336946 0.446375; 0.28979 0.403358 0.240177 0.361999 0.364416 0.292057 0.201733 0.301936 0.541657 0.319925 0.4731 0.297579 0.429137 0.35865 0.271444 0.308389 0.344775 0.336359 0.430703 0.318504 0.430786 0.233797 0.271181 0.238508 0.228166 0.519199 0.266623 0.336946 1.0 0.217546; 0.467848 0.299866 0.399912 0.349793 0.411618 0.522397 0.710803 0.452811 0.327056 0.423147 0.335857 0.356621 0.330609 0.273101 0.658576 0.266105 0.309354 0.29346 0.369666 0.522169 0.371892 0.619245 0.578329 0.595442 0.739415 0.324273 0.384525 0.446375 0.217546 1.0]
  MOD.kernelmatrix!(layout,K_tst_nn,F,X,true) = [1.0 0.43774 0.389393 0.642606 0.348772 0.571288 0.498561 0.436258 0.418428 0.317732 0.308687 0.259085 0.539584 0.317018 0.455192 0.427713 0.279285 0.375088 0.466449 0.424259 0.466925 0.526212 0.607664 0.464041 0.477479 0.351911 0.297562 0.539409 0.28979 0.467848; 0.43774 1.0 0.291827 0.544521 0.429137 0.478675 0.32995 0.351263 0.516801 0.403048 0.331742 0.332354 0.641915 0.380915 0.380015 0.66281 0.31557 0.36563 0.37054 0.359402 0.343186 0.3659 0.467968 0.327744 0.357771 0.435924 0.280051 0.35296 0.403358 0.299866; 0.389393 0.291827 1.0 0.398504 0.285668 0.376916 0.413032 0.54716 0.41133 0.312865 0.366902 0.324901 0.305565 0.501702 0.45312 0.306016 0.348405 0.58195 0.269639 0.586998 0.321909 0.355608 0.354062 0.54956 0.357434 0.410141 0.367702 0.488252 0.240177 0.399912; 0.642606 0.544521 0.398504 1.0 0.35235 0.466126 0.389978 0.400776 0.546148 0.314846 0.339238 0.272846 0.676282 0.399037 0.384941 0.539824 0.328918 0.459674 0.412906 0.404298 0.452294 0.38335 0.496518 0.38299 0.364535 0.410433 0.313734 0.540627 0.361999 0.349793; 0.348772 0.429137 0.285668 0.35235 1.0 0.415397 0.388939 0.338405 0.461528 0.688781 0.48218 0.559694 0.43919 0.305505 0.472043 0.303567 0.481837 0.278825 0.404918 0.432884 0.400926 0.375214 0.487416 0.346773 0.451247 0.435237 0.474678 0.385225 0.364416 0.411618; 0.571288 0.478675 0.376916 0.466126 0.415397 1.0 0.515623 0.545536 0.403932 0.445246 0.334491 0.34586 0.446311 0.350207 0.641309 0.448009 0.274922 0.368895 0.433795 0.506162 0.371406 0.747682 0.62115 0.583748 0.628195 0.413298 0.287878 0.401961 0.292057 0.522397; 0.498561 0.32995 0.413032 0.389978 0.388939 0.515623 1.0 0.408415 0.327774 0.394775 0.292996 0.335997 0.356084 0.278657 0.58956 0.309211 0.306106 0.30112 0.315985 0.468339 0.328628 0.574107 0.648053 0.551535 0.691606 0.300494 0.380658 0.436705 0.201733 0.710803; 0.436258 0.351263 0.54716 0.400776 0.338405 0.545536 0.408415 1.0 0.432274 0.391997 0.413956 0.361486 0.33878 0.489851 0.5953 0.348164 0.302072 0.530206 0.374401 0.695519 0.367791 0.500683 0.402331 0.696983 0.445435 0.519278 0.304453 0.434502 0.301936 0.452811; 0.418428 0.516801 0.41133 0.546148 0.461528 0.403932 0.327774 0.432274 1.0 0.423452 0.567759 0.4085 0.559311 0.540395 0.406645 0.422708 0.505823 0.520748 0.42176 0.494346 0.486404 0.325974 0.40455 0.369079 0.334113 0.662627 0.414169 0.524099 0.541657 0.327056; 0.317732 0.403048 0.312865 0.314846 0.688781 0.445246 0.394775 0.391997 0.423452 1.0 0.464533 0.708704 0.360401 0.342913 0.552373 0.305825 0.427582 0.299499 0.341645 0.491461 0.32537 0.404824 0.448079 0.402173 0.479357 0.46413 0.424636 0.337709 0.319925 0.423147; 0.308687 0.331742 0.366902 0.339238 0.48218 0.334491 0.292996 0.413956 0.567759 0.464533 1.0 0.492409 0.36039 0.42804 0.406619 0.258405 0.557267 0.392919 0.406051 0.522831 0.470708 0.295502 0.327758 0.353303 0.319174 0.630992 0.468888 0.451638 0.4731 0.335857; 0.259085 0.332354 0.324901 0.272846 0.559694 0.34586 0.335997 0.361486 0.4085 0.708704 0.492409 1.0 0.299163 0.367103 0.465485 0.260471 0.491748 0.305507 0.274728 0.478261 0.285165 0.314807 0.350474 0.360601 0.376576 0.46164 0.46863 0.315475 0.297579 0.356621; 0.539584 0.641915 0.305565 0.676282 0.43919 0.446311 0.356084 0.33878 0.559311 0.360401 0.36039 0.299163 1.0 0.341113 0.366943 0.502865 0.35388 0.357825 0.466738 0.36331 0.47721 0.361889 0.51298 0.323414 0.36228 0.411273 0.32541 0.470179 0.429137 0.330609; 0.317018 0.380915 0.501702 0.399037 0.305505 0.350207 0.278657 0.489851 0.540395 0.342913 0.42804 0.367103 0.341113 1.0 0.374072 0.388631 0.366791 0.732891 0.271612 0.493723 0.300946 0.285609 0.296189 0.390388 0.277502 0.600217 0.310077 0.375391 0.35865 0.273101; 0.455192 0.380015 0.45312 0.384941 0.472043 0.641309 0.58956 0.5953 0.406645 0.552373 0.406619 0.465485 0.366943 0.374072 1.0 0.338303 0.345739 0.375927 0.381014 0.674398 0.365227 0.647986 0.564211 0.709905 0.70313 0.443234 0.384313 0.430737 0.271444 0.658576; 0.427713 0.66281 0.306016 0.539824 0.303567 0.448009 0.309211 0.348164 0.422708 0.305825 0.258405 0.260471 0.502865 0.388631 0.338303 1.0 0.246615 0.394863 0.291406 0.324878 0.27486 0.344225 0.402107 0.326009 0.314887 0.36654 0.224037 0.313734 0.308389 0.266105; 0.279285 0.31557 0.348405 0.328918 0.481837 0.274922 0.306106 0.302072 0.505823 0.427582 0.557267 0.491748 0.35388 0.366791 0.345739 0.246615 1.0 0.333055 0.290923 0.416734 0.37274 0.245316 0.327536 0.293139 0.292831 0.43409 0.69257 0.433958 0.344775 0.309354; 0.375088 0.36563 0.58195 0.459674 0.278825 0.368895 0.30112 0.530206 0.520748 0.299499 0.392919 0.305507 0.357825 0.732891 0.375927 0.394863 0.333055 1.0 0.29362 0.499395 0.334056 0.307477 0.313164 0.425189 0.287537 0.528826 0.297323 0.436012 0.336359 0.29346; 0.466449 0.37054 0.269639 0.412906 0.404918 0.433795 0.315985 0.374401 0.42176 0.341645 0.406051 0.274728 0.466738 0.271612 0.381014 0.291406 0.290923 0.29362 1.0 0.380218 0.658403 0.397132 0.417412 0.339585 0.371868 0.400447 0.283304 0.44583 0.430703 0.369666; 0.424259 0.359402 0.586998 0.404298 0.432884 0.506162 0.468339 0.695519 0.494346 0.491461 0.522831 0.478261 0.36331 0.493723 0.674398 0.324878 0.416734 0.499395 0.380218 1.0 0.40876 0.473969 0.447527 0.663746 0.490703 0.561691 0.432519 0.50889 0.318504 0.522169; 0.466925 0.343186 0.321909 0.452294 0.400926 0.371406 0.328628 0.367791 0.486404 0.32537 0.470708 0.285165 0.47721 0.300946 0.365227 0.27486 0.37274 0.334056 0.658403 0.40876 1.0 0.341741 0.402626 0.337806 0.342964 0.415099 0.364092 0.603421 0.430786 0.371892; 0.526212 0.3659 0.355608 0.38335 0.375214 0.747682 0.574107 0.500683 0.325974 0.404824 0.295502 0.314807 0.361889 0.285609 0.647986 0.344225 0.245316 0.307477 0.397132 0.473969 0.341741 1.0 0.597074 0.607632 0.727396 0.337611 0.276079 0.375297 0.233797 0.619245; 0.607664 0.467968 0.354062 0.496518 0.487416 0.62115 0.648053 0.402331 0.40455 0.448079 0.327758 0.350474 0.51298 0.296189 0.564211 0.402107 0.327536 0.313164 0.417412 0.447527 0.402626 0.597074 1.0 0.474977 0.666688 0.351208 0.367796 0.461573 0.271181 0.578329; 0.464041 0.327744 0.54956 0.38299 0.346773 0.583748 0.551535 0.696983 0.369079 0.402173 0.353303 0.360601 0.323414 0.390388 0.709905 0.326009 0.293139 0.425189 0.339585 0.663746 0.337806 0.607632 0.474977 1.0 0.571672 0.405302 0.327049 0.43268 0.238508 0.595442; 0.477479 0.357771 0.357434 0.364535 0.451247 0.628195 0.691606 0.445435 0.334113 0.479357 0.319174 0.376576 0.36228 0.277502 0.70313 0.314887 0.292831 0.287537 0.371868 0.490703 0.342964 0.727396 0.666688 0.571672 1.0 0.334008 0.345775 0.391693 0.228166 0.739415; 0.351911 0.435924 0.410141 0.410433 0.435237 0.413298 0.300494 0.519278 0.662627 0.46413 0.630992 0.46164 0.411273 0.600217 0.443234 0.36654 0.43409 0.528826 0.400447 0.561691 0.415099 0.337611 0.351208 0.405302 0.334008 1.0 0.360163 0.423276 0.519199 0.324273; 0.297562 0.280051 0.367702 0.313734 0.474678 0.287878 0.380658 0.304453 0.414169 0.424636 0.468888 0.46863 0.32541 0.310077 0.384313 0.224037 0.69257 0.297323 0.283304 0.432519 0.364092 0.276079 0.367796 0.327049 0.345775 0.360163 1.0 0.457785 0.266623 0.384525; 0.539409 0.35296 0.488252 0.540627 0.385225 0.401961 0.436705 0.434502 0.524099 0.337709 0.451638 0.315475 0.470179 0.375391 0.430737 0.313734 0.433958 0.436012 0.44583 0.50889 0.603421 0.375297 0.461573 0.43268 0.391693 0.423276 0.457785 1.0 0.336946 0.446375; 0.28979 0.403358 0.240177 0.361999 0.364416 0.292057 0.201733 0.301936 0.541657 0.319925 0.4731 0.297579 0.429137 0.35865 0.271444 0.308389 0.344775 0.336359 0.430703 0.318504 0.430786 0.233797 0.271181 0.238508 0.228166 0.519199 0.266623 0.336946 1.0 0.217546; 0.467848 0.299866 0.399912 0.349793 0.411618 0.522397 0.710803 0.452811 0.327056 0.423147 0.335857 0.356621 0.330609 0.273101 0.658576 0.266105 0.309354 0.29346 0.369666 0.522169 0.371892 0.619245 0.578329 0.595442 0.739415 0.324273 0.384525 0.446375 0.217546 1.0]
  difference = 2.9802321943606103e-8 > 1.9984014443252818e-9
 in test_approx_eq(::Array{Float64,2}, ::Array{Float64,2}, ::Float64, ::String, ::String) at ./test.jl:865
 in macro expansion; at /home/vagrant/.julia/v0.5/MLKernels/test/kernelmatrix.jl:74 [inlined]
 in anonymous at ./<missing>:?
 in include_from_node1(::String) at ./loading.jl:488 (repeats 2 times)
 in process_options(::Base.JLOptions) at ./client.jl:265
 in _start() at ./client.jl:321
while loading /home/vagrant/.julia/v0.5/MLKernels/test/kernelmatrix.jl, in expression starting on line 59
while loading /home/vagrant/.julia/v0.5/MLKernels/test/runtests.jl, in expression starting on line 30
==============================[ ERROR: MLKernels ]==============================

failed process: Process(`/home/vagrant/julia/bin/julia -Cx86-64 -J/home/vagrant/julia/lib/julia/sys.so --compile=yes --depwarn=yes --check-bounds=yes --code-coverage=none --color=no --compilecache=yes /home/vagrant/.julia/v0.5/MLKernels/test/runtests.jl`, ProcessExited(1)) [1]

================================================================================
ERROR: MLKernels had test errors
 in #test#61(::Bool, ::Function, ::Array{AbstractString,1}) at ./pkg/entry.jl:748
 in (::Base.Pkg.Entry.#kw##test)(::Array{Any,1}, ::Base.Pkg.Entry.#test, ::Array{AbstractString,1}) at ./<missing>:0
 in (::Base.Pkg.Dir.##2#3{Array{Any,1},Base.Pkg.Entry.#test,Tuple{Array{AbstractString,1}}})() at ./pkg/dir.jl:31
 in cd(::Base.Pkg.Dir.##2#3{Array{Any,1},Base.Pkg.Entry.#test,Tuple{Array{AbstractString,1}}}, ::String) at ./file.jl:59
 in #cd#1(::Array{Any,1}, ::Function, ::Function, ::Array{AbstractString,1}, ::Vararg{Array{AbstractString,1},N}) at ./pkg/dir.jl:31
 in (::Base.Pkg.Dir.#kw##cd)(::Array{Any,1}, ::Base.Pkg.Dir.#cd, ::Function, ::Array{AbstractString,1}, ::Vararg{Array{AbstractString,1},N}) at ./<missing>:0
 in #test#3(::Bool, ::Function, ::String, ::Vararg{String,N}) at ./pkg/pkg.jl:258
 in test(::String, ::Vararg{String,N}) at ./pkg/pkg.jl:258
 in eval(::Module, ::Any) at ./boot.jl:234
 in process_options(::Base.JLOptions) at ./client.jl:242
 in _start() at ./client.jl:321

>>> End of log
