>>> 'Pkg.add("PDMats")' log
INFO: Installing ArrayViews v0.6.2
INFO: Installing PDMats v0.3.4
INFO: Package database updated

>>> 'Pkg.test("PDMats")' log
Julia Version 0.4.0-dev+6253
Commit a97b24b (2015-07-26 15:40 UTC)
Platform Info:
  System: Linux (x86_64-unknown-linux-gnu)
  CPU: Intel(R) Core(TM) i7-4960HQ CPU @ 2.60GHz
  WORD_SIZE: 64
  BLAS: libopenblas (USE64BITINT DYNAMIC_ARCH NO_AFFINITY Nehalem)
  LAPACK: libopenblas
  LIBM: libopenlibm
  LLVM: libLLVM-3.3
INFO: Testing PDMats
Running tests ...
* pdmtypes 
Testing PDMats.PDMat with dim = 3
Testing PDMats.PDiagMat with dim = 3
Testing PDMats.ScalMat with dim = 3
Testing PDMats.PDSparseMat with dim = 3
ERROR: LoadError: LoadError: assertion failed: |X_A_Xt(C,Xt) - Xt * Cmat * X| <= 8.881784197001252e-10
  X_A_Xt(C,Xt) = [22.79040875559634 -0.23547722247231428 4.169329244692786 -8.677873135550946 7.8296933552746655
 -0.23547722247231428 5.367879627380294 3.3096676472235904 -1.376111718175569 1.7709333546688286
 4.169329244692786 3.3096676472235904 3.303468996878647 -2.4066976160106597 2.5737010058836463
 -8.677873135550946 -1.376111718175569 -2.4066976160106597 3.7257105858051975 -3.490641276392402
 7.8296933552746655 1.7709333546688286 2.5737010058836463 -3.490641276392402 3.3296133549962086]
  Xt * Cmat * X = [3.57415482362112 -0.03325778869091334 0.6253204560644341 -1.3686258402636182 1.2302723050950652
 -0.03325778869091345 0.9469756952337569 0.4405004416678102 -0.2774209273131075 0.32044967801033963
 0.6253204560644341 0.4405004416678102 0.513879953960111 -0.33410705343362035 0.3648204928985893
 -1.3686258402636182 -0.2774209273131075 -0.33410705343362035 0.6221632450419132 -0.5743256817835726
 1.2302723050950652 0.3204496780103397 0.36482049289858925 -0.5743256817835726 0.5400836812432075]
  difference = 19.216253931975217 > 8.881784197001252e-10
 in error at error.jl:22
 in test_approx_eq at test.jl:140
 in test_approx_eq at test.jl:150
 in pdtest_triprod at /home/vagrant/.julia/v0.4/PDMats/src/testutils.jl:201
 in test_pdmat at /home/vagrant/.julia/v0.4/PDMats/src/testutils.jl:45
 in anonymous at no file:15
 in include at ./boot.jl:254
 in include_from_node1 at ./loading.jl:197
 in anonymous at no file:9
 in include at ./boot.jl:254
 in include_from_node1 at ./loading.jl:197
 in process_options at ./client.jl:308
 in _start at ./client.jl:411
while loading /home/vagrant/.julia/v0.4/PDMats/test/pdmtypes.jl, in expression starting on line 8
while loading /home/vagrant/.julia/v0.4/PDMats/test/runtests.jl, in expression starting on line 7
===============================[ ERROR: PDMats ]================================

failed process: Process(`/home/vagrant/julia/bin/julia --check-bounds=yes --code-coverage=none --color=no /home/vagrant/.julia/v0.4/PDMats/test/runtests.jl`, ProcessExited(1)) [1]

================================================================================
INFO: No packages to install, update or remove
ERROR: PDMats had test errors
 in error at ./error.jl:21
 in test at pkg/entry.jl:746
 in anonymous at pkg/dir.jl:31
 in cd at file.jl:22
 in cd at pkg/dir.jl:31
 in test at pkg.jl:71
 in process_options at ./client.jl:284
 in _start at ./client.jl:411

>>> End of log
