>>> 'Pkg.add("TransformUtils")' log
INFO: Cloning cache of TransformUtils from git://github.com/dehann/TransformUtils.jl.git
INFO: Installing TransformUtils v0.0.6
INFO: Package database updated
INFO: METADATA is out-of-date — you may not have the latest version of TransformUtils
INFO: Use `Pkg.update()` to get the latest versions of your packages

>>> 'Pkg.test("TransformUtils")' log
Julia Version 0.4.7
Commit ae26b25 (2016-09-18 16:17 UTC)
Platform Info:
  System: Linux (x86_64-pc-linux-gnu)
  CPU: Intel(R) Xeon(R) CPU E3-1241 v3 @ 3.50GHz
  WORD_SIZE: 64
           Ubuntu 14.04.5 LTS
  uname: Linux 3.13.0-128-generic #177-Ubuntu SMP Tue Aug 8 11:40:23 UTC 2017 x86_64 x86_64
Memory: 2.9392738342285156 GB (450.2578125 MB free)
Uptime: 47602.0 sec
Load Avg:  0.974609375  0.96826171875  1.02392578125
Intel(R) Xeon(R) CPU E3-1241 v3 @ 3.50GHz: 
       speed         user         nice          sys         idle          irq
#1  3499 MHz    2270094 s       5693 s     162381 s    1845534 s         79 s
#2  3499 MHz    1563376 s       1254 s     134560 s    2870728 s          1 s

  BLAS: libopenblas (USE64BITINT DYNAMIC_ARCH NO_AFFINITY Nehalem)
  LAPACK: libopenblas64_
  LIBM: libopenlibm
  LLVM: libLLVM-3.3
Environment:
  TERM = vt100
  LD_LIBRARY_PATH = :/usr/local/lib/
  PATH = /usr/local/sbin:/usr/local/bin:/usr/sbin:/usr/bin:/sbin:/bin:/usr/games:/usr/local/games:/home/vagrant/julia/bin/
  JAVA_HOME = /usr/lib/jvm/java-8-openjdk-amd64
  HOME = /home/vagrant

Package Directory: /home/vagrant/.julia/v0.4
2 required packages:
 - JSON                          0.9.1
 - TransformUtils                0.0.6
1 additional packages:
 - Compat                        0.26.0
INFO: Testing TransformUtils
WARNING: could not import Base.normalize into TransformUtils
WARNING: could not import Base.normalize! into TransformUtils
[TEST] constructors SO3, Quaternion, AngleAxis... [SUCCESS]
[TEST] comparison functions for SO3, Quaternion, AngleAxis... [SUCCESS]
[TEST] trivial case quaterion -> SO3 -> Euler -> quaternion... [SUCCESS]
[TEST] convert functions 
WARNING: Need better coverage on convert function tests
[TEST] compare SO3 and quaternion rotations... dAA = TransformUtils.AngleAxis(0.7853981633974483,[1.0,0.0,0.0])
dAA = TransformUtils.so3([0.0 -0.03961440477590433 -0.14783853895026194
 0.03961440477590433 0.0 -0.08484941318379786
 0.14783853895026194 0.08484941318379786 0.0])
dAA = TransformUtils.so3([0.0 0.06702117235850177 0.05646430507629541
 -0.06702117235850177 0.0 -0.006433663586906649
 -0.05646430507629541 0.006433663586906649 0.0])
dAA = TransformUtils.so3([0.0 0.008299091724049515 0.1162619351246616
 -0.008299091724049515 0.0 -0.04097479164968948
 -0.1162619351246616 0.04097479164968948 0.0])
dAA = TransformUtils.Quaternion(0.9984972397871472,[-0.02889188177269343,-0.02519009995781187,-0.039166058892828266])
dAA = TransformUtils.SO3([0.9880275346488974 0.12412876115908053 -0.09161681848183789
 -0.12792290583568175 0.991102985575304 -0.03675053940113176
 0.08623990339846976 0.04803043448513427 0.9951159512463821])
[SUCCESS]
[TEST] basic SE3 mechanics... [SUCCESS]
[TEST] SE3 ⊕ and ⊖ mechanics... Compare operations on two different SE3 transforms
xi = TransformUtils.SE3(TransformUtils.SO3([0.9320637272839992 0.3621786618742588 -0.009155608359366702
 -0.3622579257516556 0.9320307576111302 -0.009373478379488102
 0.005138434738981046 0.01205337088926036 0.9999141526844388]),[2.2898846497795695,-1.1422414740166313,1.2654692402292567])
xj = TransformUtils.SE3(TransformUtils.SO3([0.9988408198991003 -0.017211549362740584 -0.044953076333292874
 0.03589766012221796 0.8885158667068 0.45743951797807486
 0.032068278735264764 -0.4585229734471302 0.8881037711439804]),[0.3346258755550141,-0.4436336824971324,-0.38771456124521064])
Dx = TransformUtils.SE3(TransformUtils.SO3([0.9181438664208211 -0.34027026609739 -0.20304675955019932
 0.39560308579399756 0.8163637130190639 0.42077129961060106
 0.02258404445824584 -0.4666545125419218 0.8841513031490535]),[-2.0839967674536983,-0.07695549477088501,-1.641688681534516])
[SUCCESS]
[TEST] previous discovered issues
TransformUtils.convert(Euler,q) = TransformUtils.Euler(0.7853981633974484,0.0,1.5707963267948963,TransformUtils.Quaternion(1.0,[0.0,0.0,0.0]))
INFO: TransformUtils tests passed

>>> End of log
