>>> 'Pkg.add("TransformUtils")' log
INFO: Cloning cache of TransformUtils from git://github.com/dehann/TransformUtils.jl.git
INFO: Installing TransformUtils v0.0.2
INFO: Package database updated
INFO: METADATA is out-of-date — you may not have the latest version of TransformUtils
INFO: Use `Pkg.update()` to get the latest versions of your packages

>>> 'Pkg.test("TransformUtils")' log
Julia Version 0.4.6
Commit 2e358ce (2016-06-19 17:16 UTC)
Platform Info:
  System: Linux (x86_64-unknown-linux-gnu)
  CPU: Intel(R) Xeon(R) CPU E3-1241 v3 @ 3.50GHz
  WORD_SIZE: 64
           Ubuntu 14.04.5 LTS
  uname: Linux 3.13.0-95-generic #142-Ubuntu SMP Fri Aug 12 17:00:09 UTC 2016 x86_64 x86_64
Memory: 2.4471054077148438 GB (343.04296875 MB free)
Uptime: 26268.0 sec
Load Avg:  0.96142578125  0.9853515625  1.01708984375
Intel(R) Xeon(R) CPU E3-1241 v3 @ 3.50GHz: 
       speed         user         nice          sys         idle          irq
#1  3500 MHz    1193533 s         61 s     125718 s     986497 s         86 s
#2  3500 MHz     759217 s       6666 s     104998 s    1624379 s          0 s

  BLAS: libopenblas (USE64BITINT DYNAMIC_ARCH NO_AFFINITY Nehalem)
  LAPACK: libopenblas64_
  LIBM: libopenlibm
  LLVM: libLLVM-3.3
Environment:
  TERM = vt100
  LD_LIBRARY_PATH = :/usr/local/lib/
  PATH = /usr/local/sbin:/usr/local/bin:/usr/sbin:/usr/bin:/sbin:/bin:/usr/games:/usr/local/games:/home/vagrant/julia/bin/
  JAVA_HOME = /usr/lib/jvm/java-7-oracle
  HOME = /home/vagrant

Package Directory: /home/vagrant/.julia/v0.4
2 required packages:
 - JSON                          0.7.0
 - TransformUtils                0.0.2
1 additional packages:
 - Compat                        0.9.1
INFO: Testing TransformUtils
[TEST] constructors SO3, Quaternion, AngleAxis... [SUCCESS]
[TEST] comparison functions for SO3, Quaternion, AngleAxis... [SUCCESS]
[TEST] trivial case quaterion -> SO3 -> Euler -> quaternion... [SUCCESS]
[TEST] convert functions 
WARNING: Need better coverage on convert function tests
[TEST] compare SO3 and quaternion rotations... dAA = TransformUtils.AngleAxis(0.7853981633974483,[1.0,0.0,0.0])
dAA = TransformUtils.so3([0.0 0.15470129729673612 0.04665348868656697
 -0.15470129729673612 0.0 0.06363111151478584
 -0.04665348868656697 -0.06363111151478584 0.0])
dAA = TransformUtils.so3([0.0 0.06760642837788336 0.06028916511724023
 -0.06760642837788336 0.0 0.031151901851731556
 -0.06028916511724023 -0.031151901851731556 0.0])
dAA = TransformUtils.so3([0.0 0.04929577503120699 -0.04586840441908306
 -0.04929577503120699 0.0 -0.06819920208469146
 0.04586840441908306 0.06819920208469146 0.0])
dAA = TransformUtils.Quaternion(0.9990049092977642,[-0.026710256785792124,0.02871060515239124,-0.021247459452524996])
dAA = TransformUtils.SO3([0.9801260184376648 -0.1858302705030421 -0.06942692954680185
 0.19255359533423058 0.9753618921812359 0.10766750765435515
 0.047708499299304825 -0.11889613048962294 0.991759854626715])
[SUCCESS]
[TEST] basic SE3 mechanics... [SUCCESS]
INFO: TransformUtils tests passed

>>> End of log
