>>> 'Pkg.add("TransformUtils")' log
INFO: Cloning cache of TransformUtils from git://github.com/dehann/TransformUtils.jl.git
INFO: Installing TransformUtils v0.0.6
INFO: Package database updated
INFO: METADATA is out-of-date — you may not have the latest version of TransformUtils
INFO: Use `Pkg.update()` to get the latest versions of your packages

>>> 'Pkg.test("TransformUtils")' log
Julia Version 0.4.7
Commit ae26b25 (2016-09-18 16:17 UTC)
Platform Info:
  System: Linux (x86_64-pc-linux-gnu)
  CPU: Intel(R) Xeon(R) CPU E3-1241 v3 @ 3.50GHz
  WORD_SIZE: 64
           Ubuntu 14.04.5 LTS
  uname: Linux 3.13.0-121-generic #170-Ubuntu SMP Wed Jun 14 09:04:33 UTC 2017 x86_64 x86_64
Memory: 2.9392738342285156 GB (456.56640625 MB free)
Uptime: 48031.0 sec
Load Avg:  0.986328125  0.947265625  0.970703125
Intel(R) Xeon(R) CPU E3-1241 v3 @ 3.50GHz: 
       speed         user         nice          sys         idle          irq
#1  3500 MHz    2337147 s         78 s     192093 s    1778815 s        157 s
#2  3500 MHz    1578209 s       6428 s     166483 s    2864871 s          5 s

  BLAS: libopenblas (USE64BITINT DYNAMIC_ARCH NO_AFFINITY Nehalem)
  LAPACK: libopenblas64_
  LIBM: libopenlibm
  LLVM: libLLVM-3.3
Environment:
  TERM = vt100
  LD_LIBRARY_PATH = :/usr/local/lib/
  PATH = /usr/local/sbin:/usr/local/bin:/usr/sbin:/usr/bin:/sbin:/bin:/usr/games:/usr/local/games:/home/vagrant/julia/bin/
  JAVA_HOME = /usr/lib/jvm/java-8-openjdk-amd64
  HOME = /home/vagrant

Package Directory: /home/vagrant/.julia/v0.4
2 required packages:
 - JSON                          0.9.1
 - TransformUtils                0.0.6
1 additional packages:
 - Compat                        0.26.0
INFO: Testing TransformUtils
WARNING: could not import Base.normalize into TransformUtils
WARNING: could not import Base.normalize! into TransformUtils
[TEST] constructors SO3, Quaternion, AngleAxis... [SUCCESS]
[TEST] comparison functions for SO3, Quaternion, AngleAxis... [SUCCESS]
[TEST] trivial case quaterion -> SO3 -> Euler -> quaternion... [SUCCESS]
[TEST] convert functions 
WARNING: Need better coverage on convert function tests
[TEST] compare SO3 and quaternion rotations... dAA = TransformUtils.AngleAxis(0.7853981633974483,[1.0,0.0,0.0])
dAA = TransformUtils.so3([0.0 0.09073338276206905 0.14237994246145852
 -0.09073338276206905 0.0 -0.05897119532108515
 -0.14237994246145852 0.05897119532108515 0.0])
dAA = TransformUtils.so3([0.0 0.10036250824074906 -0.0026239211520834973
 -0.10036250824074906 0.0 -0.0357002855047373
 0.0026239211520834973 0.0357002855047373 0.0])
dAA = TransformUtils.so3([0.0 0.08306958527070686 0.06675938276605752
 -0.08306958527070686 0.0 0.06192347238072922
 -0.06675938276605752 -0.06192347238072922 0.0])
dAA = TransformUtils.Quaternion(0.9972986520443767,[0.05314193485608433,-0.008182047703439005,0.05004385562284118])
dAA = TransformUtils.SO3([0.9958938358818135 0.03962026684435589 -0.08139841588010135
 -0.03697676234408054 0.9987466715032347 0.033731368305474047
 0.0826328427391754 -0.03058301189209763 0.9961106829486626])
[SUCCESS]
[TEST] basic SE3 mechanics... [SUCCESS]
[TEST] SE3 ⊕ and ⊖ mechanics... Compare operations on two different SE3 transforms
xi = TransformUtils.SE3(TransformUtils.SO3([0.9208760389852526 0.2513074160817973 -0.29804681418381584
 -0.22280748769100622 0.9666052179501247 0.126614280633798
 0.31991271348862294 -0.050188995346414904 0.9461167583836911]),[1.036468410206715,-1.5397244250184374,-0.6882859187479495])
xj = TransformUtils.SE3(TransformUtils.SO3([0.9456953063423058 0.314618470487079 -0.08170437926147774
 -0.30021282189642357 0.9417541230264752 0.15156329810221483
 0.12463004906971152 -0.11880399736964045 0.9850649527203147]),[-0.6394333917349111,-0.08279406604091369,-0.08457613925515163])
Dx = TransformUtils.SE3(TransformUtils.SO3([0.9776285495909285 0.04188783154774722 0.20612575916892198
 -0.05878209325582897 0.99533305748427 0.07652953803256564
 -0.2019581257023343 -0.08693396486553713 0.9755282677685757]),[-1.6747783724076304,0.9568103484112953,1.255145321867357])
[SUCCESS]
[TEST] previous discovered issues
TransformUtils.convert(Euler,q) = TransformUtils.Euler(0.7853981633974484,0.0,1.5707963267948963,TransformUtils.Quaternion(1.0,[0.0,0.0,0.0]))
INFO: TransformUtils tests passed

>>> End of log
