>>> 'Pkg.add("TransformUtils")' log
INFO: Cloning cache of TransformUtils from git://github.com/dehann/TransformUtils.jl.git
INFO: Installing TransformUtils v0.0.5
INFO: Package database updated

>>> 'Pkg.test("TransformUtils")' log
Julia Version 0.4.7
Commit ae26b25 (2016-09-18 16:17 UTC)
Platform Info:
  System: Linux (x86_64-pc-linux-gnu)
  CPU: Intel(R) Xeon(R) CPU E3-1241 v3 @ 3.50GHz
  WORD_SIZE: 64
           Ubuntu 14.04.5 LTS
  uname: Linux 3.13.0-112-generic #159-Ubuntu SMP Fri Mar 3 15:26:07 UTC 2017 x86_64 x86_64
Memory: 2.9392738342285156 GB (443.2734375 MB free)
Uptime: 40522.0 sec
Load Avg:  1.02880859375  1.0390625  1.04541015625
Intel(R) Xeon(R) CPU E3-1241 v3 @ 3.50GHz: 
       speed         user         nice          sys         idle          irq
#1  3500 MHz    1947520 s       1934 s     174160 s    1498963 s        240 s
#2  3500 MHz    1260371 s       4916 s     161185 s    2416045 s          8 s

  BLAS: libopenblas (USE64BITINT DYNAMIC_ARCH NO_AFFINITY Nehalem)
  LAPACK: libopenblas64_
  LIBM: libopenlibm
  LLVM: libLLVM-3.3
Environment:
  TERM = vt100
  LD_LIBRARY_PATH = :/usr/local/lib/
  PATH = /usr/local/sbin:/usr/local/bin:/usr/sbin:/usr/bin:/sbin:/bin:/usr/games:/usr/local/games:/home/vagrant/julia/bin/
  JAVA_HOME = /usr/lib/jvm/java-7-oracle
  HOME = /home/vagrant

Package Directory: /home/vagrant/.julia/v0.4
2 required packages:
 - JSON                          0.8.3
 - TransformUtils                0.0.5
1 additional packages:
 - Compat                        0.20.0
INFO: Testing TransformUtils
WARNING: could not import Base.normalize into TransformUtils
WARNING: could not import Base.normalize! into TransformUtils
[TEST] constructors SO3, Quaternion, AngleAxis... [SUCCESS]
[TEST] comparison functions for SO3, Quaternion, AngleAxis... [SUCCESS]
[TEST] trivial case quaterion -> SO3 -> Euler -> quaternion... [SUCCESS]
[TEST] convert functions 
WARNING: Need better coverage on convert function tests
[TEST] compare SO3 and quaternion rotations... dAA = TransformUtils.AngleAxis(0.7853981633974483,[1.0,0.0,0.0])
dAA = TransformUtils.so3([0.0 -0.049387625603518226 -0.08863921427994705
 0.049387625603518226 0.0 0.18288444891789998
 0.08863921427994705 -0.18288444891789998 0.0])
dAA = TransformUtils.so3([0.0 -0.13027457809992218 0.036092863472537436
 0.13027457809992218 0.0 -0.1627278978533034
 -0.036092863472537436 0.1627278978533034 0.0])
dAA = TransformUtils.so3([0.0 -0.10486988812506098 0.07718054365673231
 0.10486988812506098 0.0 -0.11088824292352205
 -0.07718054365673231 0.11088824292352205 0.0])
dAA = TransformUtils.Quaternion(0.9926319531138681,[-0.11353470819527683,0.004816403814627357,-0.042053275100228854])
dAA = TransformUtils.SO3([0.9969921879523876 0.007731838761152417 0.07711547076483938
 0.006279460108679148 0.9836810715335073 -0.17981133970757984
 -0.07724730119981385 0.17975474451613987 0.9806737919824732])
[SUCCESS]
[TEST] basic SE3 mechanics... [SUCCESS]
[TEST] SE3 ⊕ and ⊖ mechanics... Compare operations on two different SE3 transforms
xi = TransformUtils.SE3(TransformUtils.SO3([0.976986924195517 0.1317304779374397 -0.1677606364239146
 -0.12647749734954522 0.9910939104707214 0.0416689727741095
 0.17175561887513005 -0.019492096096300333 0.9849467323538841]),[-1.0417995615706277,-0.6288960441941924,-2.378155460501557])
xj = TransformUtils.SE3(TransformUtils.SO3([0.9922928181909508 -0.12380277423002514 0.005275988969867462
 0.12379261509942897 0.992305646817856 0.0022117278858477117
 -0.00550921169545806 -0.0015415532251037067 0.9999836359661836]),[-0.09963081655115003,-0.9797947295453169,-0.6131250348814986])
Dx = TransformUtils.SE3(TransformUtils.SO3([0.9528538901332797 -0.24672279684541507 0.17662764668831463
 0.25351270026425576 0.9671895333711865 -0.016604738539105338
 -0.16673564364766666 0.06059924136490806 0.9841376718139568]),[1.2680212249019929,-0.2580653538336274,1.565780534170106])
[SUCCESS]
[TEST] previous discovered issues
TransformUtils.convert(Euler,q) = TransformUtils.Euler(0.7853981633974484,0.0,1.5707963267948963,TransformUtils.Quaternion(1.0,[0.0,0.0,0.0]))
INFO: TransformUtils tests passed

>>> End of log
