>>> 'Pkg.add("TransformUtils")' log
INFO: Cloning cache of TransformUtils from git://github.com/dehann/TransformUtils.jl.git
INFO: Installing TransformUtils v0.0.6
INFO: Package database updated
INFO: METADATA is out-of-date — you may not have the latest version of TransformUtils
INFO: Use `Pkg.update()` to get the latest versions of your packages

>>> 'Pkg.test("TransformUtils")' log
Julia Version 0.4.7
Commit ae26b25 (2016-09-18 16:17 UTC)
Platform Info:
  System: Linux (x86_64-pc-linux-gnu)
  CPU: Intel(R) Xeon(R) CPU E3-1241 v3 @ 3.50GHz
  WORD_SIZE: 64
           Ubuntu 14.04.5 LTS
  uname: Linux 3.13.0-128-generic #177-Ubuntu SMP Tue Aug 8 11:40:23 UTC 2017 x86_64 x86_64
Memory: 2.9392738342285156 GB (452.82421875 MB free)
Uptime: 49178.0 sec
Load Avg:  0.94580078125  0.98681640625  1.03466796875
Intel(R) Xeon(R) CPU E3-1241 v3 @ 3.50GHz: 
       speed         user         nice          sys         idle          irq
#1  3500 MHz    2390299 s       2618 s     174184 s    1832587 s        123 s
#2  3500 MHz    1659303 s       5182 s     142649 s    2941633 s          4 s

  BLAS: libopenblas (USE64BITINT DYNAMIC_ARCH NO_AFFINITY Nehalem)
  LAPACK: libopenblas64_
  LIBM: libopenlibm
  LLVM: libLLVM-3.3
Environment:
  TERM = vt100
  LD_LIBRARY_PATH = :/usr/local/lib/
  PATH = /usr/local/sbin:/usr/local/bin:/usr/sbin:/usr/bin:/sbin:/bin:/usr/games:/usr/local/games:/home/vagrant/julia/bin/
  JAVA_HOME = /usr/lib/jvm/java-8-openjdk-amd64
  HOME = /home/vagrant

Package Directory: /home/vagrant/.julia/v0.4
2 required packages:
 - JSON                          0.9.1
 - TransformUtils                0.0.6
1 additional packages:
 - Compat                        0.26.0
INFO: Testing TransformUtils
WARNING: could not import Base.normalize into TransformUtils
WARNING: could not import Base.normalize! into TransformUtils
[TEST] constructors SO3, Quaternion, AngleAxis... [SUCCESS]
[TEST] comparison functions for SO3, Quaternion, AngleAxis... [SUCCESS]
[TEST] trivial case quaterion -> SO3 -> Euler -> quaternion... [SUCCESS]
[TEST] convert functions 
WARNING: Need better coverage on convert function tests
[TEST] compare SO3 and quaternion rotations... dAA = TransformUtils.AngleAxis(0.7853981633974483,[1.0,0.0,0.0])
dAA = TransformUtils.so3([0.0 0.09791338166714447 -0.09211434973992483
 -0.09791338166714447 0.0 0.05853708118866641
 0.09211434973992483 -0.05853708118866641 0.0])
dAA = TransformUtils.so3([0.0 -0.003795868635210038 0.0699216028455897
 0.003795868635210038 0.0 0.014366997543055532
 -0.0699216028455897 -0.014366997543055532 0.0])
dAA = TransformUtils.so3([0.0 -0.07634599769135172 -0.03100658570881933
 0.07634599769135172 0.0 -0.13295384746458294
 0.03100658570881933 0.13295384746458294 0.0])
dAA = TransformUtils.Quaternion(0.9997863924221888,[0.003835849297177436,0.0199553860861775,0.003773374318367818])
dAA = TransformUtils.SO3([0.9975563803735296 -0.06866127670454933 0.012918864399121512
 0.06930936908303065 0.9958387451541061 -0.059172671117733146
 -0.00880223456707525 0.05992347395801153 0.9981641638204758])
[SUCCESS]
[TEST] basic SE3 mechanics... [SUCCESS]
[TEST] SE3 ⊕ and ⊖ mechanics... Compare operations on two different SE3 transforms
xi = TransformUtils.SE3(TransformUtils.SO3([0.9073536466654939 0.4004052948718799 0.1280037488567927
 -0.3931579177880804 0.916095215793576 -0.0787172616435701
 -0.14878243029125082 0.021098707038210106 0.9886448467462645]),[-1.0361758913042294,-0.43798638074793417,-0.5910445410614914])
xj = TransformUtils.SE3(TransformUtils.SO3([0.9969613091624591 0.031185173027927223 -0.07138370273594663
 0.004984636371662439 0.8889532642375135 0.4579707931754074
 0.07773867398739226 -0.4569349833233255 0.8860965633507413]),[-0.3806266598154241,-0.6402245854217409,-0.5589912748897222])
Dx = TransformUtils.SE3(TransformUtils.SO3([0.8910705813526852 -0.2532191366058174 -0.37666070661059414
 0.4053951740115995 0.8172118034852985 0.40965793185584887
 0.20407834754302773 -0.5177305641942633 0.8308472127673036]),[0.6695575743670749,0.07789221405752889,0.13152169328449625])
[SUCCESS]
[TEST] previous discovered issues
TransformUtils.convert(Euler,q) = TransformUtils.Euler(0.7853981633974484,0.0,1.5707963267948963,TransformUtils.Quaternion(1.0,[0.0,0.0,0.0]))
INFO: TransformUtils tests passed

>>> End of log
