>>> 'Pkg.add("TransformUtils")' log
INFO: Installing TranscodingStreams v0.5.2
INFO: Installing TransformUtils v0.1.0
INFO: Package database updated
INFO: METADATA is out-of-date — you may not have the latest version of TransformUtils
INFO: Use `Pkg.update()` to get the latest versions of your packages

>>> 'Pkg.test("TransformUtils")' log
Julia Version 0.6.3
Commit d55cadc350 (2018-05-28 20:20 UTC)
Platform Info:
  OS: Linux (x86_64-pc-linux-gnu)
  CPU: Intel(R) Xeon(R) CPU E3-1241 v3 @ 3.50GHz
  WORD_SIZE: 64
           Ubuntu 14.04.5 LTS
  uname: Linux 3.13.0-143-generic #192-Ubuntu SMP Tue Feb 27 10:45:36 UTC 2018 x86_64 x86_64
Memory: 2.939197540283203 GB (2304.5078125 MB free)
Uptime: 74477.0 sec
Load Avg:  1.01025390625  1.0556640625  1.04541015625
Intel(R) Xeon(R) CPU E3-1241 v3 @ 3.50GHz: 
       speed         user         nice          sys         idle          irq
#1  3505 MHz    4805960 s       1275 s     333180 s    1160724 s         12 s
#2  3505 MHz     789451 s       3816 s     104916 s    6430848 s          0 s

  BLAS: libopenblas (USE64BITINT DYNAMIC_ARCH NO_AFFINITY Nehalem)
  LAPACK: libopenblas64_
  LIBM: libopenlibm
  LLVM: libLLVM-3.9.1 (ORCJIT, haswell)
Environment:
  TERM = vt100
  LD_LIBRARY_PATH = :/usr/local/lib/
  PATH = /usr/local/sbin:/usr/local/bin:/usr/sbin:/usr/bin:/sbin:/bin:/usr/games:/usr/local/games:/home/vagrant/julia/bin/
  JAVA_HOME = /usr/lib/jvm/java-8-openjdk-amd64
  HOME = /home/vagrant

Package Directory: /home/vagrant/.julia/v0.6
7 required packages:
 - Conda                         0.8.1
 - JSON                          0.17.2
 - POMDPModels                   0.2.2
 - PyCall                        1.17.1
 - PyPlot                        2.5.0
 - RDatasets                     0.4.0
 - TransformUtils                0.1.0
67 additional packages:
 - AbstractTrees                 0.1.0
 - AssetRegistry                 0.0.1
 - AutoHashEquals                0.2.0
 - BinDeps                       0.8.8
 - BinaryProvider                0.3.3
 - Blink                         0.6.2
 - CPUTime                       0.0.5
 - CSV                           0.2.5
 - Calculus                      0.4.0
 - CategoricalArrays             0.3.10
 - CodecZlib                     0.4.3
 - ColorTypes                    0.6.7
 - Colors                        0.8.2
 - Compat                        0.69.0
 - D3Trees                       0.2.0
 - DataFrames                    0.11.6
 - DataStreams                   0.3.6
 - DataStructures                0.8.3
 - DiscreteValueIteration        0.0.0-             master (unregistered)
 - Distributions                 0.15.0
 - Emoji_Entities                0.2.4              81d15593 (dirty)
 - FileIO                        0.9.1
 - FixedPointNumbers             0.4.6
 - HTML_Entities                 0.2.4              1a5cf18a (dirty)
 - Hiccup                        0.1.1
 - HttpCommon                    0.4.0
 - HttpParser                    0.4.0
 - HttpServer                    0.3.1
 - InternedStrings               0.6.2
 - Iterators                     0.3.1
 - LaTeXStrings                  1.0.0
 - LaTeX_Entities                0.2.4              96871748 (dirty)
 - Lazy                          0.12.1
 - LightXML                      0.6.0
 - MCTS                          0.0.0-             master (unregistered)
 - MacroTools                    0.4.2
 - MbedTLS                       0.5.11
 - Missings                      0.2.10
 - Mocking                       0.5.4
 - Mustache                      0.3.3
 - Mux                           0.3.0
 - NamedTuples                   4.0.2
 - Nullables                     0.0.5
 - PDMats                        0.8.0
 - POMDPToolbox                  0.2.7
 - POMDPs                        0.6.7
 - Pidfile                       1.0.0
 - ProgressMeter                 0.5.5
 - QuadGK                        0.2.1
 - RData                         0.4.0
 - Reexport                      0.1.0
 - Requires                      0.4.4
 - Rmath                         0.4.0
 - SHA                           0.5.7
 - SortingAlgorithms             0.2.1
 - SpecialFunctions              0.6.0
 - StaticArrays                  0.7.2
 - StatsBase                     0.23.1
 - StatsFuns                     0.6.1
 - StrTables                     0.2.4
 - TikzPictures                  1.2.0
 - TimeZones                     0.7.2
 - TranscodingStreams            0.5.2
 - URIParser                     0.3.1
 - VersionParsing                1.1.1
 - WeakRefStrings                0.4.7
 - WebSockets                    0.5.0
INFO: Testing TransformUtils
[TEST] constructors SO3, Quaternion, AngleAxis... [SUCCESS]
[TEST] comparison functions for SO3, Quaternion, AngleAxis... [SUCCESS]
[TEST] trivial case quaterion -> SO3 -> Euler -> quaternion... [SUCCESS]
[TEST] convert functions 
WARNING: Need better coverage on convert function tests
[TEST] compare SO3 and quaternion rotations... dAA = TransformUtils.AngleAxis(0.7853981633974483, [1.0, 0.0, 0.0])
dAA = TransformUtils.so3([0.0 0.0623817 -0.131485; -0.0623817 0.0 -0.0865221; 0.131485 0.0865221 0.0])
dAA = TransformUtils.so3([0.0 0.0781923 -0.19484; -0.0781923 0.0 0.0795146; 0.19484 -0.0795146 0.0])
dAA = TransformUtils.so3([0.0 -0.0164329 -0.127676; 0.0164329 0.0 -0.0100188; 0.127676 0.0100188 0.0])
dAA = TransformUtils.Quaternion(0.9951386888846799, [0.0487833, -0.0417973, 0.074647])
dAA = TransformUtils.SO3([0.975089 -0.170682 -0.141666; 0.172487 0.985012 0.00047047; 0.139462 -0.0248943 0.989914])
[SUCCESS]
[TEST] basic SE3 mechanics... [SUCCESS]
[TEST] SE3 ⊕ and ⊖ mechanics... Compare operations on two different SE3 transforms
xi = TransformUtils.SE3(TransformUtils.SO3([0.984596 -0.0874875 -0.151381; 0.102473 0.990266 0.0941927; 0.141667 -0.108254 0.983977]), [-0.637724, 0.356701, 0.535831])
xj = TransformUtils.SE3(TransformUtils.SO3([0.973489 0.203802 0.103845; -0.218732 0.962237 0.162036; -0.0669001 -0.180454 0.981306]), [2.56276, 0.676818, -0.446452])
Dx = TransformUtils.SE3(TransformUtils.SO3([0.926602 0.273702 0.257868; -0.294529 0.954576 0.0451428; -0.233799 -0.117779 0.965125]), [3.04484, 0.143334, -1.42089])
[SUCCESS]
[TEST] previous discovered issues
TransformUtils.convert(Euler, q) = TransformUtils.Euler(0.7853981633974484, 0.0, 1.5707963267948963, TransformUtils.Quaternion(1.0, [0.0, 0.0, 0.0]))
INFO: TransformUtils tests passed

>>> End of log
