>>> 'Pkg.add("TransformUtils")' log
INFO: Installing TranscodingStreams v0.5.2
INFO: Installing TransformUtils v0.1.0
INFO: Package database updated
INFO: METADATA is out-of-date — you may not have the latest version of TransformUtils
INFO: Use `Pkg.update()` to get the latest versions of your packages

>>> 'Pkg.test("TransformUtils")' log
Julia Version 0.6.2
Commit d386e40c17 (2017-12-13 18:08 UTC)
Platform Info:
  OS: Linux (x86_64-pc-linux-gnu)
  CPU: Intel(R) Xeon(R) CPU E3-1241 v3 @ 3.50GHz
  WORD_SIZE: 64
           Ubuntu 14.04.5 LTS
  uname: Linux 3.13.0-143-generic #192-Ubuntu SMP Tue Feb 27 10:45:36 UTC 2018 x86_64 x86_64
Memory: 2.939197540283203 GB (2338.50390625 MB free)
Uptime: 87761.0 sec
Load Avg:  1.01416015625  1.0791015625  1.04052734375
Intel(R) Xeon(R) CPU E3-1241 v3 @ 3.50GHz: 
       speed         user         nice          sys         idle          irq
#1  3512 MHz    5362574 s       4067 s     334052 s    1810057 s         95 s
#2  3512 MHz    1399636 s       3303 s     139724 s    7030333 s          4 s

  BLAS: libopenblas (USE64BITINT DYNAMIC_ARCH NO_AFFINITY Nehalem)
  LAPACK: libopenblas64_
  LIBM: libopenlibm
  LLVM: libLLVM-3.9.1 (ORCJIT, haswell)
Environment:
  TERM = vt100
  LD_LIBRARY_PATH = :/usr/local/lib/
  PATH = /usr/local/sbin:/usr/local/bin:/usr/sbin:/usr/bin:/sbin:/bin:/usr/games:/usr/local/games:/home/vagrant/julia/bin/
  JAVA_HOME = /usr/lib/jvm/java-8-openjdk-amd64
  HOME = /home/vagrant

Package Directory: /home/vagrant/.julia/v0.6
6 required packages:
 - Conda                         0.7.1
 - JSON                          0.17.2
 - PyCall                        1.15.0
 - PyPlot                        2.5.0
 - RDatasets                     0.4.0
 - TransformUtils                0.1.0
29 additional packages:
 - BinDeps                       0.8.7
 - BinaryProvider                0.2.8
 - CSV                           0.2.4
 - CategoricalArrays             0.3.7
 - CodecZlib                     0.4.3
 - ColorTypes                    0.6.7
 - Colors                        0.8.2
 - Compat                        0.63.0
 - DataFrames                    0.11.5
 - DataStreams                   0.3.4
 - DataStructures                0.7.4
 - FileIO                        0.7.0
 - FixedPointNumbers             0.4.6
 - LaTeXStrings                  0.3.0
 - MacroTools                    0.4.0
 - Missings                      0.2.9
 - Mocking                       0.5.1
 - NamedTuples                   4.0.0
 - Nullables                     0.0.5
 - RData                         0.4.0
 - Reexport                      0.1.0
 - SHA                           0.5.7
 - SortingAlgorithms             0.2.0
 - SpecialFunctions              0.4.0
 - StatsBase                     0.20.1
 - TimeZones                     0.6.4
 - TranscodingStreams            0.5.2
 - URIParser                     0.3.1
 - WeakRefStrings                0.4.3
INFO: Testing TransformUtils
[TEST] constructors SO3, Quaternion, AngleAxis... [SUCCESS]
[TEST] comparison functions for SO3, Quaternion, AngleAxis... [SUCCESS]
[TEST] trivial case quaterion -> SO3 -> Euler -> quaternion... [SUCCESS]
[TEST] convert functions 
WARNING: Need better coverage on convert function tests
[TEST] compare SO3 and quaternion rotations... dAA = TransformUtils.AngleAxis(0.7853981633974483, [1.0, 0.0, 0.0])
dAA = TransformUtils.so3([0.0 -0.0197847 0.111228; 0.0197847 0.0 -0.0136512; -0.111228 0.0136512 0.0])
dAA = TransformUtils.so3([0.0 0.00724262 -0.116176; -0.00724262 0.0 0.0790901; 0.116176 -0.0790901 0.0])
dAA = TransformUtils.so3([0.0 -0.00336538 -0.0412091; 0.00336538 0.0 -0.110557; 0.0412091 0.110557 0.0])
dAA = TransformUtils.Quaternion(0.9936238062420386, [0.0968403, 0.0541519, 0.0200313])
dAA = TransformUtils.SO3([0.997436 -0.0225012 -0.0679345; 0.0276347 0.996755 0.075597; 0.0660131 -0.0772805 0.994822])
[SUCCESS]
[TEST] basic SE3 mechanics... [SUCCESS]
[TEST] SE3 ⊕ and ⊖ mechanics... Compare operations on two different SE3 transforms
xi = TransformUtils.SE3(TransformUtils.SO3([0.770248 -0.334744 -0.54283; 0.329429 0.937659 -0.110777; 0.546072 -0.0934981 0.832504]), [-0.764539, 0.618632, -1.47719])
xj = TransformUtils.SE3(TransformUtils.SO3([0.987699 -0.141424 -0.0667132; 0.100832 0.902118 -0.419542; 0.119516 0.407654 0.905281]), [-1.20837, -0.311714, 0.627542])
Dx = TransformUtils.SE3(TransformUtils.SO3([0.859254 0.410861 0.304754; -0.247254 0.855105 -0.455698; -0.447825 0.316209 0.83634]), [0.500992, -0.920566, 2.09618])
[SUCCESS]
[TEST] previous discovered issues
TransformUtils.convert(Euler, q) = TransformUtils.Euler(0.7853981633974484, 0.0, 1.5707963267948963, TransformUtils.Quaternion(1.0, [0.0, 0.0, 0.0]))
INFO: TransformUtils tests passed

>>> End of log
