>>> 'Pkg.add("TransformUtils")' log
INFO: Cloning cache of TransformUtils from git://github.com/dehann/TransformUtils.jl.git
INFO: Installing TransformUtils v0.0.5
INFO: Package database updated
INFO: METADATA is out-of-date — you may not have the latest version of TransformUtils
INFO: Use `Pkg.update()` to get the latest versions of your packages

>>> 'Pkg.test("TransformUtils")' log
Julia Version 0.4.7
Commit ae26b25 (2016-09-18 16:17 UTC)
Platform Info:
  System: Linux (x86_64-pc-linux-gnu)
  CPU: Intel(R) Xeon(R) CPU E3-1241 v3 @ 3.50GHz
  WORD_SIZE: 64
           Ubuntu 14.04.5 LTS
  uname: Linux 3.13.0-108-generic #155-Ubuntu SMP Wed Jan 11 16:58:52 UTC 2017 x86_64 x86_64
Memory: 2.9392738342285156 GB (440.3203125 MB free)
Uptime: 38294.0 sec
Load Avg:  0.94580078125  1.02099609375  1.03564453125
Intel(R) Xeon(R) CPU E3-1241 v3 @ 3.50GHz: 
       speed         user         nice          sys         idle          irq
#1  3500 MHz    1893253 s       2093 s     142911 s    1379609 s        160 s
#2  3500 MHz    1175965 s       4676 s     122081 s    2372849 s          3 s

  BLAS: libopenblas (USE64BITINT DYNAMIC_ARCH NO_AFFINITY Nehalem)
  LAPACK: libopenblas64_
  LIBM: libopenlibm
  LLVM: libLLVM-3.3
Environment:
  TERM = vt100
  LD_LIBRARY_PATH = :/usr/local/lib/
  PATH = /usr/local/sbin:/usr/local/bin:/usr/sbin:/usr/bin:/sbin:/bin:/usr/games:/usr/local/games:/home/vagrant/julia/bin/
  JAVA_HOME = /usr/lib/jvm/java-7-oracle
  HOME = /home/vagrant

Package Directory: /home/vagrant/.julia/v0.4
2 required packages:
 - JSON                          0.8.3
 - TransformUtils                0.0.5
1 additional packages:
 - Compat                        0.19.0
INFO: Testing TransformUtils
WARNING: could not import Base.normalize into TransformUtils
WARNING: could not import Base.normalize! into TransformUtils
[TEST] constructors SO3, Quaternion, AngleAxis... [SUCCESS]
[TEST] comparison functions for SO3, Quaternion, AngleAxis... [SUCCESS]
[TEST] trivial case quaterion -> SO3 -> Euler -> quaternion... [SUCCESS]
[TEST] convert functions 
WARNING: Need better coverage on convert function tests
[TEST] compare SO3 and quaternion rotations... dAA = TransformUtils.AngleAxis(0.7853981633974483,[1.0,0.0,0.0])
dAA = TransformUtils.so3([0.0 0.0020366019612807337 -0.04603149695576048
 -0.0020366019612807337 0.0 -0.05685642540031809
 0.04603149695576048 0.05685642540031809 0.0])
dAA = TransformUtils.so3([0.0 0.10168010147443436 -0.025909944129354393
 -0.10168010147443436 0.0 -0.13731294751312553
 0.025909944129354393 0.13731294751312553 0.0])
dAA = TransformUtils.so3([0.0 0.03526986100772746 -0.17816309279974502
 -0.03526986100772746 0.0 0.06332131426453184
 0.17816309279974502 -0.06332131426453184 0.0])
dAA = TransformUtils.Quaternion(0.993484952725729,[0.045156587103339044,0.00034643224226740387,-0.10463465646446254])
dAA = TransformUtils.SO3([0.9927522142560253 -0.03384929603947871 -0.1153137730168884
 0.03572746143703093 0.9992598389036208 0.014259132286894502
 0.11474576065817942 -0.018275653529803516 0.9932267671076099])
[SUCCESS]
[TEST] basic SE3 mechanics... [SUCCESS]
[TEST] SE3 ⊕ and ⊖ mechanics... Compare operations on two different SE3 transforms
xi = TransformUtils.SE3(TransformUtils.SO3([0.9711838834555592 -0.06806414963938795 -0.228405639269362
 -0.047752892920790026 0.8833471011250846 -0.46628055948281305
 0.23349844910378845 0.46375119457288366 0.8546422080603959]),[1.1351645720513532,-0.39351199762678557,2.177009653220376])
xj = TransformUtils.SE3(TransformUtils.SO3([0.9884938706932659 -0.06997064842720042 0.13410434728420317
 0.034011156430470084 0.9666891774195662 0.25368341589103677
 -0.14738761426967717 -0.24620345777133137 0.9579461094139551]),[0.21828997250397109,0.5964021978396095,-1.3168731403551943])
Dx = TransformUtils.SE3(TransformUtils.SO3([0.9239704056516899 -0.17160469639803116 0.3418047946620869
 -0.10558852047652677 0.7445074275980508 0.65921146424718
 -0.36759999159878887 -0.6451825465908639 0.6697833438889752]),[-1.753541314457371,-0.6834481943463572,-3.238178121268238])
[SUCCESS]
[TEST] previous discovered issues
TransformUtils.convert(Euler,q) = TransformUtils.Euler(0.7853981633974484,0.0,1.5707963267948963,TransformUtils.Quaternion(1.0,[0.0,0.0,0.0]))
INFO: TransformUtils tests passed

>>> End of log
