>>> 'Pkg.add("TransformUtils")' log
INFO: Installing TranscodingStreams v0.5.2
INFO: Installing TransformUtils v0.1.0
INFO: Package database updated

>>> 'Pkg.test("TransformUtils")' log
Julia Version 0.6.2
Commit d386e40c17 (2017-12-13 18:08 UTC)
Platform Info:
  OS: Linux (x86_64-pc-linux-gnu)
  CPU: Intel(R) Xeon(R) CPU E3-1241 v3 @ 3.50GHz
  WORD_SIZE: 64
           Ubuntu 14.04.5 LTS
  uname: Linux 3.13.0-143-generic #192-Ubuntu SMP Tue Feb 27 10:45:36 UTC 2018 x86_64 x86_64
Memory: 2.939197540283203 GB (2341.5859375 MB free)
Uptime: 88026.0 sec
Load Avg:  0.951171875  1.02490234375  1.0029296875
Intel(R) Xeon(R) CPU E3-1241 v3 @ 3.50GHz: 
       speed         user         nice          sys         idle          irq
#1  3498 MHz    5454864 s       1931 s     341446 s    1775344 s         78 s
#2  3498 MHz    1325209 s       5254 s     138993 s    7182479 s          2 s

  BLAS: libopenblas (USE64BITINT DYNAMIC_ARCH NO_AFFINITY Nehalem)
  LAPACK: libopenblas64_
  LIBM: libopenlibm
  LLVM: libLLVM-3.9.1 (ORCJIT, haswell)
Environment:
  TERM = vt100
  LD_LIBRARY_PATH = :/usr/local/lib/
  PATH = /usr/local/sbin:/usr/local/bin:/usr/sbin:/usr/bin:/sbin:/bin:/usr/games:/usr/local/games:/home/vagrant/julia/bin/
  JAVA_HOME = /usr/lib/jvm/java-8-openjdk-amd64
  HOME = /home/vagrant

Package Directory: /home/vagrant/.julia/v0.6
6 required packages:
 - Conda                         0.7.1
 - JSON                          0.17.2
 - PyCall                        1.15.0
 - PyPlot                        2.5.0
 - RDatasets                     0.3.0
 - TransformUtils                0.1.0
29 additional packages:
 - BinDeps                       0.8.7
 - BinaryProvider                0.2.8
 - CSV                           0.2.4
 - CategoricalArrays             0.3.6
 - CodecZlib                     0.4.3
 - ColorTypes                    0.6.7
 - Colors                        0.8.2
 - Compat                        0.63.0
 - DataFrames                    0.11.5
 - DataStreams                   0.3.4
 - DataStructures                0.7.4
 - FileIO                        0.7.0
 - FixedPointNumbers             0.4.6
 - LaTeXStrings                  0.3.0
 - MacroTools                    0.4.0
 - Missings                      0.2.9
 - Mocking                       0.5.1
 - NamedTuples                   4.0.0
 - Nullables                     0.0.5
 - RData                         0.4.0
 - Reexport                      0.1.0
 - SHA                           0.5.6
 - SortingAlgorithms             0.2.0
 - SpecialFunctions              0.4.0
 - StatsBase                     0.20.1
 - TimeZones                     0.6.3
 - TranscodingStreams            0.5.2
 - URIParser                     0.3.1
 - WeakRefStrings                0.4.3
INFO: Testing TransformUtils
[TEST] constructors SO3, Quaternion, AngleAxis... [SUCCESS]
[TEST] comparison functions for SO3, Quaternion, AngleAxis... [SUCCESS]
[TEST] trivial case quaterion -> SO3 -> Euler -> quaternion... [SUCCESS]
[TEST] convert functions 
WARNING: Need better coverage on convert function tests
[TEST] compare SO3 and quaternion rotations... dAA = TransformUtils.AngleAxis(0.7853981633974483, [1.0, 0.0, 0.0])
dAA = TransformUtils.so3([0.0 0.120556 -0.107707; -0.120556 0.0 -0.00130076; 0.107707 0.00130076 0.0])
dAA = TransformUtils.so3([0.0 0.0353031 -0.0488886; -0.0353031 0.0 0.0319602; 0.0488886 -0.0319602 0.0])
dAA = TransformUtils.so3([0.0 -0.10363 0.0325428; 0.10363 0.0 -0.0998266; -0.0325428 0.0998266 0.0])
dAA = TransformUtils.Quaternion(0.9971935420097048, [-0.0199498, 0.0700985, 0.0171245])
dAA = TransformUtils.SO3([0.982414 0.178077 -0.0561422; -0.180948 0.982169 -0.0510016; 0.0460589 0.0602635 0.997119])
[SUCCESS]
[TEST] basic SE3 mechanics... [SUCCESS]
[TEST] SE3 ⊕ and ⊖ mechanics... Compare operations on two different SE3 transforms
xi = TransformUtils.SE3(TransformUtils.SO3([0.991387 0.12644 0.0341291; -0.125471 0.991668 -0.0291919; -0.0375357 0.0246582 0.998991]), [0.59938, 1.30203, -0.525108])
xj = TransformUtils.SE3(TransformUtils.SO3([0.993737 0.058838 0.095001; -0.0342708 0.969655 -0.242064; -0.106361 0.237293 0.965598]), [-1.32568, -1.72965, 1.22105])
Dx = TransformUtils.SE3(TransformUtils.SO3([0.99347 -0.0722389 0.0883102; 0.0890399 0.974866 -0.204226; -0.0713376 0.210755 0.974932]), [-1.59364, -3.20677, 1.7672])
[SUCCESS]
[TEST] previous discovered issues
TransformUtils.convert(Euler, q) = TransformUtils.Euler(0.7853981633974484, 0.0, 1.5707963267948963, TransformUtils.Quaternion(1.0, [0.0, 0.0, 0.0]))
INFO: TransformUtils tests passed

>>> End of log
