>>> 'Pkg.add("TransformUtils")' log
INFO: Cloning cache of TransformUtils from git://github.com/dehann/TransformUtils.jl.git
INFO: Installing TransformUtils v0.0.4
INFO: Package database updated

>>> 'Pkg.test("TransformUtils")' log
Julia Version 0.4.7
Commit ae26b25 (2016-09-18 16:17 UTC)
Platform Info:
  System: Linux (x86_64-pc-linux-gnu)
  CPU: Intel(R) Xeon(R) CPU E3-1241 v3 @ 3.50GHz
  WORD_SIZE: 64
           Ubuntu 14.04.5 LTS
  uname: Linux 3.13.0-106-generic #153-Ubuntu SMP Tue Dec 6 15:44:32 UTC 2016 x86_64 x86_64
Memory: 2.9392738342285156 GB (341.1640625 MB free)
Uptime: 33094.0 sec
Load Avg:  0.935546875  0.99462890625  1.0283203125
Intel(R) Xeon(R) CPU E3-1241 v3 @ 3.50GHz: 
       speed         user         nice          sys         idle          irq
#1  3500 MHz    1655962 s       1636 s     140800 s    1172488 s        119 s
#2  3500 MHz    1028304 s       4429 s     128978 s    2007274 s          1 s

  BLAS: libopenblas (USE64BITINT DYNAMIC_ARCH NO_AFFINITY Nehalem)
  LAPACK: libopenblas64_
  LIBM: libopenlibm
  LLVM: libLLVM-3.3
Environment:
  TERM = vt100
  LD_LIBRARY_PATH = :/usr/local/lib/
  PATH = /usr/local/sbin:/usr/local/bin:/usr/sbin:/usr/bin:/sbin:/bin:/usr/games:/usr/local/games:/home/vagrant/julia/bin/
  JAVA_HOME = /usr/lib/jvm/java-7-oracle
  HOME = /home/vagrant

Package Directory: /home/vagrant/.julia/v0.4
2 required packages:
 - JSON                          0.8.0
 - TransformUtils                0.0.4
1 additional packages:
 - Compat                        0.10.0
INFO: Testing TransformUtils
WARNING: could not import Base.normalize into TransformUtils
WARNING: could not import Base.normalize! into TransformUtils
[TEST] constructors SO3, Quaternion, AngleAxis... [SUCCESS]
[TEST] comparison functions for SO3, Quaternion, AngleAxis... [SUCCESS]
[TEST] trivial case quaterion -> SO3 -> Euler -> quaternion... [SUCCESS]
[TEST] convert functions 
WARNING: Need better coverage on convert function tests
[TEST] compare SO3 and quaternion rotations... dAA = TransformUtils.AngleAxis(0.7853981633974483,[1.0,0.0,0.0])
dAA = TransformUtils.so3([0.0 0.07876648202524976 -0.05330759781072169
 -0.07876648202524976 0.0 -0.0432538174280652
 0.05330759781072169 0.0432538174280652 0.0])
dAA = TransformUtils.so3([0.0 0.18045870775859785 -0.00207567313605818
 -0.18045870775859785 0.0 0.011168805220267487
 0.00207567313605818 -0.011168805220267487 0.0])
dAA = TransformUtils.so3([0.0 0.20313491680772336 0.08034353800374469
 -0.20313491680772336 0.0 0.015417453904235401
 -0.08034353800374469 -0.015417453904235401 0.0])
dAA = TransformUtils.Quaternion(0.9949561363380683,[-0.07736470700312231,-0.04294242638384824,-0.04725396163087051])
dAA = TransformUtils.SO3([0.9947257420292115 0.06892892818782591 -0.07595723140894635
 -0.05835942423181133 0.9893266901898341 0.13351733101496394
 0.08434972286715682 -0.1283803058763513 0.988131378570344])
[SUCCESS]
[TEST] basic SE3 mechanics... [SUCCESS]
INFO: TransformUtils tests passed

>>> End of log
