>>> 'Pkg.add("TransformUtils")' log
INFO: Cloning cache of TransformUtils from git://github.com/dehann/TransformUtils.jl.git
INFO: Installing TransformUtils v0.0.5
INFO: Package database updated
INFO: METADATA is out-of-date — you may not have the latest version of TransformUtils
INFO: Use `Pkg.update()` to get the latest versions of your packages

>>> 'Pkg.test("TransformUtils")' log
Julia Version 0.4.7
Commit ae26b25 (2016-09-18 16:17 UTC)
Platform Info:
  System: Linux (x86_64-pc-linux-gnu)
  CPU: Intel(R) Xeon(R) CPU E3-1241 v3 @ 3.50GHz
  WORD_SIZE: 64
           Ubuntu 14.04.5 LTS
  uname: Linux 3.13.0-108-generic #155-Ubuntu SMP Wed Jan 11 16:58:52 UTC 2017 x86_64 x86_64
Memory: 2.9392738342285156 GB (451.83203125 MB free)
Uptime: 41114.0 sec
Load Avg:  1.1630859375  1.0517578125  1.0478515625
Intel(R) Xeon(R) CPU E3-1241 v3 @ 3.50GHz: 
       speed         user         nice          sys         idle          irq
#1  3500 MHz    2032458 s       2077 s     171117 s    1447286 s        314 s
#2  3500 MHz    1303168 s       4115 s     153028 s    2414043 s          9 s

  BLAS: libopenblas (USE64BITINT DYNAMIC_ARCH NO_AFFINITY Nehalem)
  LAPACK: libopenblas64_
  LIBM: libopenlibm
  LLVM: libLLVM-3.3
Environment:
  TERM = vt100
  LD_LIBRARY_PATH = :/usr/local/lib/
  PATH = /usr/local/sbin:/usr/local/bin:/usr/sbin:/usr/bin:/sbin:/bin:/usr/games:/usr/local/games:/home/vagrant/julia/bin/
  JAVA_HOME = /usr/lib/jvm/java-7-oracle
  HOME = /home/vagrant

Package Directory: /home/vagrant/.julia/v0.4
2 required packages:
 - JSON                          0.8.3
 - TransformUtils                0.0.5
1 additional packages:
 - Compat                        0.18.0
INFO: Testing TransformUtils
WARNING: could not import Base.normalize into TransformUtils
WARNING: could not import Base.normalize! into TransformUtils
[TEST] constructors SO3, Quaternion, AngleAxis... [SUCCESS]
[TEST] comparison functions for SO3, Quaternion, AngleAxis... [SUCCESS]
[TEST] trivial case quaterion -> SO3 -> Euler -> quaternion... [SUCCESS]
[TEST] convert functions 
WARNING: Need better coverage on convert function tests
[TEST] compare SO3 and quaternion rotations... dAA = TransformUtils.AngleAxis(0.7853981633974483,[1.0,0.0,0.0])
dAA = TransformUtils.so3([0.0 -0.06361887671893199 0.07513602687262272
 0.06361887671893199 0.0 -0.06332597210281639
 -0.07513602687262272 0.06332597210281639 0.0])
dAA = TransformUtils.so3([0.0 -0.09826336178858582 -0.21920192163190497
 0.09826336178858582 0.0 -0.104385160944243
 0.21920192163190497 0.104385160944243 0.0])
dAA = TransformUtils.so3([0.0 -0.0418281206987859 0.16268536303263342
 0.0418281206987859 0.0 0.03155193239024303
 -0.16268536303263342 -0.03155193239024303 0.0])
dAA = TransformUtils.Quaternion(0.9957956081716277,[-0.08431476003695525,0.014481431112524118,0.03274776540379751])
dAA = TransformUtils.SO3([0.9898581284988284 -0.12618253049331773 -0.06525989919621557
 0.1360366883697547 0.9742964172420852 0.17955642780648978
 0.04092560154948886 -0.1866131301584641 0.9815806817527906])
[SUCCESS]
[TEST] basic SE3 mechanics... [SUCCESS]
[TEST] SE3 ⊕ and ⊖ mechanics... Compare operations on two different SE3 transforms
xi = TransformUtils.SE3(TransformUtils.SO3([0.962874120560155 -0.19703149740782544 0.1845318860921828
 0.1789131165411403 0.9776594474112992 0.1103272478446257
 -0.20214728463435913 -0.07321607690024913 0.9766144998914834]),[0.2666500490511358,-0.887424245944476,-0.90130672890232])
xj = TransformUtils.SE3(TransformUtils.SO3([0.9250252841999148 0.20443238337816294 0.32021184271852077
 -0.3002832201967959 0.909763356582459 0.286636743436811
 -0.23271916822451366 -0.36130047833644147 0.9029417218706582]),[-0.7751998788623964,0.891180540226482,-0.8437723773533344])
Dx = TransformUtils.SE3(TransformUtils.SO3([0.8840018481884342 0.4326471594331683 0.1770795522747992
 -0.45879505949360544 0.8756121254617831 0.1510314507927323
 -0.08970967497261195 -0.21475530535637333 0.9725391164562992]),[-0.6965850206453947,1.9399345842746127,0.060162920803225384])
[SUCCESS]
[TEST] previous discovered issues
TransformUtils.convert(Euler,q) = TransformUtils.Euler(0.7853981633974484,0.0,1.5707963267948963,TransformUtils.Quaternion(1.0,[0.0,0.0,0.0]))
INFO: TransformUtils tests passed

>>> End of log
