>>> 'Pkg.add("TransformUtils")' log
INFO: Cloning cache of TransformUtils from git://github.com/dehann/TransformUtils.jl.git
INFO: Installing TransformUtils v0.0.6
INFO: Package database updated
INFO: METADATA is out-of-date — you may not have the latest version of TransformUtils
INFO: Use `Pkg.update()` to get the latest versions of your packages

>>> 'Pkg.test("TransformUtils")' log
Julia Version 0.4.7
Commit ae26b25 (2016-09-18 16:17 UTC)
Platform Info:
  System: Linux (x86_64-pc-linux-gnu)
  CPU: Intel(R) Xeon(R) CPU E3-1241 v3 @ 3.50GHz
  WORD_SIZE: 64
           Ubuntu 14.04.5 LTS
  uname: Linux 3.13.0-132-generic #181-Ubuntu SMP Wed Sep 13 13:25:03 UTC 2017 x86_64 x86_64
Memory: 2.93927001953125 GB (459.8984375 MB free)
Uptime: 46952.0 sec
Load Avg:  0.94482421875  0.9853515625  0.9970703125
Intel(R) Xeon(R) CPU E3-1241 v3 @ 3.50GHz: 
       speed         user         nice          sys         idle          irq
#1  3508 MHz    2219872 s       2585 s     171132 s    1804216 s         35 s
#2  3508 MHz    1580637 s       5636 s     139881 s    2823670 s          0 s

  BLAS: libopenblas (USE64BITINT DYNAMIC_ARCH NO_AFFINITY Nehalem)
  LAPACK: libopenblas64_
  LIBM: libopenlibm
  LLVM: libLLVM-3.3
Environment:
  TERM = vt100
  LD_LIBRARY_PATH = :/usr/local/lib/
  PATH = /usr/local/sbin:/usr/local/bin:/usr/sbin:/usr/bin:/sbin:/bin:/usr/games:/usr/local/games:/home/vagrant/julia/bin/
  JAVA_HOME = /usr/lib/jvm/java-8-openjdk-amd64
  HOME = /home/vagrant

Package Directory: /home/vagrant/.julia/v0.4
2 required packages:
 - JSON                          0.9.1
 - TransformUtils                0.0.6
1 additional packages:
 - Compat                        0.26.0
INFO: Testing TransformUtils
WARNING: could not import Base.normalize into TransformUtils
WARNING: could not import Base.normalize! into TransformUtils
[TEST] constructors SO3, Quaternion, AngleAxis... [SUCCESS]
[TEST] comparison functions for SO3, Quaternion, AngleAxis... [SUCCESS]
[TEST] trivial case quaterion -> SO3 -> Euler -> quaternion... [SUCCESS]
[TEST] convert functions 
WARNING: Need better coverage on convert function tests
[TEST] compare SO3 and quaternion rotations... dAA = TransformUtils.AngleAxis(0.7853981633974483,[1.0,0.0,0.0])
dAA = TransformUtils.so3([0.0 0.10010211155565485 0.010629222148121887
 -0.10010211155565485 0.0 0.01335820157909342
 -0.010629222148121887 -0.01335820157909342 0.0])
dAA = TransformUtils.so3([0.0 0.026815575076342114 -0.18257830857538018
 -0.026815575076342114 0.0 0.07164118736326022
 0.18257830857538018 -0.07164118736326022 0.0])
dAA = TransformUtils.so3([0.0 0.09927844154715136 0.026233446277685646
 -0.09927844154715136 0.0 0.2186971475283897
 -0.026233446277685646 -0.2186971475283897 0.0])
dAA = TransformUtils.Quaternion(0.9961812696649262,[-0.026749544850308525,-0.08303785541261113,0.003471942907259921])
dAA = TransformUtils.SO3([0.9929412088217686 0.056893460738403095 -0.10407156167163314
 -0.05043011158269528 0.9966929756563883 0.06371747109679646
 0.10735250192390328 -0.05801936230623336 0.9925266716457832])
[SUCCESS]
[TEST] basic SE3 mechanics... [SUCCESS]
[TEST] SE3 ⊕ and ⊖ mechanics... Compare operations on two different SE3 transforms
xi = TransformUtils.SE3(TransformUtils.SO3([0.9966449804590182 0.07750497250239727 0.026301371889047083
 -0.08012189593066833 0.9895139387820082 0.1201775634159356
 -0.016711215345344126 -0.1218816811236156 0.9924039455222671]),[-0.29096315978760934,-0.012750012560115319,-0.7248920356129138])
xj = TransformUtils.SE3(TransformUtils.SO3([0.8827087454198959 0.22901950233537194 0.4103356410419305
 -0.3796810321871362 0.8620972077930846 0.3356050031103199
 -0.2768891196066474 -0.4520381309861211 0.8479351057587072]),[-1.1812053560612583,0.921356964351371,-0.9817735363861632])
Dx = TransformUtils.SE3(TransformUtils.SO3([0.9147951581822924 0.16673238121606954 0.36789962166364587
 -0.27353764521642093 0.9259025212638878 0.2605411249047471
 -0.2971985451103184 -0.3389761557561164 0.8926187263401518]),[-0.9578050362235007,0.8866228261885774,-0.1660861055195212])
[SUCCESS]
[TEST] previous discovered issues
TransformUtils.convert(Euler,q) = TransformUtils.Euler(0.7853981633974484,0.0,1.5707963267948963,TransformUtils.Quaternion(1.0,[0.0,0.0,0.0]))
INFO: TransformUtils tests passed

>>> End of log
