>>> 'Pkg.add("TransformUtils")' log
INFO: Installing TranscodingStreams v0.5.2
INFO: Installing TransformUtils v0.1.0
INFO: Package database updated

>>> 'Pkg.test("TransformUtils")' log
Julia Version 0.6.3
Commit d55cadc350 (2018-05-28 20:20 UTC)
Platform Info:
  OS: Linux (x86_64-pc-linux-gnu)
  CPU: Intel(R) Xeon(R) CPU E3-1241 v3 @ 3.50GHz
  WORD_SIZE: 64
           Ubuntu 14.04.5 LTS
  uname: Linux 3.13.0-143-generic #192-Ubuntu SMP Tue Feb 27 10:45:36 UTC 2018 x86_64 x86_64
Memory: 2.939197540283203 GB (2303.5078125 MB free)
Uptime: 75951.0 sec
Load Avg:  1.025390625  1.17626953125  1.095703125
Intel(R) Xeon(R) CPU E3-1241 v3 @ 3.50GHz: 
       speed         user         nice          sys         idle          irq
#1  3495 MHz    4834696 s       4111 s     350631 s    1168884 s         12 s
#2  3495 MHz     843307 s        429 s     107103 s    6528658 s          0 s

  BLAS: libopenblas (USE64BITINT DYNAMIC_ARCH NO_AFFINITY Nehalem)
  LAPACK: libopenblas64_
  LIBM: libopenlibm
  LLVM: libLLVM-3.9.1 (ORCJIT, haswell)
Environment:
  TERM = vt100
  LD_LIBRARY_PATH = :/usr/local/lib/
  PATH = /usr/local/sbin:/usr/local/bin:/usr/sbin:/usr/bin:/sbin:/bin:/usr/games:/usr/local/games:/home/vagrant/julia/bin/
  JAVA_HOME = /usr/lib/jvm/java-8-openjdk-amd64
  HOME = /home/vagrant

Package Directory: /home/vagrant/.julia/v0.6
7 required packages:
 - Conda                         0.8.1
 - JSON                          0.17.2
 - POMDPModels                   0.2.2
 - PyCall                        1.17.1
 - PyPlot                        2.5.0
 - RDatasets                     0.4.0
 - TransformUtils                0.1.0
67 additional packages:
 - AbstractTrees                 0.1.0
 - AssetRegistry                 0.0.2
 - AutoHashEquals                0.2.0
 - BinDeps                       0.8.8
 - BinaryProvider                0.3.3
 - Blink                         0.6.2
 - CPUTime                       0.1.0
 - CSV                           0.2.5
 - Calculus                      0.4.0
 - CategoricalArrays             0.3.10
 - CodecZlib                     0.4.3
 - ColorTypes                    0.6.7
 - Colors                        0.8.2
 - Compat                        0.69.0
 - D3Trees                       0.2.0
 - DataFrames                    0.11.6
 - DataStreams                   0.3.6
 - DataStructures                0.8.3
 - DiscreteValueIteration        0.0.0-             master (unregistered)
 - Distributions                 0.15.0
 - Emoji_Entities                0.2.4              81d15593 (dirty)
 - FileIO                        0.9.1
 - FixedPointNumbers             0.4.6
 - HTML_Entities                 0.2.4              1a5cf18a (dirty)
 - Hiccup                        0.1.1
 - HttpCommon                    0.4.0
 - HttpParser                    0.4.0
 - HttpServer                    0.3.1
 - InternedStrings               0.6.2
 - Iterators                     0.3.1
 - LaTeXStrings                  1.0.0
 - LaTeX_Entities                0.2.4              96871748 (dirty)
 - Lazy                          0.12.1
 - LightXML                      0.6.0
 - MCTS                          0.0.0-             master (unregistered)
 - MacroTools                    0.4.2
 - MbedTLS                       0.5.11
 - Missings                      0.2.10
 - Mocking                       0.5.4
 - Mustache                      0.3.3
 - Mux                           0.3.0
 - NamedTuples                   4.0.2
 - Nullables                     0.0.6
 - PDMats                        0.8.0
 - POMDPToolbox                  0.2.7
 - POMDPs                        0.6.7
 - Pidfile                       1.0.0
 - ProgressMeter                 0.5.6
 - QuadGK                        0.3.0
 - RData                         0.4.0
 - Reexport                      0.1.0
 - Requires                      0.4.4
 - Rmath                         0.4.0
 - SHA                           0.5.7
 - SortingAlgorithms             0.2.1
 - SpecialFunctions              0.6.0
 - StaticArrays                  0.7.2
 - StatsBase                     0.23.1
 - StatsFuns                     0.6.1
 - StrTables                     0.2.4
 - TikzPictures                  1.2.0
 - TimeZones                     0.7.2
 - TranscodingStreams            0.5.2
 - URIParser                     0.3.1
 - VersionParsing                1.1.1
 - WeakRefStrings                0.4.7
 - WebSockets                    0.5.0
INFO: Testing TransformUtils
[TEST] constructors SO3, Quaternion, AngleAxis... [SUCCESS]
[TEST] comparison functions for SO3, Quaternion, AngleAxis... [SUCCESS]
[TEST] trivial case quaterion -> SO3 -> Euler -> quaternion... [SUCCESS]
[TEST] convert functions 
WARNING: Need better coverage on convert function tests
[TEST] compare SO3 and quaternion rotations... dAA = TransformUtils.AngleAxis(0.7853981633974483, [1.0, 0.0, 0.0])
dAA = TransformUtils.so3([0.0 0.0564819 0.0519822; -0.0564819 0.0 0.191399; -0.0519822 -0.191399 0.0])
dAA = TransformUtils.so3([0.0 0.0339744 0.0405448; -0.0339744 0.0 -0.0921197; -0.0405448 0.0921197 0.0])
dAA = TransformUtils.so3([0.0 -0.0442415 0.0140395; 0.0442415 0.0 0.213443; -0.0140395 -0.213443 0.0])
dAA = TransformUtils.Quaternion(0.9999161651386899, [-0.00806631, 0.00909783, 0.00445275])
dAA = TransformUtils.SO3([0.988178 0.101245 -0.115121; -0.109461 0.991702 -0.0674247; 0.107339 0.0792289 0.991061])
[SUCCESS]
[TEST] basic SE3 mechanics... [SUCCESS]
[TEST] SE3 ⊕ and ⊖ mechanics... Compare operations on two different SE3 transforms
xi = TransformUtils.SE3(TransformUtils.SO3([0.985549 0.0630017 0.157237; -0.0136338 0.954751 -0.297094; -0.16884 0.290657 0.941813]), [0.874674, -0.447396, 0.534229])
xj = TransformUtils.SE3(TransformUtils.SO3([0.982839 0.0777861 -0.167264; -0.0218217 0.949404 0.313297; 0.183171 -0.304271 0.934809]), [1.0783, 0.847301, -1.16582])
Dx = TransformUtils.SE3(TransformUtils.SO3([0.938007 0.115091 -0.326951; 0.0943262 0.822907 0.560291; 0.333535 -0.556397 0.761036]), [0.470064, 0.754812, -1.95376])
[SUCCESS]
[TEST] previous discovered issues
TransformUtils.convert(Euler, q) = TransformUtils.Euler(0.7853981633974484, 0.0, 1.5707963267948963, TransformUtils.Quaternion(1.0, [0.0, 0.0, 0.0]))
INFO: TransformUtils tests passed

>>> End of log
