>>> 'Pkg.add("TransformUtils")' log
INFO: Cloning cache of TransformUtils from git://github.com/dehann/TransformUtils.jl.git
INFO: Installing TransformUtils v0.0.2
INFO: Package database updated

>>> 'Pkg.test("TransformUtils")' log
Julia Version 0.4.6
Commit 2e358ce (2016-06-19 17:16 UTC)
Platform Info:
  System: Linux (x86_64-unknown-linux-gnu)
  CPU: Intel(R) Xeon(R) CPU E3-1241 v3 @ 3.50GHz
  WORD_SIZE: 64
           Ubuntu 14.04.5 LTS
  uname: Linux 3.13.0-95-generic #142-Ubuntu SMP Fri Aug 12 17:00:09 UTC 2016 x86_64 x86_64
Memory: 2.4471054077148438 GB (347.55859375 MB free)
Uptime: 26904.0 sec
Load Avg:  1.0166015625  0.9677734375  0.97900390625
Intel(R) Xeon(R) CPU E3-1241 v3 @ 3.50GHz: 
       speed         user         nice          sys         idle          irq
#1  3499 MHz    1212719 s       3711 s     125355 s    1009633 s         83 s
#2  3499 MHz     717063 s       4138 s     104940 s    1729275 s          2 s

  BLAS: libopenblas (USE64BITINT DYNAMIC_ARCH NO_AFFINITY Nehalem)
  LAPACK: libopenblas64_
  LIBM: libopenlibm
  LLVM: libLLVM-3.3
Environment:
  TERM = vt100
  LD_LIBRARY_PATH = :/usr/local/lib/
  PATH = /usr/local/sbin:/usr/local/bin:/usr/sbin:/usr/bin:/sbin:/bin:/usr/games:/usr/local/games:/home/vagrant/julia/bin/
  JAVA_HOME = /usr/lib/jvm/java-7-oracle
  HOME = /home/vagrant

Package Directory: /home/vagrant/.julia/v0.4
2 required packages:
 - JSON                          0.7.0
 - TransformUtils                0.0.2
1 additional packages:
 - Compat                        0.8.8
INFO: Testing TransformUtils
[TEST] constructors SO3, Quaternion, AngleAxis... [SUCCESS]
[TEST] comparison functions for SO3, Quaternion, AngleAxis... [SUCCESS]
[TEST] trivial case quaterion -> SO3 -> Euler -> quaternion... [SUCCESS]
[TEST] convert functions 
WARNING: Need better coverage on convert function tests
[TEST] compare SO3 and quaternion rotations... dAA = TransformUtils.AngleAxis(0.7853981633974483,[1.0,0.0,0.0])
dAA = TransformUtils.so3([0.0 -0.030534118041350047 -0.018123177642854964
 0.030534118041350047 0.0 0.04719612086449129
 0.018123177642854964 -0.04719612086449129 0.0])
dAA = TransformUtils.so3([0.0 -0.11780218383619023 -0.018328090288657936
 0.11780218383619023 0.0 -0.08286517073197167
 0.018328090288657936 0.08286517073197167 0.0])
dAA = TransformUtils.so3([0.0 0.09764078347702405 -0.07400593356654066
 -0.09764078347702405 0.0 -0.05381634733111182
 0.07400593356654066 0.05381634733111182 0.0])
dAA = TransformUtils.Quaternion(0.9974172818976647,[0.03515503566645713,-0.06226906413335338,-0.006741875934870004])
dAA = TransformUtils.SO3([0.9751346955157043 0.21109303862483553 -0.0674689161438677
 -0.21272445381266708 0.9769481630861707 -0.017905121967165857
 0.062133987089169104 0.03181219399366072 0.9975607008907843])
[SUCCESS]
[TEST] basic SE3 mechanics... [SUCCESS]
INFO: TransformUtils tests passed

>>> End of log
