>>> 'Pkg.add("TransformUtils")' log
INFO: Cloning cache of TransformUtils from git://github.com/dehann/TransformUtils.jl.git
INFO: Installing TransformUtils v0.0.6
INFO: Package database updated
INFO: METADATA is out-of-date — you may not have the latest version of TransformUtils
INFO: Use `Pkg.update()` to get the latest versions of your packages

>>> 'Pkg.test("TransformUtils")' log
Julia Version 0.4.7
Commit ae26b25 (2016-09-18 16:17 UTC)
Platform Info:
  System: Linux (x86_64-pc-linux-gnu)
  CPU: Intel(R) Xeon(R) CPU E3-1241 v3 @ 3.50GHz
  WORD_SIZE: 64
           Ubuntu 14.04.5 LTS
  uname: Linux 3.13.0-121-generic #170-Ubuntu SMP Wed Jun 14 09:04:33 UTC 2017 x86_64 x86_64
Memory: 2.9392738342285156 GB (449.578125 MB free)
Uptime: 46229.0 sec
Load Avg:  1.25439453125  1.056640625  0.99755859375
Intel(R) Xeon(R) CPU E3-1241 v3 @ 3.50GHz: 
       speed         user         nice          sys         idle          irq
#1  3500 MHz    2223065 s       5760 s     169744 s    1759304 s        119 s
#2  3500 MHz    1565112 s        890 s     143866 s    2729234 s          4 s

  BLAS: libopenblas (USE64BITINT DYNAMIC_ARCH NO_AFFINITY Nehalem)
  LAPACK: libopenblas64_
  LIBM: libopenlibm
  LLVM: libLLVM-3.3
Environment:
  TERM = vt100
  LD_LIBRARY_PATH = :/usr/local/lib/
  PATH = /usr/local/sbin:/usr/local/bin:/usr/sbin:/usr/bin:/sbin:/bin:/usr/games:/usr/local/games:/home/vagrant/julia/bin/
  JAVA_HOME = /usr/lib/jvm/java-8-openjdk-amd64
  HOME = /home/vagrant

Package Directory: /home/vagrant/.julia/v0.4
2 required packages:
 - JSON                          0.9.1
 - TransformUtils                0.0.6
1 additional packages:
 - Compat                        0.26.0
INFO: Testing TransformUtils
WARNING: could not import Base.normalize into TransformUtils
WARNING: could not import Base.normalize! into TransformUtils
[TEST] constructors SO3, Quaternion, AngleAxis... [SUCCESS]
[TEST] comparison functions for SO3, Quaternion, AngleAxis... [SUCCESS]
[TEST] trivial case quaterion -> SO3 -> Euler -> quaternion... [SUCCESS]
[TEST] convert functions 
WARNING: Need better coverage on convert function tests
[TEST] compare SO3 and quaternion rotations... dAA = TransformUtils.AngleAxis(0.7853981633974483,[1.0,0.0,0.0])
dAA = TransformUtils.so3([0.0 0.1215255568640271 0.011421471699024447
 -0.1215255568640271 0.0 0.10722562554576294
 -0.011421471699024447 -0.10722562554576294 0.0])
dAA = TransformUtils.so3([0.0 -0.08100790207472364 0.04842285376872635
 0.08100790207472364 0.0 0.04366200733905214
 -0.04842285376872635 -0.04366200733905214 0.0])
dAA = TransformUtils.so3([0.0 0.07886757083632917 -0.08303189255395052
 -0.07886757083632917 0.0 0.11501412189010614
 0.08303189255395052 -0.11501412189010614 0.0])
dAA = TransformUtils.Quaternion(0.9985042488647864,[-0.03266206675257038,-0.029362163502027513,-0.03256252061649487])
dAA = TransformUtils.SO3([0.9989940289635211 0.023510520708374918 0.038186195296899816
 -0.019995333841774137 0.9957445808642378 -0.0899606375258621
 -0.04013871846220182 0.08910659400697919 0.9952129913665153])
[SUCCESS]
[TEST] basic SE3 mechanics... [SUCCESS]
[TEST] SE3 ⊕ and ⊖ mechanics... Compare operations on two different SE3 transforms
xi = TransformUtils.SE3(TransformUtils.SO3([0.9929858906524784 -0.11815579390500265 0.004269582155523625
 0.11583381010188204 0.9649646594125165 -0.23542670732558635
 0.023697033619956714 0.23426996062569502 0.9718827275685323]),[-1.1867506722275492,1.8425240168255446,-0.6749615844274631])
xj = TransformUtils.SE3(TransformUtils.SO3([0.9362168896637962 0.21960838859614007 0.274353952343417
 -0.2617854501994852 0.9566586640950291 0.12756401716693924
 -0.23444895728516268 -0.19124946031328047 0.9531302798451946]),[-1.8441341053365277,0.08195261762934451,-0.561399335473228])
Dx = TransformUtils.SE3(TransformUtils.SO3([0.8937708110779047 0.32434940448315513 0.3097921901477943
 -0.4181575056483268 0.8523897949324396 0.3139680524591676
 -0.1622283505898828 -0.41015741040051423 0.897470256308492]),[-0.8540150785197742,-1.5946112955667167,0.5220479632114816])
[SUCCESS]
[TEST] previous discovered issues
TransformUtils.convert(Euler,q) = TransformUtils.Euler(0.7853981633974484,0.0,1.5707963267948963,TransformUtils.Quaternion(1.0,[0.0,0.0,0.0]))
INFO: TransformUtils tests passed

>>> End of log
