>>> 'Pkg.add("TransformUtils")' log
INFO: Cloning cache of TransformUtils from git://github.com/dehann/TransformUtils.jl.git
INFO: Installing TransformUtils v0.0.6
INFO: Package database updated
INFO: METADATA is out-of-date — you may not have the latest version of TransformUtils
INFO: Use `Pkg.update()` to get the latest versions of your packages

>>> 'Pkg.test("TransformUtils")' log
Julia Version 0.4.7
Commit ae26b25 (2016-09-18 16:17 UTC)
Platform Info:
  System: Linux (x86_64-pc-linux-gnu)
  CPU: Intel(R) Xeon(R) CPU E3-1241 v3 @ 3.50GHz
  WORD_SIZE: 64
           Ubuntu 14.04.5 LTS
  uname: Linux 3.13.0-119-generic #166-Ubuntu SMP Wed May 3 12:18:55 UTC 2017 x86_64 x86_64
Memory: 2.9392738342285156 GB (454.90625 MB free)
Uptime: 44274.0 sec
Load Avg:  0.955078125  1.03271484375  1.0947265625
Intel(R) Xeon(R) CPU E3-1241 v3 @ 3.50GHz: 
       speed         user         nice          sys         idle          irq
#1  3504 MHz    2170011 s       7390 s     165274 s    1625576 s         90 s
#2  3504 MHz    1457270 s       1416 s     137316 s    2691858 s          2 s

  BLAS: libopenblas (USE64BITINT DYNAMIC_ARCH NO_AFFINITY Nehalem)
  LAPACK: libopenblas64_
  LIBM: libopenlibm
  LLVM: libLLVM-3.3
Environment:
  TERM = vt100
  LD_LIBRARY_PATH = :/usr/local/lib/
  PATH = /usr/local/sbin:/usr/local/bin:/usr/sbin:/usr/bin:/sbin:/bin:/usr/games:/usr/local/games:/home/vagrant/julia/bin/
  JAVA_HOME = /usr/lib/jvm/java-7-oracle
  HOME = /home/vagrant

Package Directory: /home/vagrant/.julia/v0.4
2 required packages:
 - JSON                          0.9.1
 - TransformUtils                0.0.6
1 additional packages:
 - Compat                        0.25.2
INFO: Testing TransformUtils
WARNING: could not import Base.normalize into TransformUtils
WARNING: could not import Base.normalize! into TransformUtils
[TEST] constructors SO3, Quaternion, AngleAxis... [SUCCESS]
[TEST] comparison functions for SO3, Quaternion, AngleAxis... [SUCCESS]
[TEST] trivial case quaterion -> SO3 -> Euler -> quaternion... [SUCCESS]
[TEST] convert functions 
WARNING: Need better coverage on convert function tests
[TEST] compare SO3 and quaternion rotations... dAA = TransformUtils.AngleAxis(0.7853981633974483,[1.0,0.0,0.0])
dAA = TransformUtils.so3([0.0 0.028837767758306466 -0.0826738642856989
 -0.028837767758306466 0.0 0.16067675626550385
 0.0826738642856989 -0.16067675626550385 0.0])
dAA = TransformUtils.so3([0.0 -0.00529996465785149 -0.017734005560501014
 0.00529996465785149 0.0 0.03224166722001127
 0.017734005560501014 -0.03224166722001127 0.0])
dAA = TransformUtils.so3([0.0 -0.02922716768947738 -0.08127545427525573
 0.02922716768947738 0.0 0.028016562855263445
 0.08127545427525573 -0.028016562855263445 0.0])
dAA = TransformUtils.Quaternion(0.9911756789396777,[0.10952195241869343,0.022691967079135556,-0.07113923001372371])
dAA = TransformUtils.SO3([0.9927160248854457 0.10711404927945475 -0.05514956375709937
 -0.09714240193941451 0.9824103835510604 0.15947787318778858
 0.07126182485090504 -0.1529588792388911 0.9856598467934575])
[SUCCESS]
[TEST] basic SE3 mechanics... [SUCCESS]
[TEST] SE3 ⊕ and ⊖ mechanics... Compare operations on two different SE3 transforms
xi = TransformUtils.SE3(TransformUtils.SO3([0.9978836482012166 -0.03672193314391829 -0.053663062517939016
 0.046742535033045284 0.9788041878856572 0.19939282132560252
 0.0452035404732325 -0.20147918354925085 0.9784491701284294]),[0.46999305412221026,-0.7373511364841931,0.625165637649142])
xj = TransformUtils.SE3(TransformUtils.SO3([0.8370636951766892 0.4436042011420337 0.3202181802244914
 -0.4691556589576574 0.8831103827879916 0.0030032449206175214
 -0.2814557476498803 -0.15274607864421588 0.9473390615685927]),[-0.7598164928673321,-1.8094594787126126,-0.559633239788929])
Dx = TransformUtils.SE3(TransformUtils.SO3([0.8006398528146107 0.47703953305039115 0.36250394479517484
 -0.43324264656774797 0.8788772924370792 -0.19968854256927773
 -0.4138558146021052 0.0028264368971202547 0.9103380558751207]),[-1.3308770030973542,-0.7655108407797325,-1.3070408389167563])
[SUCCESS]
[TEST] previous discovered issues
TransformUtils.convert(Euler,q) = TransformUtils.Euler(0.7853981633974484,0.0,1.5707963267948963,TransformUtils.Quaternion(1.0,[0.0,0.0,0.0]))
INFO: TransformUtils tests passed

>>> End of log
