>>> 'Pkg.add("TransformUtils")' log
INFO: Installing TransformUtils v0.0.6
INFO: Package database updated
INFO: METADATA is out-of-date — you may not have the latest version of TransformUtils
INFO: Use `Pkg.update()` to get the latest versions of your packages

>>> 'Pkg.test("TransformUtils")' log
Julia Version 0.6.0
Commit 9036443 (2017-06-19 13:05 UTC)
Platform Info:
  OS: Linux (x86_64-pc-linux-gnu)
  CPU: Intel(R) Xeon(R) CPU E3-1241 v3 @ 3.50GHz
  WORD_SIZE: 64
           Ubuntu 14.04.5 LTS
  uname: Linux 3.13.0-128-generic #177-Ubuntu SMP Tue Aug 8 11:40:23 UTC 2017 x86_64 x86_64
Memory: 2.9392738342285156 GB (2436.46484375 MB free)
Uptime: 78311.0 sec
Load Avg:  0.96142578125  0.9365234375  1.01318359375
Intel(R) Xeon(R) CPU E3-1241 v3 @ 3.50GHz: 
       speed         user         nice          sys         idle          irq
#1  3500 MHz    5235164 s       6647 s     233189 s    1039555 s         56 s
#2  3500 MHz    1032835 s         72 s     110004 s    6552628 s          2 s

  BLAS: libopenblas (USE64BITINT DYNAMIC_ARCH NO_AFFINITY Nehalem)
  LAPACK: libopenblas64_
  LIBM: libopenlibm
  LLVM: libLLVM-3.9.1 (ORCJIT, haswell)
Environment:
  TERM = vt100
  LD_LIBRARY_PATH = :/usr/local/lib/
  PATH = /usr/local/sbin:/usr/local/bin:/usr/sbin:/usr/bin:/sbin:/bin:/usr/games:/usr/local/games:/home/vagrant/julia/bin/
  JAVA_HOME = /usr/lib/jvm/java-8-openjdk-amd64
  HOME = /home/vagrant

Package Directory: /home/vagrant/.julia/v0.6
2 required packages:
 - JSON                          0.13.0
 - TransformUtils                0.0.6
1 additional packages:
 - Compat                        0.31.0
INFO: Testing TransformUtils

WARNING: deprecated syntax "typealias FloatInt Union{Float64,Int}" at /home/vagrant/.julia/v0.6/TransformUtils/src/TransformUtils.jl:77.
Use "const FloatInt = Union{Float64,Int}" instead.

WARNING: deprecated syntax "typealias VectorFloatInt Union{Vector{Float64},Vector{Int}}" at /home/vagrant/.julia/v0.6/TransformUtils/src/TransformUtils.jl:78.
Use "const VectorFloatInt = Union{Vector{Float64},Vector{Int}}" instead.

WARNING: deprecated syntax "typealias AxisAngle AngleAxis" at /home/vagrant/.julia/v0.6/TransformUtils/src/TransformUtils.jl:97.
Use "const AxisAngle = AngleAxis" instead.

WARNING: deprecated syntax "typealias FloatInt Union{Float64,Int}" at /home/vagrant/.julia/v0.6/TransformUtils/src/TransformUtils.jl:77.
Use "const FloatInt = Union{Float64,Int}" instead.

WARNING: deprecated syntax "typealias VectorFloatInt Union{Vector{Float64},Vector{Int}}" at /home/vagrant/.julia/v0.6/TransformUtils/src/TransformUtils.jl:78.
Use "const VectorFloatInt = Union{Vector{Float64},Vector{Int}}" instead.

WARNING: deprecated syntax "typealias AxisAngle AngleAxis" at /home/vagrant/.julia/v0.6/TransformUtils/src/TransformUtils.jl:97.
Use "const AxisAngle = AngleAxis" instead.
WARNING: Method definition *(TransformUtils.SO3, TransformUtils.so3) in module TransformUtils at /home/vagrant/.julia/v0.6/TransformUtils/src/TransformUtils.jl:202 overwritten at /home/vagrant/.julia/v0.6/TransformUtils/src/TransformUtils.jl:229.
WARNING: Method definition *(TransformUtils.so3, TransformUtils.SO3) in module TransformUtils at /home/vagrant/.julia/v0.6/TransformUtils/src/TransformUtils.jl:205 overwritten at /home/vagrant/.julia/v0.6/TransformUtils/src/TransformUtils.jl:230.
WARNING: Method definition compare(TransformUtils.SE3, TransformUtils.SE3) in module TransformUtils at /home/vagrant/.julia/v0.6/TransformUtils/src/TransformUtils.jl:259 overwritten at /home/vagrant/.julia/v0.6/TransformUtils/src/TransformUtils.jl:272.
WARNING: Method definition #compare(Array{Any, 1}, typeof(TransformUtils.compare), TransformUtils.SE3, TransformUtils.SE3) in module TransformUtils overwritten.
WARNING: Method definition *(TransformUtils.SO3, TransformUtils.so3) in module TransformUtils at /home/vagrant/.julia/v0.6/TransformUtils/src/TransformUtils.jl:229 overwritten at /home/vagrant/.julia/v0.6/TransformUtils/src/TransformUtils.jl:202.
WARNING: Method definition *(TransformUtils.so3, TransformUtils.SO3) in module TransformUtils at /home/vagrant/.julia/v0.6/TransformUtils/src/TransformUtils.jl:230 overwritten at /home/vagrant/.julia/v0.6/TransformUtils/src/TransformUtils.jl:205.
[TEST] constructors SO3, Quaternion, AngleAxis... [SUCCESS]
[TEST] comparison functions for SO3, Quaternion, AngleAxis... [SUCCESS]
[TEST] trivial case quaterion -> SO3 -> Euler -> quaternion... [SUCCESS]
[TEST] convert functions 
WARNING: Need better coverage on convert function tests
[TEST] compare SO3 and quaternion rotations... dAA = TransformUtils.AngleAxis(0.7853981633974483, [1.0, 0.0, 0.0])
dAA = TransformUtils.so3([0.0 -0.0404614 0.0147041; 0.0404614 0.0 -0.0159345; -0.0147041 0.0159345 0.0])
dAA = TransformUtils.so3([0.0 -0.0134291 -0.0718771; 0.0134291 0.0 -0.237988; 0.0718771 0.237988 0.0])
dAA = TransformUtils.so3([0.0 -0.00657975 -0.165461; 0.00657975 0.0 0.0571921; 0.165461 -0.0571921 0.0])
dAA = TransformUtils.Quaternion(0.989203189257071, [-0.134452, 0.0194095, 0.0549817])
dAA = TransformUtils.SO3([0.996374 0.0829164 -0.0190627; -0.082822 0.996548 0.00568775; 0.0194685 -0.00408832 0.999802])
[SUCCESS]
[TEST] basic SE3 mechanics... [SUCCESS]
[TEST] SE3 ⊕ and ⊖ mechanics... Compare operations on two different SE3 transforms
xi = TransformUtils.SE3(TransformUtils.SO3([0.945206 -0.247694 -0.212682; 0.26474 0.96273 0.0553474; 0.191046 -0.10862 0.975553]), [0.684822, -1.18618, 1.72151])
xj = TransformUtils.SE3(TransformUtils.SO3([0.925892 -0.347255 0.148788; 0.351716 0.936099 -0.00393847; -0.137913 0.0559777 0.988861]), [-0.992934, 0.919137, -0.887634])
Dx = TransformUtils.SE3(TransformUtils.SO3([0.941924 -0.0697102 0.328511; 0.124249 0.981143 -0.148056; -0.311995 0.180275 0.932824]), [-1.52693, 2.72583, -2.072])
[SUCCESS]
[TEST] previous discovered issues
TransformUtils.convert(Euler, q) = TransformUtils.Euler(0.7853981633974484, 0.0, 1.5707963267948963, TransformUtils.Quaternion(1.0, [0.0, 0.0, 0.0]))
INFO: TransformUtils tests passed

>>> End of log
