>>> 'Pkg.add("TransformUtils")' log
INFO: Cloning cache of TransformUtils from git://github.com/dehann/TransformUtils.jl.git
INFO: Installing TransformUtils v0.0.2
INFO: Package database updated
INFO: METADATA is out-of-date — you may not have the latest version of TransformUtils
INFO: Use `Pkg.update()` to get the latest versions of your packages

>>> 'Pkg.test("TransformUtils")' log
Julia Version 0.4.7
Commit ae26b25 (2016-09-18 16:17 UTC)
Platform Info:
  System: Linux (x86_64-pc-linux-gnu)
  CPU: Intel(R) Xeon(R) CPU E3-1241 v3 @ 3.50GHz
  WORD_SIZE: 64
           Ubuntu 14.04.5 LTS
  uname: Linux 3.13.0-100-generic #147-Ubuntu SMP Tue Oct 18 16:48:51 UTC 2016 x86_64 x86_64
Memory: 2.939289093017578 GB (1092.2734375 MB free)
Uptime: 30588.0 sec
Load Avg:  1.2578125  1.0927734375  1.0625
Intel(R) Xeon(R) CPU E3-1241 v3 @ 3.50GHz: 
       speed         user         nice          sys         idle          irq
#1  3499 MHz    1477397 s       8008 s     128412 s    1131625 s        128 s
#2  3499 MHz     952016 s        486 s     111033 s    1881964 s          3 s

  BLAS: libopenblas (USE64BITINT DYNAMIC_ARCH NO_AFFINITY Nehalem)
  LAPACK: libopenblas64_
  LIBM: libopenlibm
  LLVM: libLLVM-3.3
Environment:
  TERM = vt100
  LD_LIBRARY_PATH = :/usr/local/lib/
  PATH = /usr/local/sbin:/usr/local/bin:/usr/sbin:/usr/bin:/sbin:/bin:/usr/games:/usr/local/games:/home/vagrant/julia/bin/
  JAVA_HOME = /usr/lib/jvm/java-7-oracle
  HOME = /home/vagrant

Package Directory: /home/vagrant/.julia/v0.4
2 required packages:
 - JSON                          0.8.0
 - TransformUtils                0.0.2
1 additional packages:
 - Compat                        0.9.3
INFO: Testing TransformUtils
[TEST] constructors SO3, Quaternion, AngleAxis... [SUCCESS]
[TEST] comparison functions for SO3, Quaternion, AngleAxis... [SUCCESS]
[TEST] trivial case quaterion -> SO3 -> Euler -> quaternion... [SUCCESS]
[TEST] convert functions 
WARNING: Need better coverage on convert function tests
[TEST] compare SO3 and quaternion rotations... dAA = TransformUtils.AngleAxis(0.7853981633974483,[1.0,0.0,0.0])
dAA = TransformUtils.so3([0.0 -0.09970147197247772 0.12156241645646762
 0.09970147197247772 0.0 0.126338259141183
 -0.12156241645646762 -0.126338259141183 0.0])
dAA = TransformUtils.so3([0.0 0.07827612942893114 0.17222621311120312
 -0.07827612942893114 0.0 0.017483698158095345
 -0.17222621311120312 -0.017483698158095345 0.0])
dAA = TransformUtils.so3([0.0 -0.021347046347118027 0.2292076999039322
 0.021347046347118027 0.0 0.11975311688911183
 -0.2292076999039322 -0.11975311688911183 0.0])
dAA = TransformUtils.Quaternion(0.9884149378434088,[0.1253933360807354,0.02378666980027821,-0.08213778822421866])
dAA = TransformUtils.SO3([0.9997875304911065 -0.010466653599434033 0.017757900690252276
 0.009103514445377627 0.9971285108049349 0.07517884652398017
 -0.01849378001486469 -0.07500121400592673 0.9970119347321774])
[SUCCESS]
[TEST] basic SE3 mechanics... [SUCCESS]
INFO: TransformUtils tests passed

>>> End of log
