>>> 'Pkg.add("TransformUtils")' log
INFO: Cloning cache of TransformUtils from git://github.com/dehann/TransformUtils.jl.git
INFO: Installing TransformUtils v0.0.2
INFO: Package database updated
INFO: METADATA is out-of-date — you may not have the latest version of TransformUtils
INFO: Use `Pkg.update()` to get the latest versions of your packages

>>> 'Pkg.test("TransformUtils")' log
Julia Version 0.4.7
Commit ae26b25 (2016-09-18 16:17 UTC)
Platform Info:
  System: Linux (x86_64-pc-linux-gnu)
  CPU: Intel(R) Xeon(R) CPU E3-1241 v3 @ 3.50GHz
  WORD_SIZE: 64
           Ubuntu 14.04.5 LTS
  uname: Linux 3.13.0-98-generic #145-Ubuntu SMP Sat Oct 8 20:13:07 UTC 2016 x86_64 x86_64
Memory: 2.939289093017578 GB (333.38671875 MB free)
Uptime: 27407.0 sec
Load Avg:  1.3505859375  1.109375  1.02978515625
Intel(R) Xeon(R) CPU E3-1241 v3 @ 3.50GHz: 
       speed         user         nice          sys         idle          irq
#1  3500 MHz    1307820 s       3441 s     117374 s    1025030 s         39 s
#2  3500 MHz     773998 s       2832 s      98989 s    1787047 s          0 s

  BLAS: libopenblas (USE64BITINT DYNAMIC_ARCH NO_AFFINITY Nehalem)
  LAPACK: libopenblas64_
  LIBM: libopenlibm
  LLVM: libLLVM-3.3
Environment:
  TERM = vt100
  LD_LIBRARY_PATH = :/usr/local/lib/
  PATH = /usr/local/sbin:/usr/local/bin:/usr/sbin:/usr/bin:/sbin:/bin:/usr/games:/usr/local/games:/home/vagrant/julia/bin/
  JAVA_HOME = /usr/lib/jvm/java-7-oracle
  HOME = /home/vagrant

Package Directory: /home/vagrant/.julia/v0.4
2 required packages:
 - JSON                          0.8.0
 - TransformUtils                0.0.2
1 additional packages:
 - Compat                        0.9.3
INFO: Testing TransformUtils
[TEST] constructors SO3, Quaternion, AngleAxis... [SUCCESS]
[TEST] comparison functions for SO3, Quaternion, AngleAxis... [SUCCESS]
[TEST] trivial case quaterion -> SO3 -> Euler -> quaternion... [SUCCESS]
[TEST] convert functions 
WARNING: Need better coverage on convert function tests
[TEST] compare SO3 and quaternion rotations... dAA = TransformUtils.AngleAxis(0.7853981633974483,[1.0,0.0,0.0])
dAA = TransformUtils.so3([0.0 0.026497210535112604 0.03303730573437695
 -0.026497210535112604 0.0 0.007264678201900097
 -0.03303730573437695 -0.007264678201900097 0.0])
dAA = TransformUtils.so3([0.0 0.015113739981692707 -0.18611508345086458
 -0.015113739981692707 0.0 0.17175964163086385
 0.18611508345086458 -0.17175964163086385 0.0])
dAA = TransformUtils.so3([0.0 -0.13788392959863244 -0.18367976847288447
 0.13788392959863244 0.0 -0.10649496721154328
 0.18367976847288447 0.10649496721154328 0.0])
dAA = TransformUtils.Quaternion(0.9952010059565815,[0.03976009344856565,-0.08929341943594685,-0.004558284480585718])
dAA = TransformUtils.SO3([0.9999809675472134 0.0015310444834280826 0.005976658441692544
 -0.001555196910577657 0.9999906356056704 0.004038571967522951
 -0.005970419240574318 -0.004047789984336751 0.9999739844067618])
ERROR: LoadError: test failed: compare(q1,convert(Quaternion,AA1))
 in expression: compare(q1,convert(Quaternion,AA1))
 in error at ./error.jl:21
 in default_handler at test.jl:28
 in do_test at test.jl:53
 [inlined code] from /home/vagrant/.julia/v0.4/TransformUtils/test/runtests.jl:61
 in anonymous at no file:0
 in include at ./boot.jl:261
 in include_from_node1 at ./loading.jl:333
 in process_options at ./client.jl:280
 in _start at ./client.jl:378
while loading /home/vagrant/.julia/v0.4/TransformUtils/test/runtests.jl, in expression starting on line 48
===========================[ ERROR: TransformUtils ]============================

failed process: Process(`/home/vagrant/julia/bin/julia --check-bounds=yes --code-coverage=none --color=no /home/vagrant/.julia/v0.4/TransformUtils/test/runtests.jl`, ProcessExited(1)) [1]

================================================================================
ERROR: TransformUtils had test errors
 in error at ./error.jl:21
 in test at pkg/entry.jl:803
 in anonymous at pkg/dir.jl:31
 in cd at file.jl:22
 in cd at pkg/dir.jl:31
 in test at pkg.jl:71
 in process_options at ./client.jl:257
 in _start at ./client.jl:378

>>> End of log
