>>> 'Pkg.add("TransformUtils")' log
INFO: Installing TranscodingStreams v0.5.2
INFO: Installing TransformUtils v0.1.0
INFO: Package database updated
INFO: METADATA is out-of-date — you may not have the latest version of TransformUtils
INFO: Use `Pkg.update()` to get the latest versions of your packages

>>> 'Pkg.test("TransformUtils")' log
Julia Version 0.6.2
Commit d386e40c17 (2017-12-13 18:08 UTC)
Platform Info:
  OS: Linux (x86_64-pc-linux-gnu)
  CPU: Intel(R) Xeon(R) CPU E3-1241 v3 @ 3.50GHz
  WORD_SIZE: 64
           Ubuntu 14.04.5 LTS
  uname: Linux 3.13.0-143-generic #192-Ubuntu SMP Tue Feb 27 10:45:36 UTC 2018 x86_64 x86_64
Memory: 2.939197540283203 GB (2336.11328125 MB free)
Uptime: 92094.0 sec
Load Avg:  1.0029296875  1.0546875  1.03466796875
Intel(R) Xeon(R) CPU E3-1241 v3 @ 3.50GHz: 
       speed         user         nice          sys         idle          irq
#1  3500 MHz    5650085 s       6845 s     360608 s    1873161 s         70 s
#2  3500 MHz    1495528 s         49 s     136974 s    7402434 s          2 s

  BLAS: libopenblas (USE64BITINT DYNAMIC_ARCH NO_AFFINITY Nehalem)
  LAPACK: libopenblas64_
  LIBM: libopenlibm
  LLVM: libLLVM-3.9.1 (ORCJIT, haswell)
Environment:
  TERM = vt100
  LD_LIBRARY_PATH = :/usr/local/lib/
  PATH = /usr/local/sbin:/usr/local/bin:/usr/sbin:/usr/bin:/sbin:/bin:/usr/games:/usr/local/games:/home/vagrant/julia/bin/
  JAVA_HOME = /usr/lib/jvm/java-8-openjdk-amd64
  HOME = /home/vagrant

Package Directory: /home/vagrant/.julia/v0.6
6 required packages:
 - Conda                         0.7.1
 - JSON                          0.17.2
 - PyCall                        1.15.0
 - PyPlot                        2.5.0
 - RDatasets                     0.4.0
 - TransformUtils                0.1.0
28 additional packages:
 - BinDeps                       0.8.7
 - BinaryProvider                0.3.0
 - CSV                           0.2.4
 - CategoricalArrays             0.3.9
 - CodecZlib                     0.4.3
 - ColorTypes                    0.6.7
 - Colors                        0.8.2
 - Compat                        0.63.0
 - DataFrames                    0.11.6
 - DataStreams                   0.3.4
 - DataStructures                0.7.4
 - FileIO                        0.7.0
 - FixedPointNumbers             0.4.6
 - LaTeXStrings                  0.3.0
 - MacroTools                    0.4.0
 - Missings                      0.2.9
 - Mocking                       0.5.2
 - NamedTuples                   4.0.0
 - Nullables                     0.0.5
 - RData                         0.4.0
 - Reexport                      0.1.0
 - SHA                           0.5.7
 - SortingAlgorithms             0.2.1
 - StatsBase                     0.21.0
 - TimeZones                     0.6.5
 - TranscodingStreams            0.5.2
 - URIParser                     0.3.1
 - WeakRefStrings                0.4.4
INFO: Testing TransformUtils
[TEST] constructors SO3, Quaternion, AngleAxis... [SUCCESS]
[TEST] comparison functions for SO3, Quaternion, AngleAxis... [SUCCESS]
[TEST] trivial case quaterion -> SO3 -> Euler -> quaternion... [SUCCESS]
[TEST] convert functions 
WARNING: Need better coverage on convert function tests
[TEST] compare SO3 and quaternion rotations... dAA = TransformUtils.AngleAxis(0.7853981633974483, [1.0, 0.0, 0.0])
dAA = TransformUtils.so3([0.0 -0.10393 0.0832402; 0.10393 0.0 -0.00953632; -0.0832402 0.00953632 0.0])
dAA = TransformUtils.so3([0.0 0.0161774 -0.138915; -0.0161774 0.0 0.061437; 0.138915 -0.061437 0.0])
dAA = TransformUtils.so3([0.0 0.130953 0.22891; -0.130953 0.0 0.00554551; -0.22891 -0.00554551 0.0])
dAA = TransformUtils.Quaternion(0.9964033451827684, [-0.080604, 0.0180839, -0.0188769])
dAA = TransformUtils.SO3([0.99808 0.0504922 0.0358717; -0.0487073 0.99761 -0.0490034; -0.0382603 0.0471621 0.998154])
[SUCCESS]
[TEST] basic SE3 mechanics... [SUCCESS]
[TEST] SE3 ⊕ and ⊖ mechanics... Compare operations on two different SE3 transforms
xi = TransformUtils.SE3(TransformUtils.SO3([0.874793 0.0378227 0.483019; 0.0813559 0.971325 -0.223403; -0.477618 0.234727 0.846631]), [-0.290698, 1.11858, -0.131602])
xj = TransformUtils.SE3(TransformUtils.SO3([0.988282 -0.149951 -0.0285218; 0.152588 0.975384 0.159193; 0.0039486 -0.16168 0.986835]), [1.1272, -0.298766, -0.0795342])
Dx = TransformUtils.SE3(TransformUtils.SO3([0.87507 0.0253987 -0.48333; 0.186519 0.903793 0.385187; 0.446613 -0.427216 0.786145]), [1.10019, -1.31085, 1.04559])
[SUCCESS]
[TEST] previous discovered issues
TransformUtils.convert(Euler, q) = TransformUtils.Euler(0.7853981633974484, 0.0, 1.5707963267948963, TransformUtils.Quaternion(1.0, [0.0, 0.0, 0.0]))
INFO: TransformUtils tests passed

>>> End of log
