>>> 'Pkg.add("TransformUtils")' log
INFO: Cloning cache of TransformUtils from git://github.com/dehann/TransformUtils.jl.git
INFO: Installing TransformUtils v0.0.6
INFO: Package database updated
INFO: METADATA is out-of-date — you may not have the latest version of TransformUtils
INFO: Use `Pkg.update()` to get the latest versions of your packages

>>> 'Pkg.test("TransformUtils")' log
Julia Version 0.4.7
Commit ae26b25 (2016-09-18 16:17 UTC)
Platform Info:
  System: Linux (x86_64-pc-linux-gnu)
  CPU: Intel(R) Xeon(R) CPU E3-1241 v3 @ 3.50GHz
  WORD_SIZE: 64
           Ubuntu 14.04.5 LTS
  uname: Linux 3.13.0-125-generic #174-Ubuntu SMP Mon Jul 10 18:51:24 UTC 2017 x86_64 x86_64
Memory: 2.9392738342285156 GB (450.45703125 MB free)
Uptime: 47822.0 sec
Load Avg:  0.99951171875  0.98779296875  0.97021484375
Intel(R) Xeon(R) CPU E3-1241 v3 @ 3.50GHz: 
       speed         user         nice          sys         idle          irq
#1  3500 MHz    2347704 s       3398 s     183398 s    1766921 s        144 s
#2  3500 MHz    1594977 s       4678 s     155708 s    2862193 s          3 s

  BLAS: libopenblas (USE64BITINT DYNAMIC_ARCH NO_AFFINITY Nehalem)
  LAPACK: libopenblas64_
  LIBM: libopenlibm
  LLVM: libLLVM-3.3
Environment:
  TERM = vt100
  LD_LIBRARY_PATH = :/usr/local/lib/
  PATH = /usr/local/sbin:/usr/local/bin:/usr/sbin:/usr/bin:/sbin:/bin:/usr/games:/usr/local/games:/home/vagrant/julia/bin/
  JAVA_HOME = /usr/lib/jvm/java-8-openjdk-amd64
  HOME = /home/vagrant

Package Directory: /home/vagrant/.julia/v0.4
2 required packages:
 - JSON                          0.9.1
 - TransformUtils                0.0.6
1 additional packages:
 - Compat                        0.26.0
INFO: Testing TransformUtils
WARNING: could not import Base.normalize into TransformUtils
WARNING: could not import Base.normalize! into TransformUtils
[TEST] constructors SO3, Quaternion, AngleAxis... [SUCCESS]
[TEST] comparison functions for SO3, Quaternion, AngleAxis... [SUCCESS]
[TEST] trivial case quaterion -> SO3 -> Euler -> quaternion... [SUCCESS]
[TEST] convert functions 
WARNING: Need better coverage on convert function tests
[TEST] compare SO3 and quaternion rotations... dAA = TransformUtils.AngleAxis(0.7853981633974483,[1.0,0.0,0.0])
dAA = TransformUtils.so3([0.0 -0.11147345595460965 0.03894983706269478
 0.11147345595460965 0.0 0.07972187738222103
 -0.03894983706269478 -0.07972187738222103 0.0])
dAA = TransformUtils.so3([0.0 -0.1824878437376086 0.0870327215230285
 0.1824878437376086 0.0 -0.10302469593526982
 -0.0870327215230285 0.10302469593526982 0.0])
dAA = TransformUtils.so3([0.0 -0.00967179609503503 0.15604331708228147
 0.00967179609503503 0.0 -0.053299321187856366
 -0.15604331708228147 0.053299321187856366 0.0])
dAA = TransformUtils.Quaternion(0.9975439562593095,[0.0671097413482428,-0.002905950507751057,0.019846747802680927])
dAA = TransformUtils.SO3([0.9929544348610744 -0.045366551947663744 -0.10946856285758436
 0.056647086951241155 0.9931452379091921 0.10224306313013894
 0.10407976666799121 -0.10772377816747321 0.988717851455946])
[SUCCESS]
[TEST] basic SE3 mechanics... [SUCCESS]
[TEST] SE3 ⊕ and ⊖ mechanics... Compare operations on two different SE3 transforms
xi = TransformUtils.SE3(TransformUtils.SO3([0.8193134333290046 0.3635429598411827 0.4433531485357367
 -0.09657478027080854 0.849730420529044 -0.5182967530702648
 -0.5651537930353859 0.381830759339064 0.7313046297134116]),[-0.9961354726029189,-0.8520446733938941,2.318346463867351])
xj = TransformUtils.SE3(TransformUtils.SO3([0.8507638223786619 -0.1578453529343027 -0.5012841141395707
 -0.06805131556975325 0.9127141766718446 -0.4028918591278094
 0.5211237252139598 0.37687886151823663 0.7657626177607805]),[0.765775929752949,-0.2822002150830355,0.4375905139853811])
Dx = TransformUtils.SE3(TransformUtils.SO3([0.4090992191680576 -0.43046450721165685 -0.8045732638530259
 0.45044499282474376 0.8620813762356244 -0.2321960576469984
 0.7935597881163095 -0.2674247721859687 0.5465773997395802]),[2.4514414357854637,0.40661418491211726,-0.8896050983318426])
[SUCCESS]
[TEST] previous discovered issues
TransformUtils.convert(Euler,q) = TransformUtils.Euler(0.7853981633974484,0.0,1.5707963267948963,TransformUtils.Quaternion(1.0,[0.0,0.0,0.0]))
INFO: TransformUtils tests passed

>>> End of log
