>>> 'Pkg.add("TransformUtils")' log
INFO: Cloning cache of TransformUtils from git://github.com/dehann/TransformUtils.jl.git
INFO: Installing TransformUtils v0.0.5
INFO: Package database updated

>>> 'Pkg.test("TransformUtils")' log
Julia Version 0.4.7
Commit ae26b25 (2016-09-18 16:17 UTC)
Platform Info:
  System: Linux (x86_64-pc-linux-gnu)
  CPU: Intel(R) Xeon(R) CPU E3-1241 v3 @ 3.50GHz
  WORD_SIZE: 64
           Ubuntu 14.04.5 LTS
  uname: Linux 3.13.0-110-generic #157-Ubuntu SMP Mon Feb 20 11:54:05 UTC 2017 x86_64 x86_64
Memory: 2.9392738342285156 GB (444.1328125 MB free)
Uptime: 38633.0 sec
Load Avg:  1.00634765625  1.01708984375  1.04248046875
Intel(R) Xeon(R) CPU E3-1241 v3 @ 3.50GHz: 
       speed         user         nice          sys         idle          irq
#1  3499 MHz    1880442 s       2442 s     150229 s    1441411 s        141 s
#2  3499 MHz    1232179 s       4260 s     130657 s    2351328 s          2 s

  BLAS: libopenblas (USE64BITINT DYNAMIC_ARCH NO_AFFINITY Nehalem)
  LAPACK: libopenblas64_
  LIBM: libopenlibm
  LLVM: libLLVM-3.3
Environment:
  TERM = vt100
  LD_LIBRARY_PATH = :/usr/local/lib/
  PATH = /usr/local/sbin:/usr/local/bin:/usr/sbin:/usr/bin:/sbin:/bin:/usr/games:/usr/local/games:/home/vagrant/julia/bin/
  JAVA_HOME = /usr/lib/jvm/java-7-oracle
  HOME = /home/vagrant

Package Directory: /home/vagrant/.julia/v0.4
2 required packages:
 - JSON                          0.8.3
 - TransformUtils                0.0.5
1 additional packages:
 - Compat                        0.19.0
INFO: Testing TransformUtils
WARNING: could not import Base.normalize into TransformUtils
WARNING: could not import Base.normalize! into TransformUtils
[TEST] constructors SO3, Quaternion, AngleAxis... [SUCCESS]
[TEST] comparison functions for SO3, Quaternion, AngleAxis... [SUCCESS]
[TEST] trivial case quaterion -> SO3 -> Euler -> quaternion... [SUCCESS]
[TEST] convert functions 
WARNING: Need better coverage on convert function tests
[TEST] compare SO3 and quaternion rotations... dAA = TransformUtils.AngleAxis(0.7853981633974483,[1.0,0.0,0.0])
dAA = TransformUtils.so3([0.0 -0.13730548852249772 -0.012451026293483557
 0.13730548852249772 0.0 -0.07361069131944702
 0.012451026293483557 0.07361069131944702 0.0])
dAA = TransformUtils.so3([0.0 -0.05098127149698687 -0.12348148790776543
 0.05098127149698687 0.0 -0.015695917006176407
 0.12348148790776543 0.015695917006176407 0.0])
dAA = TransformUtils.so3([0.0 -0.21602235918882734 -0.045490841916072576
 0.21602235918882734 0.0 0.03157885136401389
 0.045490841916072576 -0.03157885136401389 0.0])
dAA = TransformUtils.Quaternion(0.9932500280923379,[-0.02333128494683086,-0.04984662010796228,-0.10210459001001011])
dAA = TransformUtils.SO3([0.9913505522401782 0.13037424533952455 0.015054525075323346
 -0.12946196303242744 0.9902814505039241 -0.050815833316345774
 -0.021533292848156547 0.04842731605193196 0.998594568560796])
[SUCCESS]
[TEST] basic SE3 mechanics... [SUCCESS]
[TEST] SE3 ⊕ and ⊖ mechanics... Compare operations on two different SE3 transforms
xi = TransformUtils.SE3(TransformUtils.SO3([0.9986843389585889 0.0032409821609380896 0.051177017825179555
 0.020324775022901163 0.8912454686242777 -0.45306557823008375
 -0.04707966269117396 0.45350965887324185 0.8900070194496003]),[-1.4161488806110036,0.6968890171710983,-1.4337951942526008])
xj = TransformUtils.SE3(TransformUtils.SO3([0.9394665571875683 -0.13452257790119926 0.3151289640146603
 0.18308406709264702 0.9744877666443829 -0.12982225170308043
 -0.28962529637956763 0.17965875624432734 0.9401276078287399]),[0.4888688554436437,-0.5877863572775649,-0.8210104222806406])
Dx = TransformUtils.SE3(TransformUtils.SO3([0.9555871413728853 -0.12299762081014676 0.2678148623916171
 0.0348697701641085 0.9495488022343334 0.3116747845175243
 -0.2926385387666834 -0.2884937736769831 0.9116655242895357]),[1.8475509401062649,-0.8608831647320233,1.2249180664647523])
[SUCCESS]
[TEST] previous discovered issues
TransformUtils.convert(Euler,q) = TransformUtils.Euler(0.7853981633974484,0.0,1.5707963267948963,TransformUtils.Quaternion(1.0,[0.0,0.0,0.0]))
INFO: TransformUtils tests passed

>>> End of log
