>>> 'Pkg.add("TransformUtils")' log
INFO: Cloning cache of TransformUtils from git://github.com/dehann/TransformUtils.jl.git
INFO: Installing TransformUtils v0.0.5
INFO: Package database updated
INFO: METADATA is out-of-date — you may not have the latest version of TransformUtils
INFO: Use `Pkg.update()` to get the latest versions of your packages

>>> 'Pkg.test("TransformUtils")' log
Julia Version 0.4.7
Commit ae26b25 (2016-09-18 16:17 UTC)
Platform Info:
  System: Linux (x86_64-pc-linux-gnu)
  CPU: Intel(R) Xeon(R) CPU E3-1241 v3 @ 3.50GHz
  WORD_SIZE: 64
           Ubuntu 14.04.5 LTS
  uname: Linux 3.13.0-117-generic #164-Ubuntu SMP Fri Apr 7 11:05:26 UTC 2017 x86_64 x86_64
Memory: 2.9392738342285156 GB (456.00390625 MB free)
Uptime: 42567.0 sec
Load Avg:  1.08349609375  1.00732421875  0.9814453125
Intel(R) Xeon(R) CPU E3-1241 v3 @ 3.50GHz: 
       speed         user         nice          sys         idle          irq
#1  3500 MHz    2064855 s       6108 s     153995 s    1600184 s         88 s
#2  3500 MHz    1414090 s        788 s     127263 s    2580332 s          0 s

  BLAS: libopenblas (USE64BITINT DYNAMIC_ARCH NO_AFFINITY Nehalem)
  LAPACK: libopenblas64_
  LIBM: libopenlibm
  LLVM: libLLVM-3.3
Environment:
  TERM = vt100
  LD_LIBRARY_PATH = :/usr/local/lib/
  PATH = /usr/local/sbin:/usr/local/bin:/usr/sbin:/usr/bin:/sbin:/bin:/usr/games:/usr/local/games:/home/vagrant/julia/bin/
  JAVA_HOME = /usr/lib/jvm/java-7-oracle
  HOME = /home/vagrant

Package Directory: /home/vagrant/.julia/v0.4
2 required packages:
 - JSON                          0.9.1
 - TransformUtils                0.0.5
1 additional packages:
 - Compat                        0.24.0
INFO: Testing TransformUtils
WARNING: could not import Base.normalize into TransformUtils
WARNING: could not import Base.normalize! into TransformUtils
[TEST] constructors SO3, Quaternion, AngleAxis... [SUCCESS]
[TEST] comparison functions for SO3, Quaternion, AngleAxis... [SUCCESS]
[TEST] trivial case quaterion -> SO3 -> Euler -> quaternion... [SUCCESS]
[TEST] convert functions 
WARNING: Need better coverage on convert function tests
[TEST] compare SO3 and quaternion rotations... dAA = TransformUtils.AngleAxis(0.7853981633974483,[1.0,0.0,0.0])
dAA = TransformUtils.so3([0.0 0.03410148023367521 -0.08002544700522041
 -0.03410148023367521 0.0 -0.050614736375397464
 0.08002544700522041 0.050614736375397464 0.0])
dAA = TransformUtils.so3([0.0 -0.09343229065497173 0.11590615124002335
 0.09343229065497173 0.0 0.2893432478159317
 -0.11590615124002335 -0.2893432478159317 0.0])
dAA = TransformUtils.so3([0.0 0.04601902480230204 0.06904506779823844
 -0.04601902480230204 0.0 -0.16514515514418077
 -0.06904506779823844 0.16514515514418077 0.0])
dAA = TransformUtils.Quaternion(0.9973041710281232,[-0.03678095925641095,0.013877618431335732,-0.06195936727211056])
dAA = TransformUtils.SO3([0.9985240089709743 0.05229877567566004 0.014650650885229436
 -0.05288431223580991 0.9976774537382284 0.042929568152392
 -0.012371460216128515 -0.04364099409079143 0.9989706755490316])
[SUCCESS]
[TEST] basic SE3 mechanics... [SUCCESS]
[TEST] SE3 ⊕ and ⊖ mechanics... Compare operations on two different SE3 transforms
xi = TransformUtils.SE3(TransformUtils.SO3([0.9721225179879701 0.23178061794802063 0.03543381385572724
 -0.23234483189378274 0.9725508548629077 0.012677294572473463
 -0.03152283478652368 -0.020556747044732673 0.9992916146140527]),[1.4931360783397334,0.24766269872590982,1.5388377637140163])
xj = TransformUtils.SE3(TransformUtils.SO3([0.9654978366161895 0.21509438203246678 -0.1467935090783276
 -0.21301956375175654 0.9765903136619398 0.0299002461642935
 0.14978849404566813 0.0024012662795379605 0.9887151465269386]),[-1.7890999830588283,0.2860657281936339,-0.4705313814891165])
Dx = TransformUtils.SE3(TransformUtils.SO3([0.9833544248225331 -0.017883314710620324 -0.18081554755304152
 0.013532162186774697 0.9995890909638921 -0.025269147443688182
 0.18119314492688793 0.022401702634865496 0.9831923555187777]),[-3.1363173184742017,-0.6821037101866441,-2.123761032578812])
[SUCCESS]
[TEST] previous discovered issues
TransformUtils.convert(Euler,q) = TransformUtils.Euler(0.7853981633974484,0.0,1.5707963267948963,TransformUtils.Quaternion(1.0,[0.0,0.0,0.0]))
INFO: TransformUtils tests passed

>>> End of log
