>>> 'Pkg.add("TransformUtils")' log
INFO: Cloning cache of TransformUtils from git://github.com/dehann/TransformUtils.jl.git
INFO: Installing TransformUtils v0.0.5
INFO: Package database updated
INFO: METADATA is out-of-date — you may not have the latest version of TransformUtils
INFO: Use `Pkg.update()` to get the latest versions of your packages

>>> 'Pkg.test("TransformUtils")' log
Julia Version 0.4.7
Commit ae26b25 (2016-09-18 16:17 UTC)
Platform Info:
  System: Linux (x86_64-pc-linux-gnu)
  CPU: Intel(R) Xeon(R) CPU E3-1241 v3 @ 3.50GHz
  WORD_SIZE: 64
           Ubuntu 14.04.5 LTS
  uname: Linux 3.13.0-110-generic #157-Ubuntu SMP Mon Feb 20 11:54:05 UTC 2017 x86_64 x86_64
Memory: 2.9392738342285156 GB (453.26953125 MB free)
Uptime: 39019.0 sec
Load Avg:  1.095703125  1.0390625  0.98681640625
Intel(R) Xeon(R) CPU E3-1241 v3 @ 3.50GHz: 
       speed         user         nice          sys         idle          irq
#1  3500 MHz    1903660 s       3074 s     148058 s    1428859 s        155 s
#2  3500 MHz    1256956 s       3698 s     130130 s    2338393 s          2 s

  BLAS: libopenblas (USE64BITINT DYNAMIC_ARCH NO_AFFINITY Nehalem)
  LAPACK: libopenblas64_
  LIBM: libopenlibm
  LLVM: libLLVM-3.3
Environment:
  TERM = vt100
  LD_LIBRARY_PATH = :/usr/local/lib/
  PATH = /usr/local/sbin:/usr/local/bin:/usr/sbin:/usr/bin:/sbin:/bin:/usr/games:/usr/local/games:/home/vagrant/julia/bin/
  JAVA_HOME = /usr/lib/jvm/java-7-oracle
  HOME = /home/vagrant

Package Directory: /home/vagrant/.julia/v0.4
2 required packages:
 - JSON                          0.8.3
 - TransformUtils                0.0.5
1 additional packages:
 - Compat                        0.19.0
INFO: Testing TransformUtils
WARNING: could not import Base.normalize into TransformUtils
WARNING: could not import Base.normalize! into TransformUtils
[TEST] constructors SO3, Quaternion, AngleAxis... [SUCCESS]
[TEST] comparison functions for SO3, Quaternion, AngleAxis... [SUCCESS]
[TEST] trivial case quaterion -> SO3 -> Euler -> quaternion... [SUCCESS]
[TEST] convert functions 
WARNING: Need better coverage on convert function tests
[TEST] compare SO3 and quaternion rotations... dAA = TransformUtils.AngleAxis(0.7853981633974483,[1.0,0.0,0.0])
dAA = TransformUtils.so3([0.0 0.021556863505464832 -0.004357611407930335
 -0.021556863505464832 0.0 -0.06941696289555242
 0.004357611407930335 0.06941696289555242 0.0])
dAA = TransformUtils.so3([0.0 -0.1549326530413881 -0.11366655638539512
 0.1549326530413881 0.0 -0.14416329202162892
 0.11366655638539512 0.14416329202162892 0.0])
dAA = TransformUtils.so3([0.0 0.12572926933224143 0.12892087957443157
 -0.12572926933224143 0.0 -0.17132806074277693
 -0.12892087957443157 0.17132806074277693 0.0])
dAA = TransformUtils.Quaternion(0.9974397321327084,[-0.05071282338703114,-0.046234350112630405,-0.020114054211156487])
dAA = TransformUtils.SO3([0.9938896831620577 0.09601639698130336 -0.05444400072325229
 -0.08882062853921167 0.9885539578791197 0.12195067981535498
 0.06553009728303565 -0.11636977215865213 0.9910418167150262])
[SUCCESS]
[TEST] basic SE3 mechanics... [SUCCESS]
[TEST] SE3 ⊕ and ⊖ mechanics... Compare operations on two different SE3 transforms
xi = TransformUtils.SE3(TransformUtils.SO3([0.9466226015660637 0.18074600011545588 -0.26690173031765996
 -0.23150231640888283 0.9573761601733749 -0.17273553609204412
 0.22430409648871497 0.22530373138043674 0.948117029129017]),[0.4705558455505878,-0.8500296545805932,-0.6448208639245465])
xj = TransformUtils.SE3(TransformUtils.SO3([0.901032047920281 0.21823617194062297 0.3748522667362266
 -0.2086233519723333 0.9757262452953825 -0.06659272673200044
 -0.3802861365240814 -0.018200755437008772 0.9246897787199283]),[-0.9474605844327735,0.4110670383315094,0.9543002358434753])
Dx = TransformUtils.SE3(TransformUtils.SO3([0.8159343522750574 -0.023378097132281807 0.5776717037833482
 -0.12255297054746808 0.9694816631461534 0.21233481634757767
 -0.5650061080974913 -0.24404665414187043 0.7881683376123938]),[-1.2755837941794987,1.3113310623569623,1.6767887717969376])
[SUCCESS]
[TEST] previous discovered issues
TransformUtils.convert(Euler,q) = TransformUtils.Euler(0.7853981633974484,0.0,1.5707963267948963,TransformUtils.Quaternion(1.0,[0.0,0.0,0.0]))
INFO: TransformUtils tests passed

>>> End of log
