>>> 'Pkg.add("TransformUtils")' log
INFO: Installing TranscodingStreams v0.5.2
INFO: Installing TransformUtils v0.1.0
INFO: Package database updated
INFO: METADATA is out-of-date — you may not have the latest version of TransformUtils
INFO: Use `Pkg.update()` to get the latest versions of your packages

>>> 'Pkg.test("TransformUtils")' log
Julia Version 0.6.2
Commit d386e40c17 (2017-12-13 18:08 UTC)
Platform Info:
  OS: Linux (x86_64-pc-linux-gnu)
  CPU: Intel(R) Xeon(R) CPU E3-1241 v3 @ 3.50GHz
  WORD_SIZE: 64
           Ubuntu 14.04.5 LTS
  uname: Linux 3.13.0-143-generic #192-Ubuntu SMP Tue Feb 27 10:45:36 UTC 2018 x86_64 x86_64
Memory: 2.939197540283203 GB (2338.359375 MB free)
Uptime: 89314.0 sec
Load Avg:  0.9345703125  1.03955078125  1.009765625
Intel(R) Xeon(R) CPU E3-1241 v3 @ 3.50GHz: 
       speed         user         nice          sys         idle          irq
#1  3500 MHz    5501986 s       1377 s     344573 s    1818362 s         71 s
#2  3500 MHz    1417255 s       5664 s     143588 s    7171506 s          2 s

  BLAS: libopenblas (USE64BITINT DYNAMIC_ARCH NO_AFFINITY Nehalem)
  LAPACK: libopenblas64_
  LIBM: libopenlibm
  LLVM: libLLVM-3.9.1 (ORCJIT, haswell)
Environment:
  TERM = vt100
  LD_LIBRARY_PATH = :/usr/local/lib/
  PATH = /usr/local/sbin:/usr/local/bin:/usr/sbin:/usr/bin:/sbin:/bin:/usr/games:/usr/local/games:/home/vagrant/julia/bin/
  JAVA_HOME = /usr/lib/jvm/java-8-openjdk-amd64
  HOME = /home/vagrant

Package Directory: /home/vagrant/.julia/v0.6
6 required packages:
 - Conda                         0.7.1
 - JSON                          0.17.2
 - PyCall                        1.16.0
 - PyPlot                        2.5.0
 - RDatasets                     0.4.0
 - TransformUtils                0.1.0
29 additional packages:
 - BinDeps                       0.8.8
 - BinaryProvider                0.3.0
 - CSV                           0.2.4
 - CategoricalArrays             0.3.9
 - CodecZlib                     0.4.3
 - ColorTypes                    0.6.7
 - Colors                        0.8.2
 - Compat                        0.64.0
 - DataFrames                    0.11.6
 - DataStreams                   0.3.4
 - DataStructures                0.8.1
 - FileIO                        0.7.0
 - FixedPointNumbers             0.4.6
 - LaTeXStrings                  0.3.0
 - MacroTools                    0.4.0
 - Missings                      0.2.9
 - Mocking                       0.5.2
 - NamedTuples                   4.0.0
 - Nullables                     0.0.5
 - RData                         0.4.0
 - Reexport                      0.1.0
 - SHA                           0.5.7
 - SortingAlgorithms             0.2.1
 - StatsBase                     0.21.0
 - TimeZones                     0.6.5
 - TranscodingStreams            0.5.2
 - URIParser                     0.3.1
 - VersionParsing                1.1.0
 - WeakRefStrings                0.4.5
INFO: Testing TransformUtils
[TEST] constructors SO3, Quaternion, AngleAxis... [SUCCESS]
[TEST] comparison functions for SO3, Quaternion, AngleAxis... [SUCCESS]
[TEST] trivial case quaterion -> SO3 -> Euler -> quaternion... [SUCCESS]
[TEST] convert functions 
WARNING: Need better coverage on convert function tests
[TEST] compare SO3 and quaternion rotations... dAA = TransformUtils.AngleAxis(0.7853981633974483, [1.0, 0.0, 0.0])
dAA = TransformUtils.so3([0.0 -0.191451 0.0309881; 0.191451 0.0 0.0538992; -0.0309881 -0.0538992 0.0])
dAA = TransformUtils.so3([0.0 0.0197196 0.00367112; -0.0197196 0.0 0.0147302; -0.00367112 -0.0147302 0.0])
dAA = TransformUtils.so3([0.0 0.0895568 0.0926219; -0.0895568 0.0 0.0393121; -0.0926219 -0.0393121 0.0])
dAA = TransformUtils.Quaternion(0.989528413406793, [-0.118005, -0.0273792, -0.0784772])
dAA = TransformUtils.SO3([0.987653 -0.0905985 -0.127802; 0.0841716 0.994941 -0.0548337; 0.132123 0.0433993 0.990283])
[SUCCESS]
[TEST] basic SE3 mechanics... [SUCCESS]
[TEST] SE3 ⊕ and ⊖ mechanics... Compare operations on two different SE3 transforms
xi = TransformUtils.SE3(TransformUtils.SO3([0.914156 0.350306 -0.20397; -0.397715 0.87237 -0.284242; 0.0783658 0.340963 0.936805]), [0.876311, -0.239138, 1.45368])
xj = TransformUtils.SE3(TransformUtils.SO3([0.998697 0.0307633 0.0407113; -0.0268477 0.995261 -0.0934572; -0.0433934 0.0922425 0.994791]), [-2.55741, -0.599314, 1.78032])
Dx = TransformUtils.SE3(TransformUtils.SO3([0.920243 -0.360479 0.152343; 0.311633 0.910464 0.271919; -0.236724 -0.202756 0.950185]), [-2.97011, -1.40569, 1.10874])
[SUCCESS]
[TEST] previous discovered issues
TransformUtils.convert(Euler, q) = TransformUtils.Euler(0.7853981633974484, 0.0, 1.5707963267948963, TransformUtils.Quaternion(1.0, [0.0, 0.0, 0.0]))
INFO: TransformUtils tests passed

>>> End of log
