>>> 'Pkg.add("TransformUtils")' log
INFO: Cloning cache of TransformUtils from git://github.com/dehann/TransformUtils.jl.git
INFO: Installing TransformUtils v0.0.6
INFO: Package database updated

>>> 'Pkg.test("TransformUtils")' log
Julia Version 0.4.7
Commit ae26b25 (2016-09-18 16:17 UTC)
Platform Info:
  System: Linux (x86_64-pc-linux-gnu)
  CPU: Intel(R) Xeon(R) CPU E3-1241 v3 @ 3.50GHz
  WORD_SIZE: 64
           Ubuntu 14.04.5 LTS
  uname: Linux 3.13.0-119-generic #166-Ubuntu SMP Wed May 3 12:18:55 UTC 2017 x86_64 x86_64
Memory: 2.9392738342285156 GB (459.65234375 MB free)
Uptime: 45547.0 sec
Load Avg:  0.9970703125  1.0  0.97705078125
Intel(R) Xeon(R) CPU E3-1241 v3 @ 3.50GHz: 
       speed         user         nice          sys         idle          irq
#1  3502 MHz    2249421 s       2686 s     181924 s    1664210 s        141 s
#2  3502 MHz    1511534 s       4225 s     154318 s    2723517 s          2 s

  BLAS: libopenblas (USE64BITINT DYNAMIC_ARCH NO_AFFINITY Nehalem)
  LAPACK: libopenblas64_
  LIBM: libopenlibm
  LLVM: libLLVM-3.3
Environment:
  TERM = vt100
  LD_LIBRARY_PATH = :/usr/local/lib/
  PATH = /usr/local/sbin:/usr/local/bin:/usr/sbin:/usr/bin:/sbin:/bin:/usr/games:/usr/local/games:/home/vagrant/julia/bin/
  JAVA_HOME = /usr/lib/jvm/java-7-oracle
  HOME = /home/vagrant

Package Directory: /home/vagrant/.julia/v0.4
2 required packages:
 - JSON                          0.9.1
 - TransformUtils                0.0.6
1 additional packages:
 - Compat                        0.26.0
INFO: Testing TransformUtils
WARNING: could not import Base.normalize into TransformUtils
WARNING: could not import Base.normalize! into TransformUtils
[TEST] constructors SO3, Quaternion, AngleAxis... [SUCCESS]
[TEST] comparison functions for SO3, Quaternion, AngleAxis... [SUCCESS]
[TEST] trivial case quaterion -> SO3 -> Euler -> quaternion... [SUCCESS]
[TEST] convert functions 
WARNING: Need better coverage on convert function tests
[TEST] compare SO3 and quaternion rotations... dAA = TransformUtils.AngleAxis(0.7853981633974483,[1.0,0.0,0.0])
dAA = TransformUtils.so3([0.0 0.0935122336244557 -0.16358914565613306
 -0.0935122336244557 0.0 -0.14252175384295473
 0.16358914565613306 0.14252175384295473 0.0])
dAA = TransformUtils.so3([0.0 -0.011439170468831424 0.13404333197082818
 0.011439170468831424 0.0 0.07010542339446572
 -0.13404333197082818 -0.07010542339446572 0.0])
dAA = TransformUtils.so3([0.0 -0.027604120194251625 -0.04224458684043269
 0.027604120194251625 0.0 -0.08443983475550387
 0.04224458684043269 0.08443983475550387 0.0])
dAA = TransformUtils.Quaternion(0.997572666996843,[-0.004637050161692414,-0.0665894048600342,0.01982732929545023])
dAA = TransformUtils.SO3([0.9909629185375124 -0.10179730887938339 0.0873487377615239
 0.10000308471068146 0.9946807920501761 0.02468815454389329
 -0.08939729935498235 -0.015729902458384862 0.995871825606431])
[SUCCESS]
[TEST] basic SE3 mechanics... [SUCCESS]
[TEST] SE3 ⊕ and ⊖ mechanics... Compare operations on two different SE3 transforms
xi = TransformUtils.SE3(TransformUtils.SO3([0.954159129938063 0.24339361111588356 -0.17418353775201825
 -0.19412987765487064 0.9462278291805055 0.25877883585419603
 0.22780242614499013 -0.2131019599917326 0.9501018941619568]),[0.2252151465821687,-0.34687801986495337,-0.8659360565438122])
xj = TransformUtils.SE3(TransformUtils.SO3([0.8440420504721868 0.199111809720673 -0.4979432741432148
 -0.2464351005802702 0.9686831595124424 -0.03037560993600013
 0.4763011213892935 0.14834899294147713 0.866677459067992]),[0.37869633897783617,-0.15883365019060458,-0.9887202255459026])
Dx = TransformUtils.SE3(TransformUtils.SO3([0.9616933954632545 0.03572826838922094 -0.2717890799135685
 -0.12925001017218685 0.9334440444142768 -0.3346291242824024
 0.24174417881894478 0.35693936009555693 0.90230485160046]),[0.08196991892866515,0.2414547044324304,-0.09472946553859951])
[SUCCESS]
[TEST] previous discovered issues
TransformUtils.convert(Euler,q) = TransformUtils.Euler(0.7853981633974484,0.0,1.5707963267948963,TransformUtils.Quaternion(1.0,[0.0,0.0,0.0]))
INFO: TransformUtils tests passed

>>> End of log
