>>> 'Pkg.add("TransformUtils")' log
INFO: Cloning cache of TransformUtils from git://github.com/dehann/TransformUtils.jl.git
INFO: Installing TransformUtils v0.0.6
INFO: Package database updated
INFO: METADATA is out-of-date — you may not have the latest version of TransformUtils
INFO: Use `Pkg.update()` to get the latest versions of your packages

>>> 'Pkg.test("TransformUtils")' log
Julia Version 0.4.7
Commit ae26b25 (2016-09-18 16:17 UTC)
Platform Info:
  System: Linux (x86_64-pc-linux-gnu)
  CPU: Intel(R) Xeon(R) CPU E3-1241 v3 @ 3.50GHz
  WORD_SIZE: 64
           Ubuntu 14.04.5 LTS
  uname: Linux 3.13.0-121-generic #170-Ubuntu SMP Wed Jun 14 09:04:33 UTC 2017 x86_64 x86_64
Memory: 2.9392738342285156 GB (452.2265625 MB free)
Uptime: 45670.0 sec
Load Avg:  1.03515625  1.00244140625  1.0361328125
Intel(R) Xeon(R) CPU E3-1241 v3 @ 3.50GHz: 
       speed         user         nice          sys         idle          irq
#1  3500 MHz    2226330 s       6317 s     173529 s    1692452 s        128 s
#2  3500 MHz    1496348 s         47 s     149710 s    2730179 s          3 s

  BLAS: libopenblas (USE64BITINT DYNAMIC_ARCH NO_AFFINITY Nehalem)
  LAPACK: libopenblas64_
  LIBM: libopenlibm
  LLVM: libLLVM-3.3
Environment:
  TERM = vt100
  LD_LIBRARY_PATH = :/usr/local/lib/
  PATH = /usr/local/sbin:/usr/local/bin:/usr/sbin:/usr/bin:/sbin:/bin:/usr/games:/usr/local/games:/home/vagrant/julia/bin/
  JAVA_HOME = /usr/lib/jvm/java-8-openjdk-amd64
  HOME = /home/vagrant

Package Directory: /home/vagrant/.julia/v0.4
2 required packages:
 - JSON                          0.9.1
 - TransformUtils                0.0.6
1 additional packages:
 - Compat                        0.26.0
INFO: Testing TransformUtils
WARNING: could not import Base.normalize into TransformUtils
WARNING: could not import Base.normalize! into TransformUtils
[TEST] constructors SO3, Quaternion, AngleAxis... [SUCCESS]
[TEST] comparison functions for SO3, Quaternion, AngleAxis... [SUCCESS]
[TEST] trivial case quaterion -> SO3 -> Euler -> quaternion... [SUCCESS]
[TEST] convert functions 
WARNING: Need better coverage on convert function tests
[TEST] compare SO3 and quaternion rotations... dAA = TransformUtils.AngleAxis(0.7853981633974483,[1.0,0.0,0.0])
dAA = TransformUtils.so3([0.0 0.07922675693266999 0.0485651574117551
 -0.07922675693266999 0.0 0.046514124798379616
 -0.0485651574117551 -0.046514124798379616 0.0])
dAA = TransformUtils.so3([0.0 0.15154618741447715 -0.03858989080458189
 -0.15154618741447715 0.0 -0.026601849090815262
 0.03858989080458189 0.026601849090815262 0.0])
dAA = TransformUtils.so3([0.0 -0.16159670005747753 0.010001284889835134
 0.16159670005747753 0.0 -0.06586365820884063
 -0.010001284889835134 0.06586365820884063 0.0])
dAA = TransformUtils.Quaternion(0.9970211990190385,[0.03197064905141065,-0.06479568720772752,0.026983795603074248])
dAA = TransformUtils.SO3([0.9889053053757887 -0.0082955946861181 -0.14831547494588132
 0.021030172655525304 0.9962014648959895 0.08450072885581661
 0.14705110961056195 -0.08668231911923613 0.9853233716473054])
[SUCCESS]
[TEST] basic SE3 mechanics... [SUCCESS]
[TEST] SE3 ⊕ and ⊖ mechanics... Compare operations on two different SE3 transforms
xi = TransformUtils.SE3(TransformUtils.SO3([0.9216897125064012 0.3867650184768117 0.030014902007153205
 -0.38704941254430675 0.9116415196955487 0.1382117643918113
 0.026092644729397492 -0.1390056115767346 0.9899477833912269]),[-0.5148431407042966,0.9078829413512964,-0.689159221611458])
xj = TransformUtils.SE3(TransformUtils.SO3([0.993958325127618 0.049260756071429664 0.09808274986342673
 -0.0656216788965838 0.9830334465826097 0.17128642140785416
 -0.08798092502522395 -0.17668791925648586 0.9803268516268028]),[0.13751714666798906,0.1634575614093956,-1.2319880291554628])
Dx = TransformUtils.SE3(TransformUtils.SO3([0.9392243401776652 -0.33968964101501625 0.049684872998919466
 0.33683470519912706 0.9397870546607399 0.057815856523174586
 -0.06633264800418032 -0.03756647014533812 0.9970901364117353]),[0.875239332484212,-0.3508826956969665,-0.6206799899100676])
[SUCCESS]
[TEST] previous discovered issues
TransformUtils.convert(Euler,q) = TransformUtils.Euler(0.7853981633974484,0.0,1.5707963267948963,TransformUtils.Quaternion(1.0,[0.0,0.0,0.0]))
INFO: TransformUtils tests passed

>>> End of log
