>>> 'Pkg.add("TransformUtils")' log
INFO: Installing TransformUtils v0.0.4
INFO: Package database updated

>>> 'Pkg.test("TransformUtils")' log
Julia Version 0.6.0-dev.1836
Commit 1539061 (2017-01-01 02:10 UTC)
Platform Info:
  OS: Linux (x86_64-pc-linux-gnu)
  CPU: Intel(R) Xeon(R) CPU E3-1241 v3 @ 3.50GHz
  WORD_SIZE: 64
           Ubuntu 14.04.5 LTS
  uname: Linux 3.13.0-105-generic #152-Ubuntu SMP Fri Dec 2 15:37:11 UTC 2016 x86_64 x86_64
Memory: 2.9392738342285156 GB (408.06640625 MB free)
Uptime: 29516.0 sec
Load Avg:  0.9462890625  0.95263671875  1.00634765625
Intel(R) Xeon(R) CPU E3-1241 v3 @ 3.50GHz: 
       speed         user         nice          sys         idle          irq
#1  3498 MHz    1728518 s       6491 s     193234 s     681469 s        103 s
#2  3498 MHz     537283 s         51 s      90737 s    2236482 s          1 s

  BLAS: libopenblas (USE64BITINT DYNAMIC_ARCH NO_AFFINITY Nehalem)
  LAPACK: libopenblas64_
  LIBM: libopenlibm
  LLVM: libLLVM-3.9.1 (ORCJIT, haswell)
Environment:
  TERM = vt100
  LD_LIBRARY_PATH = :/usr/local/lib/
  PATH = /usr/local/sbin:/usr/local/bin:/usr/sbin:/usr/bin:/sbin:/bin:/usr/games:/usr/local/games:/home/vagrant/julia/bin/
  JAVA_HOME = /usr/lib/jvm/java-7-oracle
  HOME = /home/vagrant

Package Directory: /home/vagrant/.julia/v0.6
2 required packages:
 - JSON                          0.8.0
 - TransformUtils                0.0.4
1 additional packages:
 - Compat                        0.10.0
INFO: Testing TransformUtils
WARNING: Method definition *(TransformUtils.SO3, TransformUtils.so3) in module TransformUtils at /home/vagrant/.julia/v0.6/TransformUtils/src/TransformUtils.jl:191 overwritten at /home/vagrant/.julia/v0.6/TransformUtils/src/TransformUtils.jl:218.
WARNING: Method definition *(TransformUtils.so3, TransformUtils.SO3) in module TransformUtils at /home/vagrant/.julia/v0.6/TransformUtils/src/TransformUtils.jl:194 overwritten at /home/vagrant/.julia/v0.6/TransformUtils/src/TransformUtils.jl:219.
WARNING: Method definition *(TransformUtils.SO3, TransformUtils.so3) in module TransformUtils at /home/vagrant/.julia/v0.6/TransformUtils/src/TransformUtils.jl:218 overwritten at /home/vagrant/.julia/v0.6/TransformUtils/src/TransformUtils.jl:191.
WARNING: Method definition *(TransformUtils.so3, TransformUtils.SO3) in module TransformUtils at /home/vagrant/.julia/v0.6/TransformUtils/src/TransformUtils.jl:219 overwritten at /home/vagrant/.julia/v0.6/TransformUtils/src/TransformUtils.jl:194.
[TEST] constructors SO3, Quaternion, AngleAxis... [SUCCESS]
[TEST] comparison functions for SO3, Quaternion, AngleAxis... [SUCCESS]
[TEST] trivial case quaterion -> SO3 -> Euler -> quaternion... [SUCCESS]
[TEST] convert functions 
WARNING: Need better coverage on convert function tests
[TEST] compare SO3 and quaternion rotations... dAA = TransformUtils.AngleAxis(0.7853981633974483,[1.0,0.0,0.0])
dAA = TransformUtils.so3([0.0 -0.0446231 0.0548372; 0.0446231 0.0 -0.0875765; -0.0548372 0.0875765 0.0])
dAA = TransformUtils.so3([0.0 0.0099468 0.145495; -0.0099468 0.0 0.0399747; -0.145495 -0.0399747 0.0])
dAA = TransformUtils.so3([0.0 -0.264652 0.0617864; 0.264652 0.0 -0.000540094; -0.0617864 0.000540094 0.0])
dAA = TransformUtils.Quaternion(0.998883887499481,[0.0373582,0.014806,0.0248219])
dAA = TransformUtils.SO3([0.992958 0.0980917 -0.0664287; -0.096843 0.995062 0.0217719; 0.0682363 -0.0151854 0.997554])
[SUCCESS]
[TEST] basic SE3 mechanics... [SUCCESS]
INFO: TransformUtils tests passed

>>> End of log
