>>> 'Pkg.add("TransformUtils")' log
INFO: Installing TransformUtils v0.0.4
INFO: Package database updated

>>> 'Pkg.test("TransformUtils")' log
Julia Version 0.6.0-dev.1946
Commit f550489 (2017-01-06 00:37 UTC)
Platform Info:
  OS: Linux (x86_64-pc-linux-gnu)
  CPU: Intel(R) Xeon(R) CPU E3-1241 v3 @ 3.50GHz
  WORD_SIZE: 64
           Ubuntu 14.04.5 LTS
  uname: Linux 3.13.0-106-generic #153-Ubuntu SMP Tue Dec 6 15:44:32 UTC 2016 x86_64 x86_64
Memory: 2.9392738342285156 GB (414.87109375 MB free)
Uptime: 28215.0 sec
Load Avg:  0.94384765625  0.990234375  1.08203125
Intel(R) Xeon(R) CPU E3-1241 v3 @ 3.50GHz: 
       speed         user         nice          sys         idle          irq
#1  3499 MHz    1692764 s        526 s     163360 s     626763 s        100 s
#2  3499 MHz     529423 s       6484 s      84032 s    2116717 s          4 s

  BLAS: libopenblas (USE64BITINT DYNAMIC_ARCH NO_AFFINITY Nehalem)
  LAPACK: libopenblas64_
  LIBM: libopenlibm
  LLVM: libLLVM-3.9.1 (ORCJIT, haswell)
Environment:
  TERM = vt100
  LD_LIBRARY_PATH = :/usr/local/lib/
  PATH = /usr/local/sbin:/usr/local/bin:/usr/sbin:/usr/bin:/sbin:/bin:/usr/games:/usr/local/games:/home/vagrant/julia/bin/
  JAVA_HOME = /usr/lib/jvm/java-7-oracle
  HOME = /home/vagrant

Package Directory: /home/vagrant/.julia/v0.6
2 required packages:
 - JSON                          0.8.0
 - TransformUtils                0.0.4
18 additional packages:
 - BinDeps                       0.4.5
 - Calculus                      0.1.15
 - Compat                        0.10.0
 - Distributions                 0.11.1
 - GenerativeModels              0.0.0-             master (unregistered)
 - Iterators                     0.2.0
 - LaTeXStrings                  0.2.0
 - PDMats                        0.5.2
 - POMDPBounds                   0.0.0-             master (unregistered)
 - POMDPModels                   0.0.0-             master (unregistered)
 - POMDPToolbox                  0.0.0-             master (unregistered)
 - POMDPs                        0.4.0
 - Rmath                         0.1.6
 - SHA                           0.3.0
 - StatsBase                     0.12.0
 - StatsFuns                     0.3.1
 - TikzPictures                  0.3.5
 - URIParser                     0.1.6
INFO: Testing TransformUtils
WARNING: Method definition *(TransformUtils.SO3, TransformUtils.so3) in module TransformUtils at /home/vagrant/.julia/v0.6/TransformUtils/src/TransformUtils.jl:191 overwritten at /home/vagrant/.julia/v0.6/TransformUtils/src/TransformUtils.jl:218.
WARNING: Method definition *(TransformUtils.so3, TransformUtils.SO3) in module TransformUtils at /home/vagrant/.julia/v0.6/TransformUtils/src/TransformUtils.jl:194 overwritten at /home/vagrant/.julia/v0.6/TransformUtils/src/TransformUtils.jl:219.
WARNING: Method definition *(TransformUtils.SO3, TransformUtils.so3) in module TransformUtils at /home/vagrant/.julia/v0.6/TransformUtils/src/TransformUtils.jl:218 overwritten at /home/vagrant/.julia/v0.6/TransformUtils/src/TransformUtils.jl:191.
WARNING: Method definition *(TransformUtils.so3, TransformUtils.SO3) in module TransformUtils at /home/vagrant/.julia/v0.6/TransformUtils/src/TransformUtils.jl:219 overwritten at /home/vagrant/.julia/v0.6/TransformUtils/src/TransformUtils.jl:194.
[TEST] constructors SO3, Quaternion, AngleAxis... [SUCCESS]
[TEST] comparison functions for SO3, Quaternion, AngleAxis... [SUCCESS]
[TEST] trivial case quaterion -> SO3 -> Euler -> quaternion... [SUCCESS]
[TEST] convert functions 
WARNING: Need better coverage on convert function tests
[TEST] compare SO3 and quaternion rotations... dAA = TransformUtils.AngleAxis(0.7853981633974483,[1.0,0.0,0.0])
dAA = TransformUtils.so3([0.0 0.102443 0.0402019; -0.102443 0.0 0.0396115; -0.0402019 -0.0396115 0.0])
dAA = TransformUtils.so3([0.0 0.0391218 -0.117758; -0.0391218 0.0 0.225634; 0.117758 -0.225634 0.0])
dAA = TransformUtils.so3([0.0 0.00179298 0.185959; -0.00179298 0.0 0.0868814; -0.185959 -0.0868814 0.0])
dAA = TransformUtils.Quaternion(0.9927336828665999,[-0.112748,-0.0143615,-0.0395165])
dAA = TransformUtils.SO3([0.997966 -0.03741 0.0516162; 0.0371776 0.999294 0.00545489; -0.0517838 -0.00352483 0.998652])
[SUCCESS]
[TEST] basic SE3 mechanics... [SUCCESS]
INFO: TransformUtils tests passed

>>> End of log
