>>> 'Pkg.add("TransformUtils")' log
INFO: Cloning cache of TransformUtils from git://github.com/dehann/TransformUtils.jl.git
INFO: Installing TransformUtils v0.0.5
INFO: Package database updated
INFO: METADATA is out-of-date — you may not have the latest version of TransformUtils
INFO: Use `Pkg.update()` to get the latest versions of your packages

>>> 'Pkg.test("TransformUtils")' log
Julia Version 0.4.7
Commit ae26b25 (2016-09-18 16:17 UTC)
Platform Info:
  System: Linux (x86_64-pc-linux-gnu)
  CPU: Intel(R) Xeon(R) CPU E3-1241 v3 @ 3.50GHz
  WORD_SIZE: 64
           Ubuntu 14.04.5 LTS
  uname: Linux 3.13.0-113-generic #160-Ubuntu SMP Thu Mar 9 09:27:29 UTC 2017 x86_64 x86_64
Memory: 2.9392738342285156 GB (446.71875 MB free)
Uptime: 38812.0 sec
Load Avg:  0.84423828125  0.90869140625  0.99560546875
Intel(R) Xeon(R) CPU E3-1241 v3 @ 3.50GHz: 
       speed         user         nice          sys         idle          irq
#1  3499 MHz    1819300 s       5338 s     145982 s    1510286 s        154 s
#2  3499 MHz    1292036 s         85 s     127680 s    2300723 s          6 s

  BLAS: libopenblas (USE64BITINT DYNAMIC_ARCH NO_AFFINITY Nehalem)
  LAPACK: libopenblas64_
  LIBM: libopenlibm
  LLVM: libLLVM-3.3
Environment:
  TERM = vt100
  LD_LIBRARY_PATH = :/usr/local/lib/
  PATH = /usr/local/sbin:/usr/local/bin:/usr/sbin:/usr/bin:/sbin:/bin:/usr/games:/usr/local/games:/home/vagrant/julia/bin/
  JAVA_HOME = /usr/lib/jvm/java-7-oracle
  HOME = /home/vagrant

Package Directory: /home/vagrant/.julia/v0.4
2 required packages:
 - JSON                          0.8.3
 - TransformUtils                0.0.5
1 additional packages:
 - Compat                        0.21.0
INFO: Testing TransformUtils
WARNING: could not import Base.normalize into TransformUtils
WARNING: could not import Base.normalize! into TransformUtils
[TEST] constructors SO3, Quaternion, AngleAxis... [SUCCESS]
[TEST] comparison functions for SO3, Quaternion, AngleAxis... [SUCCESS]
[TEST] trivial case quaterion -> SO3 -> Euler -> quaternion... [SUCCESS]
[TEST] convert functions 
WARNING: Need better coverage on convert function tests
[TEST] compare SO3 and quaternion rotations... dAA = TransformUtils.AngleAxis(0.7853981633974483,[1.0,0.0,0.0])
dAA = TransformUtils.so3([0.0 0.09055470994069557 -0.10545371535065047
 -0.09055470994069557 0.0 0.02015325221586595
 0.10545371535065047 -0.02015325221586595 0.0])
dAA = TransformUtils.so3([0.0 -0.03077398417950783 -0.041109324795315455
 0.03077398417950783 0.0 -0.14103628101025542
 0.041109324795315455 0.14103628101025542 0.0])
dAA = TransformUtils.so3([0.0 -0.002275937341783201 0.09967533766760969
 0.002275937341783201 0.0 -0.00011992443052047971
 -0.09967533766760969 0.00011992443052047971 0.0])
dAA = TransformUtils.Quaternion(0.9986917757757211,[-0.011526751360283203,-0.03865705202888372,-0.03142456570028142])
dAA = TransformUtils.SO3([0.9977835839225754 -0.05595941658624112 0.036006434840860274
 0.056870401154138994 0.9980736593905014 -0.024793706931826007
 -0.03454963280830782 0.026786454154693436 0.9990439473549851])
[SUCCESS]
[TEST] basic SE3 mechanics... [SUCCESS]
[TEST] SE3 ⊕ and ⊖ mechanics... Compare operations on two different SE3 transforms
xi = TransformUtils.SE3(TransformUtils.SO3([0.8577867776640076 -0.47415148951045666 0.1984495126217589
 0.4811596359929731 0.8765138597910743 0.014451930156988816
 -0.1807961524919927 0.08308922065567974 0.9800045574664048]),[0.052096249326131355,1.0744839304814158,0.20645814361326248])
xj = TransformUtils.SE3(TransformUtils.SO3([0.8057568987676836 -0.48591394053885567 -0.3385904051775335
 0.5555577560533798 0.8182303239824792 0.14783340828263636
 0.20521062296386683 -0.30722431431370906 0.9292479867706215]),[-0.18364188146594546,0.04438839639786191,2.12133811846292])
Dx = TransformUtils.SE3(TransformUtils.SO3([0.9213782903678405 0.0324338255488863 -0.38731136440737185
 0.12195403009352679 0.9220600093095764 0.36733166726539035
 0.3690382914858331 -0.38568560537345525 0.8456106392571754]),[-1.0440563757390842,-0.6320115419242243,1.8149221164781655])
[SUCCESS]
[TEST] previous discovered issues
TransformUtils.convert(Euler,q) = TransformUtils.Euler(0.7853981633974484,0.0,1.5707963267948963,TransformUtils.Quaternion(1.0,[0.0,0.0,0.0]))
INFO: TransformUtils tests passed

>>> End of log
