>>> 'Pkg.add("TransformUtils")' log
INFO: Installing TranscodingStreams v0.5.2
INFO: Installing TransformUtils v0.1.0
INFO: Package database updated
INFO: METADATA is out-of-date — you may not have the latest version of TransformUtils
INFO: Use `Pkg.update()` to get the latest versions of your packages

>>> 'Pkg.test("TransformUtils")' log
Julia Version 0.6.4
Commit 9d11f62bcb (2018-07-09 19:09 UTC)
Platform Info:
  OS: Linux (x86_64-pc-linux-gnu)
  CPU: Intel(R) Xeon(R) CPU E3-1241 v3 @ 3.50GHz
  WORD_SIZE: 64
           Ubuntu 14.04.5 LTS
  uname: Linux 3.13.0-143-generic #192-Ubuntu SMP Tue Feb 27 10:45:36 UTC 2018 x86_64 x86_64
Memory: 2.939197540283203 GB (2299.53125 MB free)
Uptime: 75324.0 sec
Load Avg:  1.0205078125  1.166015625  1.1279296875
Intel(R) Xeon(R) CPU E3-1241 v3 @ 3.50GHz: 
       speed         user         nice          sys         idle          irq
#1  3499 MHz    4694092 s       5491 s     337002 s    1289801 s         19 s
#2  3499 MHz     863739 s         61 s     116994 s    6403446 s          0 s

  BLAS: libopenblas (USE64BITINT DYNAMIC_ARCH NO_AFFINITY Nehalem MAX_THREADS=16)
  LAPACK: libopenblas64_
  LIBM: libopenlibm
  LLVM: libLLVM-3.9.1 (ORCJIT, haswell)
Environment:
  TERM = vt100
  LD_LIBRARY_PATH = :/usr/local/lib/
  PATH = /usr/local/sbin:/usr/local/bin:/usr/sbin:/usr/bin:/sbin:/bin:/usr/games:/usr/local/games:/home/vagrant/julia/bin/
  JAVA_HOME = /usr/lib/jvm/java-8-openjdk-amd64
  HOME = /home/vagrant

Package Directory: /home/vagrant/.julia/v0.6
7 required packages:
 - Conda                         0.8.1
 - JSON                          0.17.2
 - POMDPModels                   0.2.2
 - PyCall                        1.17.1
 - PyPlot                        2.5.0
 - RDatasets                     0.4.0
 - TransformUtils                0.1.0
67 additional packages:
 - AbstractTrees                 0.1.0
 - AssetRegistry                 0.0.2
 - AutoHashEquals                0.2.0
 - BinDeps                       0.8.8
 - BinaryProvider                0.3.3
 - Blink                         0.6.2
 - CPUTime                       0.1.0
 - CSV                           0.2.5
 - Calculus                      0.4.0
 - CategoricalArrays             0.3.10
 - CodecZlib                     0.4.3
 - ColorTypes                    0.6.7
 - Colors                        0.8.2
 - Compat                        0.69.0
 - D3Trees                       0.2.0
 - DataFrames                    0.11.6
 - DataStreams                   0.3.6
 - DataStructures                0.8.4
 - DiscreteValueIteration        0.0.0-             master (unregistered)
 - Distributions                 0.15.0
 - Emoji_Entities                0.2.4              81d15593 (dirty)
 - FileIO                        0.9.1
 - FixedPointNumbers             0.4.6
 - HTML_Entities                 0.2.4              1a5cf18a (dirty)
 - Hiccup                        0.1.1
 - HttpCommon                    0.4.0
 - HttpParser                    0.4.0
 - HttpServer                    0.3.1
 - InternedStrings               0.6.2
 - Iterators                     0.3.1
 - LaTeXStrings                  1.0.0
 - LaTeX_Entities                0.2.4              96871748 (dirty)
 - Lazy                          0.12.1
 - LightXML                      0.6.0
 - MCTS                          0.0.0-             master (unregistered)
 - MacroTools                    0.4.2
 - MbedTLS                       0.5.12
 - Missings                      0.2.10
 - Mocking                       0.5.4
 - Mustache                      0.3.3
 - Mux                           0.3.0
 - NamedTuples                   4.0.2
 - Nullables                     0.0.6
 - PDMats                        0.8.0
 - POMDPToolbox                  0.2.7
 - POMDPs                        0.6.7
 - Pidfile                       1.0.0
 - ProgressMeter                 0.5.6
 - QuadGK                        0.3.0
 - RData                         0.4.0
 - Reexport                      0.1.0
 - Requires                      0.4.4
 - Rmath                         0.4.0
 - SHA                           0.5.7
 - SortingAlgorithms             0.2.1
 - SpecialFunctions              0.6.0
 - StaticArrays                  0.7.2
 - StatsBase                     0.23.1
 - StatsFuns                     0.6.1
 - StrTables                     0.2.4
 - TikzPictures                  1.2.0
 - TimeZones                     0.7.2
 - TranscodingStreams            0.5.2
 - URIParser                     0.3.1
 - VersionParsing                1.1.1
 - WeakRefStrings                0.4.7
 - WebSockets                    0.5.0
INFO: Testing TransformUtils
[TEST] constructors SO3, Quaternion, AngleAxis... [SUCCESS]
[TEST] comparison functions for SO3, Quaternion, AngleAxis... [SUCCESS]
[TEST] trivial case quaterion -> SO3 -> Euler -> quaternion... [SUCCESS]
[TEST] convert functions 
WARNING: Need better coverage on convert function tests
[TEST] compare SO3 and quaternion rotations... dAA = TransformUtils.AngleAxis(0.7853981633974483, [1.0, 0.0, 0.0])
dAA = TransformUtils.so3([0.0 -0.0824887 -0.0690258; 0.0824887 0.0 -0.100328; 0.0690258 0.100328 0.0])
dAA = TransformUtils.so3([0.0 -0.0317309 -0.221667; 0.0317309 0.0 -0.11874; 0.221667 0.11874 0.0])
dAA = TransformUtils.so3([0.0 -0.0782625 0.0434223; 0.0782625 0.0 0.0295403; -0.0434223 -0.0295403 0.0])
dAA = TransformUtils.Quaternion(0.9972638073153938, [-0.0471692, 0.0253216, 0.0509783])
dAA = TransformUtils.SO3([0.993331 -0.113528 -0.0201387; 0.108688 0.98027 -0.165102; 0.038485 0.161812 0.986071])
[SUCCESS]
[TEST] basic SE3 mechanics... [SUCCESS]
[TEST] SE3 ⊕ and ⊖ mechanics... Compare operations on two different SE3 transforms
xi = TransformUtils.SE3(TransformUtils.SO3([0.996993 0.0548475 -0.0547472; -0.0547609 0.998495 0.00308233; 0.0548338 -7.50546e-5 0.998495]), [0.1437, 0.720133, -0.476358])
xj = TransformUtils.SE3(TransformUtils.SO3([0.989436 0.130164 0.0638224; -0.138716 0.977976 0.155954; -0.0421171 -0.16316 0.9857]), [-1.87833, 0.607028, 0.067505])
Dx = TransformUtils.SE3(TransformUtils.SO3([0.991747 0.067271 0.10914; -0.0842358 0.983655 0.159146; -0.0966502 -0.167026 0.981204]), [-1.97993, -0.223879, 0.653397])
[SUCCESS]
[TEST] previous discovered issues
TransformUtils.convert(Euler, q) = TransformUtils.Euler(0.7853981633974484, 0.0, 1.5707963267948963, TransformUtils.Quaternion(1.0, [0.0, 0.0, 0.0]))
INFO: TransformUtils tests passed

>>> End of log
