>>> 'Pkg.add("TransformUtils")' log
INFO: Cloning cache of TransformUtils from git://github.com/dehann/TransformUtils.jl.git
INFO: Installing TransformUtils v0.0.6
INFO: Package database updated
INFO: METADATA is out-of-date — you may not have the latest version of TransformUtils
INFO: Use `Pkg.update()` to get the latest versions of your packages

>>> 'Pkg.test("TransformUtils")' log
Julia Version 0.4.7
Commit ae26b25 (2016-09-18 16:17 UTC)
Platform Info:
  System: Linux (x86_64-pc-linux-gnu)
  CPU: Intel(R) Xeon(R) CPU E3-1241 v3 @ 3.50GHz
  WORD_SIZE: 64
           Ubuntu 14.04.5 LTS
  uname: Linux 3.13.0-117-generic #164-Ubuntu SMP Fri Apr 7 11:05:26 UTC 2017 x86_64 x86_64
Memory: 2.9392738342285156 GB (450.95703125 MB free)
Uptime: 43489.0 sec
Load Avg:  0.9921875  0.998046875  0.96826171875
Intel(R) Xeon(R) CPU E3-1241 v3 @ 3.50GHz: 
       speed         user         nice          sys         idle          irq
#1  3499 MHz    2151838 s         50 s     165590 s    1572125 s        102 s
#2  3499 MHz    1379770 s       6594 s     143433 s    2644404 s          1 s

  BLAS: libopenblas (USE64BITINT DYNAMIC_ARCH NO_AFFINITY Nehalem)
  LAPACK: libopenblas64_
  LIBM: libopenlibm
  LLVM: libLLVM-3.3
Environment:
  TERM = vt100
  LD_LIBRARY_PATH = :/usr/local/lib/
  PATH = /usr/local/sbin:/usr/local/bin:/usr/sbin:/usr/bin:/sbin:/bin:/usr/games:/usr/local/games:/home/vagrant/julia/bin/
  JAVA_HOME = /usr/lib/jvm/java-7-oracle
  HOME = /home/vagrant

Package Directory: /home/vagrant/.julia/v0.4
2 required packages:
 - JSON                          0.10.0
 - TransformUtils                0.0.6
1 additional packages:
 - Compat                        0.24.0
INFO: Testing TransformUtils
WARNING: could not import Base.normalize into TransformUtils
WARNING: could not import Base.normalize! into TransformUtils
[TEST] constructors SO3, Quaternion, AngleAxis... [SUCCESS]
[TEST] comparison functions for SO3, Quaternion, AngleAxis... [SUCCESS]
[TEST] trivial case quaterion -> SO3 -> Euler -> quaternion... [SUCCESS]
[TEST] convert functions 
WARNING: Need better coverage on convert function tests
[TEST] compare SO3 and quaternion rotations... dAA = TransformUtils.AngleAxis(0.7853981633974483,[1.0,0.0,0.0])
dAA = TransformUtils.so3([0.0 0.024228997136855085 -0.056754139835556876
 -0.024228997136855085 0.0 0.02544584576315166
 0.056754139835556876 -0.02544584576315166 0.0])
dAA = TransformUtils.so3([0.0 -0.011296762016013706 0.09670181003688023
 0.011296762016013706 0.0 0.1481275506967539
 -0.09670181003688023 -0.1481275506967539 0.0])
dAA = TransformUtils.so3([0.0 0.13084485857492775 -0.012060779945502836
 -0.13084485857492775 0.0 -0.07538038259665647
 0.012060779945502836 0.07538038259665647 0.0])
dAA = TransformUtils.Quaternion(0.995647679674766,[-0.04926047983829883,0.07015479854184893,-0.036570580059765614])
dAA = TransformUtils.SO3([0.9769673952933811 -0.1814005961168381 -0.1123767425320863
 0.1832593104673709 0.9830441004403607 0.006349938301000111
 0.10931941117976618 -0.026797767031201153 0.9936453824284857])
[SUCCESS]
[TEST] basic SE3 mechanics... [SUCCESS]
[TEST] SE3 ⊕ and ⊖ mechanics... Compare operations on two different SE3 transforms
xi = TransformUtils.SE3(TransformUtils.SO3([0.9575476559018398 -0.059019440188310006 -0.2821687302958115
 0.05232633245215552 0.99814240116131 -0.031204197410618945
 0.2834862282527996 0.0151146512957752 0.9588571873366799]),[-0.9004202740247919,-1.3233763466643713,-2.3069051031645875])
xj = TransformUtils.SE3(TransformUtils.SO3([0.8791890457879517 -0.016899520179592238 0.4761733171694635
 0.1397145522687139 0.9645851559070957 -0.2237304648188008
 -0.455528775875711 0.2632297156883762 0.85041381169863]),[-1.171261486545047,-1.2484051608340385,0.3154479240499166])
Dx = TransformUtils.SE3(TransformUtils.SO3([0.7200400254656248 0.10891310687712921 0.6853322529093704
 0.08068061477401939 0.9677693692254317 -0.23856463775819034
 -0.6892263779972067 0.22706911533579663 0.6880455048421363]),[0.48798056785605937,0.1304527677662355,2.588545553244588])
[SUCCESS]
[TEST] previous discovered issues
TransformUtils.convert(Euler,q) = TransformUtils.Euler(0.7853981633974484,0.0,1.5707963267948963,TransformUtils.Quaternion(1.0,[0.0,0.0,0.0]))
INFO: TransformUtils tests passed

>>> End of log
