>>> 'Pkg.add("TransformUtils")' log
INFO: Cloning cache of TransformUtils from git://github.com/dehann/TransformUtils.jl.git
INFO: Installing TransformUtils v0.0.4
INFO: Package database updated

>>> 'Pkg.test("TransformUtils")' log
Julia Version 0.4.7
Commit ae26b25 (2016-09-18 16:17 UTC)
Platform Info:
  System: Linux (x86_64-pc-linux-gnu)
  CPU: Intel(R) Xeon(R) CPU E3-1241 v3 @ 3.50GHz
  WORD_SIZE: 64
           Ubuntu 14.04.5 LTS
  uname: Linux 3.13.0-105-generic #152-Ubuntu SMP Fri Dec 2 15:37:11 UTC 2016 x86_64 x86_64
Memory: 2.9392738342285156 GB (405.890625 MB free)
Uptime: 33764.0 sec
Load Avg:  0.91064453125  0.97216796875  1.0029296875
Intel(R) Xeon(R) CPU E3-1241 v3 @ 3.50GHz: 
       speed         user         nice          sys         idle          irq
#1  3499 MHz    1592718 s         59 s     132482 s    1325773 s         86 s
#2  3499 MHz     983094 s         92 s     119212 s    2169652 s          2 s

  BLAS: libopenblas (USE64BITINT DYNAMIC_ARCH NO_AFFINITY Nehalem)
  LAPACK: libopenblas64_
  LIBM: libopenlibm
  LLVM: libLLVM-3.3
Environment:
  TERM = vt100
  LD_LIBRARY_PATH = :/usr/local/lib/
  PATH = /usr/local/sbin:/usr/local/bin:/usr/sbin:/usr/bin:/sbin:/bin:/usr/games:/usr/local/games:/home/vagrant/julia/bin/
  JAVA_HOME = /usr/lib/jvm/java-7-oracle
  HOME = /home/vagrant

Package Directory: /home/vagrant/.julia/v0.4
2 required packages:
 - JSON                          0.8.0
 - TransformUtils                0.0.4
1 additional packages:
 - Compat                        0.10.0
INFO: Testing TransformUtils
WARNING: could not import Base.normalize into TransformUtils
WARNING: could not import Base.normalize! into TransformUtils
[TEST] constructors SO3, Quaternion, AngleAxis... [SUCCESS]
[TEST] comparison functions for SO3, Quaternion, AngleAxis... [SUCCESS]
[TEST] trivial case quaterion -> SO3 -> Euler -> quaternion... [SUCCESS]
[TEST] convert functions 
WARNING: Need better coverage on convert function tests
[TEST] compare SO3 and quaternion rotations... dAA = TransformUtils.AngleAxis(0.7853981633974483,[1.0,0.0,0.0])
dAA = TransformUtils.so3([0.0 0.02906424844495974 -0.10372101814121282
 -0.02906424844495974 0.0 0.11140683680182194
 0.10372101814121282 -0.11140683680182194 0.0])
dAA = TransformUtils.so3([0.0 0.03768800342272284 -0.0914979036521197
 -0.03768800342272284 0.0 0.11985103176445021
 0.0914979036521197 -0.11985103176445021 0.0])
dAA = TransformUtils.so3([0.0 0.033031875162805334 0.11347713461189715
 -0.033031875162805334 0.0 0.11337162686292963
 -0.11347713461189715 -0.11337162686292963 0.0])
dAA = TransformUtils.Quaternion(0.9941534290270867,[0.1077048809594875,0.0030083457147969004,-0.007040456465879201])
dAA = TransformUtils.SO3([0.9894616803342369 0.1080697613339276 0.09636653898203743
 -0.10475732493570664 0.993740279255118 -0.038809280568894565
 -0.09995742104748093 0.02830519512719053 0.9945890256313652])
[SUCCESS]
[TEST] basic SE3 mechanics... [SUCCESS]
INFO: TransformUtils tests passed

>>> End of log
