>>> 'Pkg.add("TransformUtils")' log
INFO: Cloning cache of TransformUtils from git://github.com/dehann/TransformUtils.jl.git
INFO: Installing TransformUtils v0.0.5
INFO: Package database updated
INFO: METADATA is out-of-date — you may not have the latest version of TransformUtils
INFO: Use `Pkg.update()` to get the latest versions of your packages

>>> 'Pkg.test("TransformUtils")' log
Julia Version 0.4.7
Commit ae26b25 (2016-09-18 16:17 UTC)
Platform Info:
  System: Linux (x86_64-pc-linux-gnu)
  CPU: Intel(R) Xeon(R) CPU E3-1241 v3 @ 3.50GHz
  WORD_SIZE: 64
           Ubuntu 14.04.5 LTS
  uname: Linux 3.13.0-115-generic #162-Ubuntu SMP Fri Mar 24 16:03:51 UTC 2017 x86_64 x86_64
Memory: 2.9392738342285156 GB (448.00390625 MB free)
Uptime: 40974.0 sec
Load Avg:  0.8271484375  0.88720703125  0.931640625
Intel(R) Xeon(R) CPU E3-1241 v3 @ 3.50GHz: 
       speed         user         nice          sys         idle          irq
#1  3500 MHz    1941891 s       6419 s     160250 s    1562424 s        258 s
#2  3500 MHz    1351909 s        813 s     142886 s    2398225 s          6 s

  BLAS: libopenblas (USE64BITINT DYNAMIC_ARCH NO_AFFINITY Nehalem)
  LAPACK: libopenblas64_
  LIBM: libopenlibm
  LLVM: libLLVM-3.3
Environment:
  TERM = vt100
  LD_LIBRARY_PATH = :/usr/local/lib/
  PATH = /usr/local/sbin:/usr/local/bin:/usr/sbin:/usr/bin:/sbin:/bin:/usr/games:/usr/local/games:/home/vagrant/julia/bin/
  JAVA_HOME = /usr/lib/jvm/java-7-oracle
  HOME = /home/vagrant

Package Directory: /home/vagrant/.julia/v0.4
2 required packages:
 - JSON                          0.8.3
 - TransformUtils                0.0.5
1 additional packages:
 - Compat                        0.21.0
INFO: Testing TransformUtils
WARNING: could not import Base.normalize into TransformUtils
WARNING: could not import Base.normalize! into TransformUtils
[TEST] constructors SO3, Quaternion, AngleAxis... [SUCCESS]
[TEST] comparison functions for SO3, Quaternion, AngleAxis... [SUCCESS]
[TEST] trivial case quaterion -> SO3 -> Euler -> quaternion... [SUCCESS]
[TEST] convert functions 
WARNING: Need better coverage on convert function tests
[TEST] compare SO3 and quaternion rotations... dAA = TransformUtils.AngleAxis(0.7853981633974483,[1.0,0.0,0.0])
dAA = TransformUtils.so3([0.0 0.0877918194384232 -0.1293715643503475
 -0.0877918194384232 0.0 0.08840348400022022
 0.1293715643503475 -0.08840348400022022 0.0])
dAA = TransformUtils.so3([0.0 -0.010817700081243053 0.14603607272495825
 0.010817700081243053 0.0 -0.0035359469823086002
 -0.14603607272495825 0.0035359469823086002 0.0])
dAA = TransformUtils.so3([0.0 0.08513775226192337 -0.005013027642018393
 -0.08513775226192337 0.0 -0.05331297338394889
 0.005013027642018393 0.05331297338394889 0.0])
dAA = TransformUtils.Quaternion(0.9995761971712414,[0.004985777928825054,0.028610866307411057,-0.0019965961693725817])
dAA = TransformUtils.SO3([0.9982326287351064 -0.039027577221942854 0.044815925124727964
 0.047010199473575494 0.9799241189143542 -0.19374922532846872
 -0.03635464308798229 0.195513604094734 0.9800269233749823])
[SUCCESS]
[TEST] basic SE3 mechanics... [SUCCESS]
[TEST] SE3 ⊕ and ⊖ mechanics... Compare operations on two different SE3 transforms
xi = TransformUtils.SE3(TransformUtils.SO3([0.9682973641958732 0.18403682763332327 -0.16891021451051158
 -0.2111605641748589 0.9642912700951847 -0.1598548171171919
 0.13345947185823823 0.19045417425952632 0.972582015502262]),[-0.03314252596588954,-1.712686329064578,-1.1677318865075483])
xj = TransformUtils.SE3(TransformUtils.SO3([0.9525403657730156 -0.30441223339301254 -0.00020912600893358872
 0.25971065187355735 0.8130220398886631 -0.521100316598147
 0.15879933525182482 0.49631477392472934 0.8534954108298551]),[-1.5881861754935638,-0.8485265094277346,0.5787475853189537])
Dx = TransformUtils.SE3(TransformUtils.SO3([0.8886949531104911 -0.40020184824948235 0.22374038744410962
 0.4559832177303002 0.8224922141738298 -0.3399792093227946
 -0.04796441873163618 0.404159669290652 0.9134300062153679]),[-1.4551369141777184,0.8797407756203488,1.8231171712292005])
[SUCCESS]
[TEST] previous discovered issues
TransformUtils.convert(Euler,q) = TransformUtils.Euler(0.7853981633974484,0.0,1.5707963267948963,TransformUtils.Quaternion(1.0,[0.0,0.0,0.0]))
INFO: TransformUtils tests passed

>>> End of log
