>>> 'Pkg.add("TransformUtils")' log
INFO: Cloning cache of TransformUtils from git://github.com/dehann/TransformUtils.jl.git
INFO: Installing TransformUtils v0.0.5
INFO: Package database updated

>>> 'Pkg.test("TransformUtils")' log
Julia Version 0.4.7
Commit ae26b25 (2016-09-18 16:17 UTC)
Platform Info:
  System: Linux (x86_64-pc-linux-gnu)
  CPU: Intel(R) Xeon(R) CPU E3-1241 v3 @ 3.50GHz
  WORD_SIZE: 64
           Ubuntu 14.04.5 LTS
  uname: Linux 3.13.0-107-generic #154-Ubuntu SMP Tue Dec 20 09:57:27 UTC 2016 x86_64 x86_64
Memory: 2.9392738342285156 GB (443.1953125 MB free)
Uptime: 36922.0 sec
Load Avg:  0.98779296875  1.015625  1.01513671875
Intel(R) Xeon(R) CPU E3-1241 v3 @ 3.50GHz: 
       speed         user         nice          sys         idle          irq
#1  3499 MHz    1786050 s       5979 s     149982 s    1346274 s         90 s
#2  3499 MHz    1158968 s        444 s     131233 s    2265657 s          1 s

  BLAS: libopenblas (USE64BITINT DYNAMIC_ARCH NO_AFFINITY Nehalem)
  LAPACK: libopenblas64_
  LIBM: libopenlibm
  LLVM: libLLVM-3.3
Environment:
  TERM = vt100
  LD_LIBRARY_PATH = :/usr/local/lib/
  PATH = /usr/local/sbin:/usr/local/bin:/usr/sbin:/usr/bin:/sbin:/bin:/usr/games:/usr/local/games:/home/vagrant/julia/bin/
  JAVA_HOME = /usr/lib/jvm/java-7-oracle
  HOME = /home/vagrant

Package Directory: /home/vagrant/.julia/v0.4
2 required packages:
 - JSON                          0.8.2
 - TransformUtils                0.0.5
1 additional packages:
 - Compat                        0.14.0
INFO: Testing TransformUtils
WARNING: could not import Base.normalize into TransformUtils
WARNING: could not import Base.normalize! into TransformUtils
[TEST] constructors SO3, Quaternion, AngleAxis... [SUCCESS]
[TEST] comparison functions for SO3, Quaternion, AngleAxis... [SUCCESS]
[TEST] trivial case quaterion -> SO3 -> Euler -> quaternion... [SUCCESS]
[TEST] convert functions 
WARNING: Need better coverage on convert function tests
[TEST] compare SO3 and quaternion rotations... dAA = TransformUtils.AngleAxis(0.7853981633974483,[1.0,0.0,0.0])
dAA = TransformUtils.so3([0.0 -0.024501218236533125 -0.059784332846745704
 0.024501218236533125 0.0 -0.0819124713756248
 0.059784332846745704 0.0819124713756248 0.0])
dAA = TransformUtils.so3([0.0 0.029075016369505147 0.11563459231123221
 -0.029075016369505147 0.0 -0.14296135104816673
 -0.11563459231123221 0.14296135104816673 0.0])
dAA = TransformUtils.so3([0.0 0.08162596386694186 0.06767254653553827
 -0.08162596386694186 0.0 0.07686046251820283
 -0.06767254653553827 -0.07686046251820283 0.0])
dAA = TransformUtils.Quaternion(0.9877966816944654,[0.009809234010659765,-0.008496683984945247,0.15520728372981443])
dAA = TransformUtils.SO3([0.9967775941090733 0.07839513351407054 -0.01698914133905594
 -0.07584672745276183 0.9900539097444918 0.11849274127283892
 0.02610942007846653 -0.11682233879252944 0.9928095685186609])
[SUCCESS]
[TEST] basic SE3 mechanics... [SUCCESS]
[TEST] SE3 ⊕ and ⊖ mechanics... Compare operations on two different SE3 transforms
xi = TransformUtils.SE3(TransformUtils.SO3([0.8899702055219849 -0.4359487807787317 0.13379721155798835
 0.4552141948936708 0.8667209358909564 -0.2038991320619382
 -0.02707526639689639 0.24237054240530526 0.9698058827021494]),[-0.2594452558350732,0.16983501242531432,-0.5881351161877744])
xj = TransformUtils.SE3(TransformUtils.SO3([0.996127745797617 -0.08469834997493493 -0.023573365556949794
 0.08787509322271635 0.967529864630851 0.23698930152752884
 0.00273533238511517 -0.23814313040465918 0.9712262184464608]),[-0.4504332630766612,0.4848348279411732,1.2460268015355973])
Dx = TransformUtils.SE3(TransformUtils.SO3([0.926451944613231 0.3715021091252463 0.0606050925076157
 -0.3574345292470007 0.8177836524945701 0.45107699455260974
 0.11801420094352243 -0.43956351148398753 0.8904249366159556]),[-0.07624167118272657,0.8008247426674822,1.688999165843086])
[SUCCESS]
[TEST] previous discovered issues
TransformUtils.convert(Euler,q) = TransformUtils.Euler(0.7853981633974484,0.0,1.5707963267948963,TransformUtils.Quaternion(1.0,[0.0,0.0,0.0]))
INFO: TransformUtils tests passed

>>> End of log
