>>> 'Pkg.add("TransformUtils")' log
INFO: Cloning cache of TransformUtils from https://github.com/dehann/TransformUtils.jl.git
INFO: Installing TransformUtils v0.0.2
INFO: Package database updated

>>> 'Pkg.test("TransformUtils")' log
Julia Version 0.5.0
Commit 3c9d753 (2016-09-19 18:14 UTC)
Platform Info:
  System: Linux (x86_64-pc-linux-gnu)
  CPU: Intel(R) Xeon(R) CPU E3-1241 v3 @ 3.50GHz
  WORD_SIZE: 64
           Ubuntu 14.04.5 LTS
  uname: Linux 3.13.0-98-generic #145-Ubuntu SMP Sat Oct 8 20:13:07 UTC 2016 x86_64 x86_64
Memory: 2.939289093017578 GB (386.3984375 MB free)
Uptime: 25277.0 sec
Load Avg:  1.03857421875  1.04150390625  1.04541015625
Intel(R) Xeon(R) CPU E3-1241 v3 @ 3.50GHz: 
       speed         user         nice          sys         idle          irq
#1  3499 MHz    1482274 s         91 s     225849 s     532138 s         20 s
#2  3499 MHz     368077 s         49 s      72431 s    2032770 s          0 s

  BLAS: libopenblas (USE64BITINT DYNAMIC_ARCH NO_AFFINITY Nehalem)
  LAPACK: libopenblas64_
  LIBM: libopenlibm
  LLVM: libLLVM-3.7.1 (ORCJIT, haswell)
Environment:
  TERM = vt100
  LD_LIBRARY_PATH = :/usr/local/lib/
  PATH = /usr/local/sbin:/usr/local/bin:/usr/sbin:/usr/bin:/sbin:/bin:/usr/games:/usr/local/games:/home/vagrant/julia/bin/
  JAVA_HOME = /usr/lib/jvm/java-7-oracle
  HOME = /home/vagrant

Package Directory: /home/vagrant/.julia/v0.5
2 required packages:
 - JSON                          0.8.0
 - TransformUtils                0.0.2
1 additional packages:
 - Compat                        0.9.2
INFO: Testing TransformUtils
WARNING: Method definition *(TransformUtils.SO3, TransformUtils.so3) in module TransformUtils at /home/vagrant/.julia/v0.5/TransformUtils/src/TransformUtils.jl:176 overwritten at /home/vagrant/.julia/v0.5/TransformUtils/src/TransformUtils.jl:203.
WARNING: Method definition *(TransformUtils.so3, TransformUtils.SO3) in module TransformUtils at /home/vagrant/.julia/v0.5/TransformUtils/src/TransformUtils.jl:179 overwritten at /home/vagrant/.julia/v0.5/TransformUtils/src/TransformUtils.jl:204.
[TEST] constructors SO3, Quaternion, AngleAxis... [SUCCESS]
[TEST] comparison functions for SO3, Quaternion, AngleAxis... [SUCCESS]
[TEST] trivial case quaterion -> SO3 -> Euler -> quaternion... [SUCCESS]
[TEST] convert functions 
WARNING: Need better coverage on convert function tests
[TEST] compare SO3 and quaternion rotations... dAA = TransformUtils.AngleAxis(0.7853981633974483,[1.0,0.0,0.0])
dAA = TransformUtils.so3([0.0 -0.0530169 -0.0257783; 0.0530169 0.0 0.0277063; 0.0257783 -0.0277063 0.0])
dAA = TransformUtils.so3([0.0 0.0597504 -0.140701; -0.0597504 0.0 0.000948145; 0.140701 -0.000948145 0.0])
dAA = TransformUtils.so3([0.0 -0.158915 -0.0206212; 0.158915 0.0 0.122823; 0.0206212 -0.122823 0.0])
dAA = TransformUtils.Quaternion(0.9977562563053717,[0.0419908,0.0222833,0.0471453])
dAA = TransformUtils.SO3([0.995434 -0.0237651 -0.0924414; 0.040004 0.983216 0.178006; 0.0866596 -0.180891 0.979678])
[SUCCESS]
[TEST] basic SE3 mechanics... [SUCCESS]
INFO: TransformUtils tests passed

>>> End of log
