>>> 'Pkg.add("TransformUtils")' log
INFO: Installing TranscodingStreams v0.5.3
INFO: Installing TransformUtils v0.1.0
INFO: Package database updated

>>> 'Pkg.test("TransformUtils")' log
Julia Version 0.6.4
Commit 9d11f62bcb (2018-07-09 19:09 UTC)
Platform Info:
  OS: Linux (x86_64-pc-linux-gnu)
  CPU: Intel(R) Xeon(R) CPU E3-1241 v3 @ 3.50GHz
  WORD_SIZE: 64
           Ubuntu 14.04.5 LTS
  uname: Linux 3.13.0-143-generic #192-Ubuntu SMP Tue Feb 27 10:45:36 UTC 2018 x86_64 x86_64
Memory: 2.939197540283203 GB (1075.39453125 MB free)
Uptime: 76686.0 sec
Load Avg:  1.0166015625  1.1025390625  1.08935546875
Intel(R) Xeon(R) CPU E3-1241 v3 @ 3.50GHz: 
       speed         user         nice          sys         idle          irq
#1  3499 MHz    4757951 s       7151 s     381812 s    1323519 s         20 s
#2  3499 MHz     886750 s        752 s     125893 s    6518004 s          0 s

  BLAS: libopenblas (USE64BITINT DYNAMIC_ARCH NO_AFFINITY Nehalem MAX_THREADS=16)
  LAPACK: libopenblas64_
  LIBM: libopenlibm
  LLVM: libLLVM-3.9.1 (ORCJIT, haswell)
Environment:
  TERM = vt100
  LD_LIBRARY_PATH = :/usr/local/lib/
  PATH = /usr/local/sbin:/usr/local/bin:/usr/sbin:/usr/bin:/sbin:/bin:/usr/games:/usr/local/games:/home/vagrant/julia/bin/
  JAVA_HOME = /usr/lib/jvm/java-8-openjdk-amd64
  HOME = /home/vagrant

Package Directory: /home/vagrant/.julia/v0.6
7 required packages:
 - Conda                         1.0.0
 - JSON                          0.17.2
 - POMDPModels                   0.2.2
 - PyCall                        1.17.1
 - PyPlot                        2.6.0
 - RDatasets                     0.4.0
 - TransformUtils                0.1.0
75 additional packages:
 - AMG                           0.1.2              master
 - AbstractTrees                 0.1.0
 - AssetRegistry                 0.0.2
 - AutoHashEquals                0.2.0
 - BinDeps                       0.8.8
 - BinaryProvider                0.3.3
 - Blink                         0.7.0
 - CPUTime                       0.1.0
 - CSV                           0.2.5
 - Calculus                      0.4.0
 - CategoricalArrays             0.3.11
 - CodecZlib                     0.4.3
 - ColorTypes                    0.6.7
 - Colors                        0.8.2
 - Compat                        1.0.0
 - D3Trees                       0.2.0
 - DataFrames                    0.11.7
 - DataStreams                   0.3.6
 - DataStructures                0.8.4
 - DiscreteValueIteration        0.0.0-             master (unregistered)
 - Distributions                 0.15.0
 - Emoji_Entities                0.2.4              81d15593 (dirty)
 - FileIO                        0.9.1
 - FixedPointNumbers             0.4.6
 - FunctionalCollections         0.3.2
 - HTML_Entities                 0.2.4              1a5cf18a (dirty)
 - Hiccup                        0.1.1
 - HttpCommon                    0.4.0
 - HttpParser                    0.4.0
 - HttpServer                    0.3.1
 - IncompleteSelectedInversion   0.0.0-             master (unregistered)
 - InternedStrings               0.6.2
 - IterativeSolvers              0.6.0
 - Iterators                     0.3.1
 - JSExpr                        0.2.0
 - LaTeXStrings                  1.0.0
 - LaTeX_Entities                0.2.4              96871748 (dirty)
 - Lazy                          0.12.1
 - LightXML                      0.7.0
 - MCTS                          0.0.0-             master (unregistered)
 - MacroTools                    0.4.2
 - MbedTLS                       0.5.12
 - Missings                      0.2.10
 - Mocking                       0.5.5
 - Mustache                      0.3.3
 - Mux                           0.3.1
 - NamedTuples                   4.0.2
 - Nullables                     0.0.6
 - Observables                   0.1.2
 - PDMats                        0.8.0
 - POMDPToolbox                  0.2.7
 - POMDPs                        0.6.7
 - Pidfile                       1.0.0
 - ProgressMeter                 0.5.6
 - QuadGK                        0.3.0
 - RData                         0.4.0
 - RecipesBase                   0.3.1
 - Reexport                      0.1.0
 - Requires                      0.4.4
 - Rmath                         0.4.0
 - SHA                           0.5.7
 - SortingAlgorithms             0.2.1
 - SpecialFunctions              0.6.0
 - StaticArrays                  0.7.2
 - StatsBase                     0.23.1
 - StatsFuns                     0.6.1
 - StrTables                     0.2.4
 - TikzPictures                  1.2.0
 - TimeZones                     0.7.2
 - TranscodingStreams            0.5.3
 - URIParser                     0.3.1
 - VersionParsing                1.1.1
 - WeakRefStrings                0.4.7
 - WebIO                         0.2.5
 - WebSockets                    0.5.0
INFO: Testing TransformUtils
[TEST] constructors SO3, Quaternion, AngleAxis... [SUCCESS]
[TEST] comparison functions for SO3, Quaternion, AngleAxis... [SUCCESS]
[TEST] trivial case quaterion -> SO3 -> Euler -> quaternion... [SUCCESS]
[TEST] convert functions 
WARNING: Need better coverage on convert function tests
[TEST] compare SO3 and quaternion rotations... dAA = TransformUtils.AngleAxis(0.7853981633974483, [1.0, 0.0, 0.0])
dAA = TransformUtils.so3([0.0 0.132881 0.0874841; -0.132881 0.0 0.234654; -0.0874841 -0.234654 0.0])
dAA = TransformUtils.so3([0.0 0.088488 -0.0899994; -0.088488 0.0 -0.244216; 0.0899994 0.244216 0.0])
dAA = TransformUtils.so3([0.0 -0.0552401 0.09895; 0.0552401 0.0 -0.109766; -0.09895 0.109766 0.0])
dAA = TransformUtils.Quaternion(0.9968482893655338, [0.0783006, -0.0109114, 0.0065916])
dAA = TransformUtils.SO3([0.999957 0.00562878 0.0073145; -0.00615291 0.997259 0.0737288; -0.00687945 -0.0737707 0.997252])
[SUCCESS]
[TEST] basic SE3 mechanics... [SUCCESS]
[TEST] SE3 ⊕ and ⊖ mechanics... Compare operations on two different SE3 transforms
xi = TransformUtils.SE3(TransformUtils.SO3([0.900289 0.0183278 0.434906; -0.103264 0.979585 0.172483; -0.422866 -0.200195 0.883802]), [-1.06724, 0.542207, 0.131534])
xj = TransformUtils.SE3(TransformUtils.SO3([0.977653 -0.18696 -0.0961299; 0.130596 0.898455 -0.419193; 0.164741 0.397271 0.902794]), [0.673684, 2.22375, -1.34543])
Dx = TransformUtils.SE3(TransformUtils.SO3([0.797021 -0.429088 -0.425018; 0.112868 0.797155 -0.593132; 0.593311 0.424768 0.68378]), [2.01825, 1.9748, -0.258171])
[SUCCESS]
[TEST] previous discovered issues
TransformUtils.convert(Euler, q) = TransformUtils.Euler(0.7853981633974484, 0.0, 1.5707963267948963, TransformUtils.Quaternion(1.0, [0.0, 0.0, 0.0]))
INFO: TransformUtils tests passed

>>> End of log
