>>> 'Pkg.add("TransformUtils")' log
INFO: Cloning cache of TransformUtils from https://github.com/dehann/TransformUtils.jl.git
INFO: Installing TransformUtils v0.0.2
INFO: Package database updated
INFO: METADATA is out-of-date — you may not have the latest version of TransformUtils
INFO: Use `Pkg.update()` to get the latest versions of your packages

>>> 'Pkg.test("TransformUtils")' log
Julia Version 0.5.0
Commit 3c9d753 (2016-09-19 18:14 UTC)
Platform Info:
  System: Linux (x86_64-pc-linux-gnu)
  CPU: Intel(R) Xeon(R) CPU E3-1241 v3 @ 3.50GHz
  WORD_SIZE: 64
           Ubuntu 14.04.5 LTS
  uname: Linux 3.13.0-96-generic #143-Ubuntu SMP Mon Aug 29 20:15:20 UTC 2016 x86_64 x86_64
Memory: 2.9392929077148438 GB (379.68359375 MB free)
Uptime: 25372.0 sec
Load Avg:  1.232421875  1.0849609375  1.04296875
Intel(R) Xeon(R) CPU E3-1241 v3 @ 3.50GHz: 
       speed         user         nice          sys         idle          irq
#1  3500 MHz    1494184 s        101 s     132930 s     609533 s        118 s
#2  3500 MHz     414370 s         50 s      64698 s    1982170 s          4 s

  BLAS: libopenblas (USE64BITINT DYNAMIC_ARCH NO_AFFINITY Nehalem)
  LAPACK: libopenblas64_
  LIBM: libopenlibm
  LLVM: libLLVM-3.7.1 (ORCJIT, haswell)
Environment:
  TERM = vt100
  LD_LIBRARY_PATH = :/usr/local/lib/
  PATH = /usr/local/sbin:/usr/local/bin:/usr/sbin:/usr/bin:/sbin:/bin:/usr/games:/usr/local/games:/home/vagrant/julia/bin/
  JAVA_HOME = /usr/lib/jvm/java-7-oracle
  HOME = /home/vagrant

Package Directory: /home/vagrant/.julia/v0.5
2 required packages:
 - JSON                          0.8.0
 - TransformUtils                0.0.2
1 additional packages:
 - Compat                        0.9.2
INFO: Testing TransformUtils
WARNING: Method definition *(TransformUtils.SO3, TransformUtils.so3) in module TransformUtils at /home/vagrant/.julia/v0.5/TransformUtils/src/TransformUtils.jl:176 overwritten at /home/vagrant/.julia/v0.5/TransformUtils/src/TransformUtils.jl:203.
WARNING: Method definition *(TransformUtils.so3, TransformUtils.SO3) in module TransformUtils at /home/vagrant/.julia/v0.5/TransformUtils/src/TransformUtils.jl:179 overwritten at /home/vagrant/.julia/v0.5/TransformUtils/src/TransformUtils.jl:204.
[TEST] constructors SO3, Quaternion, AngleAxis... [SUCCESS]
[TEST] comparison functions for SO3, Quaternion, AngleAxis... [SUCCESS]
[TEST] trivial case quaterion -> SO3 -> Euler -> quaternion... [SUCCESS]
[TEST] convert functions 
WARNING: Need better coverage on convert function tests
[TEST] compare SO3 and quaternion rotations... dAA = TransformUtils.AngleAxis(0.7853981633974483,[1.0,0.0,0.0])
dAA = TransformUtils.so3([0.0 0.0413268 -0.151291; -0.0413268 0.0 -0.133662; 0.151291 0.133662 0.0])
dAA = TransformUtils.so3([0.0 0.116235 0.0311688; -0.116235 0.0 -0.0246078; -0.0311688 0.0246078 0.0])
dAA = TransformUtils.so3([0.0 -0.0284573 -0.170855; 0.0284573 0.0 -0.00190749; 0.170855 0.00190749 0.0])
dAA = TransformUtils.Quaternion(0.9985116901872001,[-0.0294709,0.0434911,-0.0146422])
dAA = TransformUtils.SO3([0.982689 0.0218847 -0.183963; -0.0304926 0.998562 -0.0440933; 0.182734 0.0489396 0.981944])
[SUCCESS]
[TEST] basic SE3 mechanics... [SUCCESS]
INFO: TransformUtils tests passed

>>> End of log
