>>> 'Pkg.add("TransformUtils")' log
INFO: Installing TransformUtils v0.0.5
INFO: Package database updated
INFO: METADATA is out-of-date — you may not have the latest version of TransformUtils
INFO: Use `Pkg.update()` to get the latest versions of your packages

>>> 'Pkg.test("TransformUtils")' log
Julia Version 0.6.0-pre.alpha.140
Commit 58ed252 (2017-03-14 00:06 UTC)
Platform Info:
  OS: Linux (x86_64-pc-linux-gnu)
  CPU: Intel(R) Xeon(R) CPU E3-1241 v3 @ 3.50GHz
  WORD_SIZE: 64
           Ubuntu 14.04.5 LTS
  uname: Linux 3.13.0-112-generic #159-Ubuntu SMP Fri Mar 3 15:26:07 UTC 2017 x86_64 x86_64
Memory: 2.9392738342285156 GB (687.046875 MB free)
Uptime: 34598.0 sec
Load Avg:  0.951171875  0.97509765625  1.02001953125
Intel(R) Xeon(R) CPU E3-1241 v3 @ 3.50GHz: 
       speed         user         nice          sys         idle          irq
#1  3499 MHz    2030110 s       6097 s     167461 s     837898 s        156 s
#2  3499 MHz     678765 s       2446 s      84290 s    2582718 s          4 s

  BLAS: libopenblas (USE64BITINT DYNAMIC_ARCH NO_AFFINITY Nehalem)
  LAPACK: libopenblas64_
  LIBM: libopenlibm
  LLVM: libLLVM-3.9.1 (ORCJIT, haswell)
Environment:
  TERM = vt100
  LD_LIBRARY_PATH = :/usr/local/lib/
  PATH = /usr/local/sbin:/usr/local/bin:/usr/sbin:/usr/bin:/sbin:/bin:/usr/games:/usr/local/games:/home/vagrant/julia/bin/
  JAVA_HOME = /usr/lib/jvm/java-7-oracle
  HOME = /home/vagrant

Package Directory: /home/vagrant/.julia/v0.6
2 required packages:
 - JSON                          0.8.3
 - TransformUtils                0.0.5
1 additional packages:
 - Compat                        0.20.0
INFO: Testing TransformUtils

WARNING: deprecated syntax "typealias FloatInt Union{Float64,Int}" at /home/vagrant/.julia/v0.6/TransformUtils/src/TransformUtils.jl:77.
Use "const FloatInt = Union{Float64,Int}" instead.

WARNING: deprecated syntax "typealias VectorFloatInt Union{Vector{Float64},Vector{Int}}" at /home/vagrant/.julia/v0.6/TransformUtils/src/TransformUtils.jl:78.
Use "const VectorFloatInt = Union{Vector{Float64},Vector{Int}}" instead.

WARNING: deprecated syntax "typealias AxisAngle AngleAxis" at /home/vagrant/.julia/v0.6/TransformUtils/src/TransformUtils.jl:97.
Use "const AxisAngle = AngleAxis" instead.

WARNING: deprecated syntax "typealias FloatInt Union{Float64,Int}" at /home/vagrant/.julia/v0.6/TransformUtils/src/TransformUtils.jl:77.
Use "const FloatInt = Union{Float64,Int}" instead.

WARNING: deprecated syntax "typealias VectorFloatInt Union{Vector{Float64},Vector{Int}}" at /home/vagrant/.julia/v0.6/TransformUtils/src/TransformUtils.jl:78.
Use "const VectorFloatInt = Union{Vector{Float64},Vector{Int}}" instead.

WARNING: deprecated syntax "typealias AxisAngle AngleAxis" at /home/vagrant/.julia/v0.6/TransformUtils/src/TransformUtils.jl:97.
Use "const AxisAngle = AngleAxis" instead.
WARNING: Method definition *(TransformUtils.SO3, TransformUtils.so3) in module TransformUtils at /home/vagrant/.julia/v0.6/TransformUtils/src/TransformUtils.jl:202 overwritten at /home/vagrant/.julia/v0.6/TransformUtils/src/TransformUtils.jl:229.
WARNING: Method definition *(TransformUtils.so3, TransformUtils.SO3) in module TransformUtils at /home/vagrant/.julia/v0.6/TransformUtils/src/TransformUtils.jl:205 overwritten at /home/vagrant/.julia/v0.6/TransformUtils/src/TransformUtils.jl:230.
WARNING: Method definition compare(TransformUtils.SE3, TransformUtils.SE3) in module TransformUtils at /home/vagrant/.julia/v0.6/TransformUtils/src/TransformUtils.jl:259 overwritten at /home/vagrant/.julia/v0.6/TransformUtils/src/TransformUtils.jl:272.
WARNING: Method definition #compare(Array{Any, 1}, TransformUtils.#compare, TransformUtils.SE3, TransformUtils.SE3) in module TransformUtils overwritten.
WARNING: Method definition *(TransformUtils.SO3, TransformUtils.so3) in module TransformUtils at /home/vagrant/.julia/v0.6/TransformUtils/src/TransformUtils.jl:229 overwritten at /home/vagrant/.julia/v0.6/TransformUtils/src/TransformUtils.jl:202.
WARNING: Method definition *(TransformUtils.so3, TransformUtils.SO3) in module TransformUtils at /home/vagrant/.julia/v0.6/TransformUtils/src/TransformUtils.jl:230 overwritten at /home/vagrant/.julia/v0.6/TransformUtils/src/TransformUtils.jl:205.
[TEST] constructors SO3, Quaternion, AngleAxis... [SUCCESS]
[TEST] comparison functions for SO3, Quaternion, AngleAxis... [SUCCESS]
[TEST] trivial case quaterion -> SO3 -> Euler -> quaternion... [SUCCESS]
[TEST] convert functions 
WARNING: Need better coverage on convert function tests
[TEST] compare SO3 and quaternion rotations... dAA = TransformUtils.AngleAxis(0.7853981633974483, [1.0, 0.0, 0.0])
dAA = TransformUtils.so3([0.0 -0.140698 -0.0247371; 0.140698 0.0 -0.116159; 0.0247371 0.116159 0.0])
dAA = TransformUtils.so3([0.0 -0.0545712 0.179907; 0.0545712 0.0 -0.175044; -0.179907 0.175044 0.0])
dAA = TransformUtils.so3([0.0 0.0339935 0.0287966; -0.0339935 0.0 0.0394732; -0.0287966 -0.0394732 0.0])
dAA = TransformUtils.Quaternion(0.9979008146598443, [-0.051879, -0.0384907, -0.00458211])
dAA = TransformUtils.SO3([0.982725 0.16666 -0.0804721; -0.16729 0.985907 -0.00110856; 0.0791533 0.0145516 0.996756])
[SUCCESS]
[TEST] basic SE3 mechanics... [SUCCESS]
[TEST] SE3 ⊕ and ⊖ mechanics... Compare operations on two different SE3 transforms
xi = TransformUtils.SE3(TransformUtils.SO3([0.987845 -0.0535878 -0.145916; 0.0234429 0.979321 -0.200949; 0.153667 0.195086 0.968673]), [0.707964, -0.475263, 0.540129])
xj = TransformUtils.SE3(TransformUtils.SO3([0.998073 0.0563329 -0.0260094; -0.0539354 0.994908 0.0851444; 0.0306734 -0.0835775 0.996029]), [2.37037, -0.0334062, -0.922543])
Dx = TransformUtils.SE3(TransformUtils.SO3([0.98939 0.0661285 0.12936; -0.100321 0.955011 0.279089; -0.105084 -0.289105 0.951512]), [1.42779, 0.0582881, -1.74821])
[SUCCESS]
[TEST] previous discovered issues
TransformUtils.convert(Euler, q) = TransformUtils.Euler(0.7853981633974484, 0.0, 1.5707963267948963, TransformUtils.Quaternion(1.0, [0.0, 0.0, 0.0]))
INFO: TransformUtils tests passed

>>> End of log
