>>> 'Pkg.add("TransformUtils")' log
INFO: Cloning cache of TransformUtils from git://github.com/dehann/TransformUtils.jl.git
INFO: Installing TransformUtils v0.0.5
INFO: Package database updated
INFO: METADATA is out-of-date — you may not have the latest version of TransformUtils
INFO: Use `Pkg.update()` to get the latest versions of your packages

>>> 'Pkg.test("TransformUtils")' log
Julia Version 0.4.7
Commit ae26b25 (2016-09-18 16:17 UTC)
Platform Info:
  System: Linux (x86_64-pc-linux-gnu)
  CPU: Intel(R) Xeon(R) CPU E3-1241 v3 @ 3.50GHz
  WORD_SIZE: 64
           Ubuntu 14.04.5 LTS
  uname: Linux 3.13.0-112-generic #159-Ubuntu SMP Fri Mar 3 15:26:07 UTC 2017 x86_64 x86_64
Memory: 2.9392738342285156 GB (446.87890625 MB free)
Uptime: 38970.0 sec
Load Avg:  1.1025390625  1.0517578125  0.98828125
Intel(R) Xeon(R) CPU E3-1241 v3 @ 3.50GHz: 
       speed         user         nice          sys         idle          irq
#1  3500 MHz    1931676 s       5941 s     151550 s    1399133 s        146 s
#2  3500 MHz    1240161 s        322 s     128144 s    2374842 s          3 s

  BLAS: libopenblas (USE64BITINT DYNAMIC_ARCH NO_AFFINITY Nehalem)
  LAPACK: libopenblas64_
  LIBM: libopenlibm
  LLVM: libLLVM-3.3
Environment:
  TERM = vt100
  LD_LIBRARY_PATH = :/usr/local/lib/
  PATH = /usr/local/sbin:/usr/local/bin:/usr/sbin:/usr/bin:/sbin:/bin:/usr/games:/usr/local/games:/home/vagrant/julia/bin/
  JAVA_HOME = /usr/lib/jvm/java-7-oracle
  HOME = /home/vagrant

Package Directory: /home/vagrant/.julia/v0.4
2 required packages:
 - JSON                          0.8.3
 - TransformUtils                0.0.5
1 additional packages:
 - Compat                        0.20.0
INFO: Testing TransformUtils
WARNING: could not import Base.normalize into TransformUtils
WARNING: could not import Base.normalize! into TransformUtils
[TEST] constructors SO3, Quaternion, AngleAxis... [SUCCESS]
[TEST] comparison functions for SO3, Quaternion, AngleAxis... [SUCCESS]
[TEST] trivial case quaterion -> SO3 -> Euler -> quaternion... [SUCCESS]
[TEST] convert functions 
WARNING: Need better coverage on convert function tests
[TEST] compare SO3 and quaternion rotations... dAA = TransformUtils.AngleAxis(0.7853981633974483,[1.0,0.0,0.0])
dAA = TransformUtils.so3([0.0 -0.03904889888322929 -0.03489512804053417
 0.03904889888322929 0.0 -0.04285845977706932
 0.03489512804053417 0.04285845977706932 0.0])
dAA = TransformUtils.so3([0.0 0.03775578821028383 0.01877086736476527
 -0.03775578821028383 0.0 0.0032115473379319536
 -0.01877086736476527 -0.0032115473379319536 0.0])
dAA = TransformUtils.so3([0.0 0.30034886923502674 0.1097382154716041
 -0.30034886923502674 0.0 0.006586876578684175
 -0.1097382154716041 -0.006586876578684175 0.0])
dAA = TransformUtils.Quaternion(0.9929306690174596,[0.02318699767624832,-0.11474466854336929,-0.019614043544714303])
dAA = TransformUtils.SO3([0.9868955609056017 -0.08895070647984801 0.13462883673847142
 0.06276790261169249 0.9802491460636019 0.18754146753000717
 -0.1486517482794843 -0.17663347207796026 0.9729867801132436])
[SUCCESS]
[TEST] basic SE3 mechanics... [SUCCESS]
[TEST] SE3 ⊕ and ⊖ mechanics... Compare operations on two different SE3 transforms
xi = TransformUtils.SE3(TransformUtils.SO3([0.9391769254830388 0.23570476430286375 -0.24977983650638813
 -0.26618703080967526 0.9591526223835702 -0.09576383243923228
 0.21700499364981346 0.15642733475851264 0.9635555623166693]),[0.8412788639004517,-0.5400254812940758,-0.6447776788153865])
xj = TransformUtils.SE3(TransformUtils.SO3([0.9591638641940303 -0.025078149052204752 -0.28173705483037054
 0.029289615039387373 0.9995132004616597 0.01074618786986872
 0.28133041086100213 -0.018559324960930615 0.9594314729993875]),[-1.8917588341764322,1.488828845914788,0.3900660755421727])
Dx = TransformUtils.SE3(TransformUtils.SO3([0.9540781573696787 -0.2936377362049115 -0.05926001608617379
 0.29818046996881553 0.9498714823797384 0.09398177637656369
 0.028692803265890604 -0.10733613947861591 0.9938086718290257]),[-2.8822943894712667,1.4636687923062284,1.4854962991968896])
[SUCCESS]
[TEST] previous discovered issues
TransformUtils.convert(Euler,q) = TransformUtils.Euler(0.7853981633974484,0.0,1.5707963267948963,TransformUtils.Quaternion(1.0,[0.0,0.0,0.0]))
INFO: TransformUtils tests passed

>>> End of log
