>>> 'Pkg.add("TransformUtils")' log
INFO: Cloning cache of TransformUtils from git://github.com/dehann/TransformUtils.jl.git
INFO: Installing TransformUtils v0.0.6
INFO: Package database updated

>>> 'Pkg.test("TransformUtils")' log
Julia Version 0.4.7
Commit ae26b25 (2016-09-18 16:17 UTC)
Platform Info:
  System: Linux (x86_64-pc-linux-gnu)
  CPU: Intel(R) Xeon(R) CPU E3-1241 v3 @ 3.50GHz
  WORD_SIZE: 64
           Ubuntu 14.04.5 LTS
  uname: Linux 3.13.0-119-generic #166-Ubuntu SMP Wed May 3 12:18:55 UTC 2017 x86_64 x86_64
Memory: 2.9392738342285156 GB (464.09765625 MB free)
Uptime: 45757.0 sec
Load Avg:  1.08984375  1.09814453125  1.0244140625
Intel(R) Xeon(R) CPU E3-1241 v3 @ 3.50GHz: 
       speed         user         nice          sys         idle          irq
#1  3500 MHz    2219540 s       6668 s     197622 s    1675809 s        109 s
#2  3500 MHz    1526963 s        140 s     174853 s    2712262 s          2 s

  BLAS: libopenblas (USE64BITINT DYNAMIC_ARCH NO_AFFINITY Nehalem)
  LAPACK: libopenblas64_
  LIBM: libopenlibm
  LLVM: libLLVM-3.3
Environment:
  TERM = vt100
  LD_LIBRARY_PATH = :/usr/local/lib/
  PATH = /usr/local/sbin:/usr/local/bin:/usr/sbin:/usr/bin:/sbin:/bin:/usr/games:/usr/local/games:/home/vagrant/julia/bin/
  JAVA_HOME = /usr/lib/jvm/java-7-oracle
  HOME = /home/vagrant

Package Directory: /home/vagrant/.julia/v0.4
2 required packages:
 - JSON                          0.9.1
 - TransformUtils                0.0.6
1 additional packages:
 - Compat                        0.25.2
INFO: Testing TransformUtils
WARNING: could not import Base.normalize into TransformUtils
WARNING: could not import Base.normalize! into TransformUtils
[TEST] constructors SO3, Quaternion, AngleAxis... [SUCCESS]
[TEST] comparison functions for SO3, Quaternion, AngleAxis... [SUCCESS]
[TEST] trivial case quaterion -> SO3 -> Euler -> quaternion... [SUCCESS]
[TEST] convert functions 
WARNING: Need better coverage on convert function tests
[TEST] compare SO3 and quaternion rotations... dAA = TransformUtils.AngleAxis(0.7853981633974483,[1.0,0.0,0.0])
dAA = TransformUtils.so3([0.0 0.022195328089437538 0.18741399580540338
 -0.022195328089437538 0.0 0.018230718135929944
 -0.18741399580540338 -0.018230718135929944 0.0])
dAA = TransformUtils.so3([0.0 0.05736699559137587 0.10382558738619668
 -0.05736699559137587 0.0 0.005379037273965136
 -0.10382558738619668 -0.005379037273965136 0.0])
dAA = TransformUtils.so3([0.0 -0.09053323284988296 -0.02348029381863251
 0.09053323284988296 0.0 0.01492289311758497
 0.02348029381863251 -0.01492289311758497 0.0])
dAA = TransformUtils.Quaternion(0.9915012043697766,[-0.0338303239128299,0.1044257643913012,0.06982929649171399])
dAA = TransformUtils.SO3([0.991634133695588 0.12392064672438785 0.03613057161477494
 -0.12497968092709122 0.9917444721273226 0.028687651703488727
 -0.03227730232165309 -0.03296324195687779 0.9989352333532585])
[SUCCESS]
[TEST] basic SE3 mechanics... [SUCCESS]
[TEST] SE3 ⊕ and ⊖ mechanics... Compare operations on two different SE3 transforms
xi = TransformUtils.SE3(TransformUtils.SO3([0.9528671528715782 -0.30055395520939465 -0.0413703877961233
 0.30131891973803365 0.9216313934109737 0.2445454626184088
 -0.0353708578679805 -0.24548501927273755 0.968754874943268]),[-0.09048500617626827,1.7513306444606018,0.7078256468511473])
xj = TransformUtils.SE3(TransformUtils.SO3([0.987179222394447 -0.0578388312509239 0.14876778035657517
 0.07382813223917573 0.9918015156129536 -0.10430321432210497
 -0.14151533401992103 0.11394921336883082 0.9833559818345821]),[0.2904871826171086,-0.9888495488340073,0.32479142906943803])
Dx = TransformUtils.SE3(TransformUtils.SO3([0.9679019868353187 0.2397053573893151 0.07554525477555342
 -0.19391840090339632 0.9034862774786752 -0.38224102369944035
 -0.1598793222130748 0.35532223128673945 0.9209694426429688]),[-0.4491040019965595,-2.5459096255756304,-1.0569258659630631])
[SUCCESS]
[TEST] previous discovered issues
TransformUtils.convert(Euler,q) = TransformUtils.Euler(0.7853981633974484,0.0,1.5707963267948963,TransformUtils.Quaternion(1.0,[0.0,0.0,0.0]))
INFO: TransformUtils tests passed

>>> End of log
