>>> 'Pkg.add("TransformUtils")' log
INFO: Cloning cache of TransformUtils from https://github.com/dehann/TransformUtils.jl.git
INFO: Installing TransformUtils v0.0.2
INFO: Package database updated

>>> 'Pkg.test("TransformUtils")' log
Julia Version 0.6.0-dev.1241
Commit 80770e9 (2016-11-14 21:35 UTC)
Platform Info:
  OS: Linux (x86_64-pc-linux-gnu)
  CPU: Intel(R) Xeon(R) CPU E3-1241 v3 @ 3.50GHz
  WORD_SIZE: 64
           Ubuntu 14.04.5 LTS
  uname: Linux 3.13.0-101-generic #148-Ubuntu SMP Thu Oct 20 22:08:32 UTC 2016 x86_64 x86_64
Memory: 2.939281463623047 GB (371.73046875 MB free)
Uptime: 28678.0 sec
Load Avg:  1.10205078125  1.04248046875  1.01611328125
Intel(R) Xeon(R) CPU E3-1241 v3 @ 3.50GHz: 
       speed         user         nice          sys         idle          irq
#1  3500 MHz    1651967 s       6561 s     206327 s     653402 s        162 s
#2  3500 MHz     479300 s       2043 s     109244 s    2175483 s          4 s

  BLAS: libopenblas (USE64BITINT DYNAMIC_ARCH NO_AFFINITY Nehalem)
  LAPACK: libopenblas64_
  LIBM: libopenlibm
  LLVM: libLLVM-3.7.1 (ORCJIT, haswell)
Environment:
  TERM = vt100
  LD_LIBRARY_PATH = :/usr/local/lib/
  PATH = /usr/local/sbin:/usr/local/bin:/usr/sbin:/usr/bin:/sbin:/bin:/usr/games:/usr/local/games:/home/vagrant/julia/bin/
  JAVA_HOME = /usr/lib/jvm/java-7-oracle
  HOME = /home/vagrant

Package Directory: /home/vagrant/.julia/v0.6
2 required packages:
 - JSON                          0.8.0
 - TransformUtils                0.0.2
18 additional packages:
 - CategoricalArrays             0.1.0
 - Compat                        0.9.4
 - DataArrays                    0.3.10
 - DataFrames                    0.8.5
 - DataStreams                   0.1.2
 - DataStreamsIntegrationTests   0.0.1              e92cc45b (dirty)
 - FileIO                        0.2.0
 - GZip                          0.2.20
 - Hiccup                        0.0.3
 - Juno                          0.2.5
 - Lazy                          0.11.4
 - MacroTools                    0.3.2
 - Media                         0.2.4
 - NullableArrays                0.0.10
 - Reexport                      0.0.3
 - SortingAlgorithms             0.1.0
 - StatsBase                     0.11.1
 - WeakRefStrings                0.2.0
INFO: Testing TransformUtils
WARNING: Method definition *(TransformUtils.SO3, TransformUtils.so3) in module TransformUtils at /home/vagrant/.julia/v0.6/TransformUtils/src/TransformUtils.jl:176 overwritten at /home/vagrant/.julia/v0.6/TransformUtils/src/TransformUtils.jl:203.
WARNING: Method definition *(TransformUtils.so3, TransformUtils.SO3) in module TransformUtils at /home/vagrant/.julia/v0.6/TransformUtils/src/TransformUtils.jl:179 overwritten at /home/vagrant/.julia/v0.6/TransformUtils/src/TransformUtils.jl:204.
[TEST] constructors SO3, Quaternion, AngleAxis... [SUCCESS]
[TEST] comparison functions for SO3, Quaternion, AngleAxis... [SUCCESS]
[TEST] trivial case quaterion -> SO3 -> Euler -> quaternion... [SUCCESS]
[TEST] convert functions 
WARNING: Need better coverage on convert function tests
[TEST] compare SO3 and quaternion rotations... dAA = TransformUtils.AngleAxis(0.7853981633974483,[1.0,0.0,0.0])
dAA = TransformUtils.so3([0.0 0.0253031 -0.107262; -0.0253031 0.0 0.0171741; 0.107262 -0.0171741 0.0])
dAA = TransformUtils.so3([0.0 0.0213997 -0.0436978; -0.0213997 0.0 -0.104289; 0.0436978 0.104289 0.0])
dAA = TransformUtils.so3([0.0 -0.126109 0.00780256; 0.126109 0.0 -0.0546326; -0.00780256 0.0546326 0.0])
dAA = TransformUtils.Quaternion(0.9996386038429279,[0.0206135,-0.0103036,0.0138412])
dAA = TransformUtils.SO3([0.99672 0.0743373 0.0320025; -0.0766504 0.993968 0.0784327; -0.025979 -0.0806284 0.996406])
[SUCCESS]
[TEST] basic SE3 mechanics... [SUCCESS]
INFO: TransformUtils tests passed

>>> End of log
