>>> 'Pkg.add("TransformUtils")' log
INFO: Cloning cache of TransformUtils from git://github.com/dehann/TransformUtils.jl.git
INFO: Installing TransformUtils v0.0.6
INFO: Package database updated
INFO: METADATA is out-of-date — you may not have the latest version of TransformUtils
INFO: Use `Pkg.update()` to get the latest versions of your packages

>>> 'Pkg.test("TransformUtils")' log
Julia Version 0.4.7
Commit ae26b25 (2016-09-18 16:17 UTC)
Platform Info:
  System: Linux (x86_64-pc-linux-gnu)
  CPU: Intel(R) Xeon(R) CPU E3-1241 v3 @ 3.50GHz
  WORD_SIZE: 64
           Ubuntu 14.04.5 LTS
  uname: Linux 3.13.0-126-generic #175-Ubuntu SMP Thu Jul 20 17:33:56 UTC 2017 x86_64 x86_64
Memory: 2.9392738342285156 GB (450.1484375 MB free)
Uptime: 49023.0 sec
Load Avg:  1.13427734375  1.07568359375  1.05078125
Intel(R) Xeon(R) CPU E3-1241 v3 @ 3.50GHz: 
       speed         user         nice          sys         idle          irq
#1  3500 MHz    2339402 s       8233 s     185365 s    1880233 s        109 s
#2  3500 MHz    1611718 s         42 s     157869 s    2935871 s          6 s

  BLAS: libopenblas (USE64BITINT DYNAMIC_ARCH NO_AFFINITY Nehalem)
  LAPACK: libopenblas64_
  LIBM: libopenlibm
  LLVM: libLLVM-3.3
Environment:
  TERM = vt100
  LD_LIBRARY_PATH = :/usr/local/lib/
  PATH = /usr/local/sbin:/usr/local/bin:/usr/sbin:/usr/bin:/sbin:/bin:/usr/games:/usr/local/games:/home/vagrant/julia/bin/
  JAVA_HOME = /usr/lib/jvm/java-8-openjdk-amd64
  HOME = /home/vagrant

Package Directory: /home/vagrant/.julia/v0.4
2 required packages:
 - JSON                          0.9.1
 - TransformUtils                0.0.6
1 additional packages:
 - Compat                        0.26.0
INFO: Testing TransformUtils
WARNING: could not import Base.normalize into TransformUtils
WARNING: could not import Base.normalize! into TransformUtils
[TEST] constructors SO3, Quaternion, AngleAxis... [SUCCESS]
[TEST] comparison functions for SO3, Quaternion, AngleAxis... [SUCCESS]
[TEST] trivial case quaterion -> SO3 -> Euler -> quaternion... [SUCCESS]
[TEST] convert functions 
WARNING: Need better coverage on convert function tests
[TEST] compare SO3 and quaternion rotations... dAA = TransformUtils.AngleAxis(0.7853981633974483,[1.0,0.0,0.0])
dAA = TransformUtils.so3([0.0 -0.09744687560231337 -0.017637598392577086
 0.09744687560231337 0.0 0.3605552447432338
 0.017637598392577086 -0.3605552447432338 0.0])
dAA = TransformUtils.so3([0.0 0.043372171964028025 0.0638621474613374
 -0.043372171964028025 0.0 -0.09329691993555189
 -0.0638621474613374 0.09329691993555189 0.0])
dAA = TransformUtils.so3([0.0 -0.052019897118393 -0.1883986181986231
 0.052019897118393 0.0 -0.01219261697859231
 0.1883986181986231 0.01219261697859231 0.0])
dAA = TransformUtils.Quaternion(0.9955823602943443,[-0.08734686599040277,0.0016618074492053773,0.03440243114082048])
dAA = TransformUtils.SO3([0.9916789548663125 -0.04679509215259884 0.11992943686054712
 0.0662939830572108 0.9842052680789857 -0.16414962106560713
 -0.1103537869113173 0.17073432471533642 0.9791178846688124])
[SUCCESS]
[TEST] basic SE3 mechanics... [SUCCESS]
[TEST] SE3 ⊕ and ⊖ mechanics... Compare operations on two different SE3 transforms
xi = TransformUtils.SE3(TransformUtils.SO3([0.9848669714828743 0.018195197744734007 -0.17235423772330477
 -0.019394326744560694 0.9997979925114213 -0.00527581844428564
 0.17222342631673732 0.008538673735532543 0.9850209045896242]),[-0.5745979806328435,1.0883737520364205,-0.9405301031130289])
xj = TransformUtils.SE3(TransformUtils.SO3([0.9679748546501221 0.18197047770842664 0.172949200656268
 -0.24001797126472935 0.8727604006706109 0.42506547318176563
 -0.07359384644818202 -0.452963605893279 0.8884863068731671]),[0.8201609624656955,0.44465382949116833,1.252630991992084])
Dx = TransformUtils.SE3(TransformUtils.SO3([0.9453068661389821 0.08427916869594573 0.3151062528012051
 -0.22298538578861515 0.8720273769147561 0.43571294637165936
 -0.23805975416940822 -0.48214652921605716 0.8431264898042942]),[1.7638502490115089,-0.599485284483871,1.9233130608060163])
[SUCCESS]
[TEST] previous discovered issues
TransformUtils.convert(Euler,q) = TransformUtils.Euler(0.7853981633974484,0.0,1.5707963267948963,TransformUtils.Quaternion(1.0,[0.0,0.0,0.0]))
INFO: TransformUtils tests passed

>>> End of log
