>>> 'Pkg.add("TransformUtils")' log
INFO: Cloning cache of TransformUtils from https://github.com/dehann/TransformUtils.jl.git
INFO: Installing TransformUtils v0.0.6
INFO: Package database updated
INFO: METADATA is out-of-date — you may not have the latest version of TransformUtils
INFO: Use `Pkg.update()` to get the latest versions of your packages

>>> 'Pkg.test("TransformUtils")' log
Julia Version 0.5.2
Commit f4c6c9d (2017-05-06 16:34 UTC)
Platform Info:
  OS: Linux (x86_64-pc-linux-gnu)
  CPU: Intel(R) Xeon(R) CPU E3-1241 v3 @ 3.50GHz
  WORD_SIZE: 64
           Ubuntu 14.04.5 LTS
  uname: Linux 3.13.0-128-generic #177-Ubuntu SMP Tue Aug 8 11:40:23 UTC 2017 x86_64 x86_64
Memory: 2.9392738342285156 GB (848.79296875 MB free)
Uptime: 51125.0 sec
Load Avg:  1.00537109375  1.0146484375  1.03125
Intel(R) Xeon(R) CPU E3-1241 v3 @ 3.50GHz: 
       speed         user         nice          sys         idle          irq
#1  3500 MHz    3028916 s       6420 s     292243 s    1235856 s         83 s
#2  3500 MHz    1079642 s         55 s     132206 s    3778170 s          1 s

  BLAS: libopenblas (USE64BITINT DYNAMIC_ARCH NO_AFFINITY Nehalem)
  LAPACK: libopenblas64_
  LIBM: libopenlibm
  LLVM: libLLVM-3.7.1 (ORCJIT, haswell)
Environment:
  TERM = vt100
  LD_LIBRARY_PATH = :/usr/local/lib/
  PATH = /usr/local/sbin:/usr/local/bin:/usr/sbin:/usr/bin:/sbin:/bin:/usr/games:/usr/local/games:/home/vagrant/julia/bin/
  JAVA_HOME = /usr/lib/jvm/java-8-openjdk-amd64
  HOME = /home/vagrant

Package Directory: /home/vagrant/.julia/v0.5
2 required packages:
 - JSON                          0.13.0
 - TransformUtils                0.0.6
1 additional packages:
 - Compat                        0.30.0
INFO: Testing TransformUtils
WARNING: Method definition *(TransformUtils.SO3, TransformUtils.so3) in module TransformUtils at /home/vagrant/.julia/v0.5/TransformUtils/src/TransformUtils.jl:202 overwritten at /home/vagrant/.julia/v0.5/TransformUtils/src/TransformUtils.jl:229.
WARNING: Method definition *(TransformUtils.so3, TransformUtils.SO3) in module TransformUtils at /home/vagrant/.julia/v0.5/TransformUtils/src/TransformUtils.jl:205 overwritten at /home/vagrant/.julia/v0.5/TransformUtils/src/TransformUtils.jl:230.
WARNING: Method definition compare(TransformUtils.SE3, TransformUtils.SE3) in module TransformUtils at /home/vagrant/.julia/v0.5/TransformUtils/src/TransformUtils.jl:259 overwritten at /home/vagrant/.julia/v0.5/TransformUtils/src/TransformUtils.jl:272.
WARNING: Method definition #compare(Array{Any, 1}, TransformUtils.#compare, TransformUtils.SE3, TransformUtils.SE3) in module TransformUtils overwritten.
[TEST] constructors SO3, Quaternion, AngleAxis... [SUCCESS]
[TEST] comparison functions for SO3, Quaternion, AngleAxis... [SUCCESS]
[TEST] trivial case quaterion -> SO3 -> Euler -> quaternion... [SUCCESS]
[TEST] convert functions 
WARNING: Need better coverage on convert function tests
[TEST] compare SO3 and quaternion rotations... dAA = TransformUtils.AngleAxis(0.7853981633974483,[1.0,0.0,0.0])
dAA = TransformUtils.so3([0.0 -0.000663414 -0.0388794; 0.000663414 0.0 0.0280344; 0.0388794 -0.0280344 0.0])
dAA = TransformUtils.so3([0.0 0.0200868 0.0637015; -0.0200868 0.0 -0.0822277; -0.0637015 0.0822277 0.0])
dAA = TransformUtils.so3([0.0 0.0255722 -0.207833; -0.0255722 0.0 -0.0334081; 0.207833 0.0334081 0.0])
dAA = TransformUtils.Quaternion(0.9982674545230815,[-0.0391326,-0.000206514,-0.0439396])
dAA = TransformUtils.SO3([0.989702 -0.0486391 0.134625; 0.0396897 0.996869 0.068382; -0.137529 -0.0623346 0.988534])
[SUCCESS]
[TEST] basic SE3 mechanics... [SUCCESS]
[TEST] SE3 ⊕ and ⊖ mechanics... Compare operations on two different SE3 transforms
xi = TransformUtils.SE3(TransformUtils.SO3([0.927181 0.266912 -0.262857; -0.243383 0.962607 0.118966; 0.284781 -0.046328 0.957472]),[1.37396,0.554379,1.52537])
xj = TransformUtils.SE3(TransformUtils.SO3([0.963352 0.199143 0.17971; -0.0838579 0.859961 -0.503423; -0.254797 0.469903 0.845145]),[0.217077,0.448547,-0.0552632])
Dx = TransformUtils.SE3(TransformUtils.SO3([0.841049 0.109161 0.52983; 0.188212 0.859188 -0.475786; -0.507161 0.499879 0.702074]),[-1.49701,-0.337431,-1.22191])
[SUCCESS]
[TEST] previous discovered issues
TransformUtils.convert(Euler,q) = TransformUtils.Euler(0.7853981633974484,0.0,1.5707963267948963,TransformUtils.Quaternion(1.0,[0.0,0.0,0.0]))
INFO: TransformUtils tests passed

>>> End of log
