>>> 'Pkg.add("TransformUtils")' log
INFO: Cloning cache of TransformUtils from https://github.com/dehann/TransformUtils.jl.git
INFO: Installing TransformUtils v0.0.2
INFO: Package database updated

>>> 'Pkg.test("TransformUtils")' log
Julia Version 0.5.0-rc4+0
Commit 9c76c3e (2016-09-09 01:43 UTC)
Platform Info:
  System: Linux (x86_64-pc-linux-gnu)
  CPU: Intel(R) Xeon(R) CPU E3-1241 v3 @ 3.50GHz
  WORD_SIZE: 64
           Ubuntu 14.04.5 LTS
  uname: Linux 3.13.0-95-generic #142-Ubuntu SMP Fri Aug 12 17:00:09 UTC 2016 x86_64 x86_64
Memory: 2.4471054077148438 GB (384.3046875 MB free)
Uptime: 24633.0 sec
Load Avg:  0.9970703125  1.001953125  0.99169921875
Intel(R) Xeon(R) CPU E3-1241 v3 @ 3.50GHz: 
       speed         user         nice          sys         idle          irq
#1  3500 MHz    1366115 s       2241 s     141964 s     611838 s         70 s
#2  3500 MHz     416091 s       4037 s      62559 s    1895604 s          0 s

  BLAS: libopenblas (USE64BITINT DYNAMIC_ARCH NO_AFFINITY Nehalem)
  LAPACK: libopenblas64_
  LIBM: libopenlibm
  LLVM: libLLVM-3.7.1 (ORCJIT, haswell)
Environment:
  TERM = vt100
  LD_LIBRARY_PATH = :/usr/local/lib/
  PATH = /usr/local/sbin:/usr/local/bin:/usr/sbin:/usr/bin:/sbin:/bin:/usr/games:/usr/local/games:/home/vagrant/julia/bin/
  JAVA_HOME = /usr/lib/jvm/java-7-oracle
  HOME = /home/vagrant

Package Directory: /home/vagrant/.julia/v0.5
2 required packages:
 - JSON                          0.7.0
 - TransformUtils                0.0.2
1 additional packages:
 - Compat                        0.9.2
INFO: Testing TransformUtils
WARNING: Method definition *(TransformUtils.SO3, TransformUtils.so3) in module TransformUtils at /home/vagrant/.julia/v0.5/TransformUtils/src/TransformUtils.jl:176 overwritten at /home/vagrant/.julia/v0.5/TransformUtils/src/TransformUtils.jl:203.
WARNING: Method definition *(TransformUtils.so3, TransformUtils.SO3) in module TransformUtils at /home/vagrant/.julia/v0.5/TransformUtils/src/TransformUtils.jl:179 overwritten at /home/vagrant/.julia/v0.5/TransformUtils/src/TransformUtils.jl:204.
[TEST] constructors SO3, Quaternion, AngleAxis... [SUCCESS]
[TEST] comparison functions for SO3, Quaternion, AngleAxis... [SUCCESS]
[TEST] trivial case quaterion -> SO3 -> Euler -> quaternion... [SUCCESS]
[TEST] convert functions 
WARNING: Need better coverage on convert function tests
[TEST] compare SO3 and quaternion rotations... dAA = TransformUtils.AngleAxis(0.7853981633974483,[1.0,0.0,0.0])
dAA = TransformUtils.so3([0.0 0.126941 -0.063781; -0.126941 0.0 0.00538222; 0.063781 -0.00538222 0.0])
dAA = TransformUtils.so3([0.0 -0.0600704 -0.037808; 0.0600704 0.0 0.10273; 0.037808 -0.10273 0.0])
dAA = TransformUtils.so3([0.0 -0.153133 -0.0836056; 0.153133 0.0 -0.182606; 0.0836056 0.182606 0.0])
dAA = TransformUtils.Quaternion(0.9967311171890437,[-0.0757516,0.0201387,-0.0195756])
dAA = TransformUtils.SO3([0.996659 -0.0510384 0.0637641; 0.0549858 0.996575 -0.0617674; -0.0603932 0.0650672 0.996052])
[SUCCESS]
[TEST] basic SE3 mechanics... [SUCCESS]
INFO: TransformUtils tests passed

>>> End of log
