>>> 'Pkg.add("TransformUtils")' log
INFO: Cloning cache of TransformUtils from git://github.com/dehann/TransformUtils.jl.git
INFO: Installing TransformUtils v0.0.4
INFO: Package database updated
INFO: METADATA is out-of-date — you may not have the latest version of TransformUtils
INFO: Use `Pkg.update()` to get the latest versions of your packages

>>> 'Pkg.test("TransformUtils")' log
Julia Version 0.4.7
Commit ae26b25 (2016-09-18 16:17 UTC)
Platform Info:
  System: Linux (x86_64-pc-linux-gnu)
  CPU: Intel(R) Xeon(R) CPU E3-1241 v3 @ 3.50GHz
  WORD_SIZE: 64
           Ubuntu 14.04.5 LTS
  uname: Linux 3.13.0-105-generic #152-Ubuntu SMP Fri Dec 2 15:37:11 UTC 2016 x86_64 x86_64
Memory: 2.9392738342285156 GB (450.39453125 MB free)
Uptime: 32827.0 sec
Load Avg:  0.99462890625  1.05126953125  1.0712890625
Intel(R) Xeon(R) CPU E3-1241 v3 @ 3.50GHz: 
       speed         user         nice          sys         idle          irq
#1  3501 MHz    1516064 s       2898 s     133893 s    1304176 s         68 s
#2  3501 MHz    1010828 s       2757 s     119015 s    2036720 s          3 s

  BLAS: libopenblas (USE64BITINT DYNAMIC_ARCH NO_AFFINITY Nehalem)
  LAPACK: libopenblas64_
  LIBM: libopenlibm
  LLVM: libLLVM-3.3
Environment:
  TERM = vt100
  LD_LIBRARY_PATH = :/usr/local/lib/
  PATH = /usr/local/sbin:/usr/local/bin:/usr/sbin:/usr/bin:/sbin:/bin:/usr/games:/usr/local/games:/home/vagrant/julia/bin/
  JAVA_HOME = /usr/lib/jvm/java-7-oracle
  HOME = /home/vagrant

Package Directory: /home/vagrant/.julia/v0.4
2 required packages:
 - JSON                          0.8.0
 - TransformUtils                0.0.4
1 additional packages:
 - Compat                        0.10.0
INFO: Testing TransformUtils
WARNING: could not import Base.normalize into TransformUtils
WARNING: could not import Base.normalize! into TransformUtils
[TEST] constructors SO3, Quaternion, AngleAxis... [SUCCESS]
[TEST] comparison functions for SO3, Quaternion, AngleAxis... [SUCCESS]
[TEST] trivial case quaterion -> SO3 -> Euler -> quaternion... [SUCCESS]
[TEST] convert functions 
WARNING: Need better coverage on convert function tests
[TEST] compare SO3 and quaternion rotations... dAA = TransformUtils.AngleAxis(0.7853981633974483,[1.0,0.0,0.0])
dAA = TransformUtils.so3([0.0 -0.04979769032730529 -0.052553365277295566
 0.04979769032730529 0.0 -0.07666643803695002
 0.052553365277295566 0.07666643803695002 0.0])
dAA = TransformUtils.so3([0.0 -0.04781153402627959 0.07624198763245718
 0.04781153402627959 0.0 -0.19938502141654696
 -0.07624198763245718 0.19938502141654696 0.0])
dAA = TransformUtils.so3([0.0 0.007408494968535114 0.03487188798261275
 -0.007408494968535114 0.0 0.016874008171257962
 -0.03487188798261275 -0.016874008171257962 0.0])
dAA = TransformUtils.Quaternion(0.9991105008994773,[0.02059509910917071,0.019307945624850206,0.031324944067418876])
dAA = TransformUtils.SO3([0.9939222482696567 0.05397131166324923 0.0959461406828854
 -0.0413602097434817 0.9907969681126073 -0.1288825086225466
 -0.10201910333151737 0.12413084023003315 0.9870074148957645])
[SUCCESS]
[TEST] basic SE3 mechanics... [SUCCESS]
INFO: TransformUtils tests passed

>>> End of log
