>>> 'Pkg.add("TransformUtils")' log
INFO: Installing TransformUtils v0.0.6
INFO: Package database updated
INFO: METADATA is out-of-date — you may not have the latest version of TransformUtils
INFO: Use `Pkg.update()` to get the latest versions of your packages

>>> 'Pkg.test("TransformUtils")' log
Julia Version 0.5.2
Commit f4c6c9d (2017-05-06 16:34 UTC)
Platform Info:
  OS: Linux (x86_64-pc-linux-gnu)
  CPU: Intel(R) Xeon(R) CPU E3-1241 v3 @ 3.50GHz
  WORD_SIZE: 64
           Ubuntu 14.04.5 LTS
  uname: Linux 3.13.0-121-generic #170-Ubuntu SMP Wed Jun 14 09:04:33 UTC 2017 x86_64 x86_64
Memory: 2.9392738342285156 GB (857.6484375 MB free)
Uptime: 49149.0 sec
Load Avg:  1.01318359375  1.001953125  0.9755859375
Intel(R) Xeon(R) CPU E3-1241 v3 @ 3.50GHz: 
       speed         user         nice          sys         idle          irq
#1  3499 MHz    3098532 s       4814 s     285241 s     967440 s         90 s
#2  3499 MHz    1050971 s       3906 s     129495 s    3601311 s          1 s

  BLAS: libopenblas (USE64BITINT DYNAMIC_ARCH NO_AFFINITY Nehalem)
  LAPACK: libopenblas64_
  LIBM: libopenlibm
  LLVM: libLLVM-3.7.1 (ORCJIT, haswell)
Environment:
  TERM = vt100
  LD_LIBRARY_PATH = :/usr/local/lib/
  PATH = /usr/local/sbin:/usr/local/bin:/usr/sbin:/usr/bin:/sbin:/bin:/usr/games:/usr/local/games:/home/vagrant/julia/bin/
  JAVA_HOME = /usr/lib/jvm/java-8-openjdk-amd64
  HOME = /home/vagrant

Package Directory: /home/vagrant/.julia/v0.5
2 required packages:
 - JSON                          0.13.0
 - TransformUtils                0.0.6
1 additional packages:
 - Compat                        0.28.0
INFO: Testing TransformUtils
WARNING: Method definition *(TransformUtils.SO3, TransformUtils.so3) in module TransformUtils at /home/vagrant/.julia/v0.5/TransformUtils/src/TransformUtils.jl:202 overwritten at /home/vagrant/.julia/v0.5/TransformUtils/src/TransformUtils.jl:229.
WARNING: Method definition *(TransformUtils.so3, TransformUtils.SO3) in module TransformUtils at /home/vagrant/.julia/v0.5/TransformUtils/src/TransformUtils.jl:205 overwritten at /home/vagrant/.julia/v0.5/TransformUtils/src/TransformUtils.jl:230.
WARNING: Method definition compare(TransformUtils.SE3, TransformUtils.SE3) in module TransformUtils at /home/vagrant/.julia/v0.5/TransformUtils/src/TransformUtils.jl:259 overwritten at /home/vagrant/.julia/v0.5/TransformUtils/src/TransformUtils.jl:272.
WARNING: Method definition #compare(Array{Any, 1}, TransformUtils.#compare, TransformUtils.SE3, TransformUtils.SE3) in module TransformUtils overwritten.
[TEST] constructors SO3, Quaternion, AngleAxis... [SUCCESS]
[TEST] comparison functions for SO3, Quaternion, AngleAxis... [SUCCESS]
[TEST] trivial case quaterion -> SO3 -> Euler -> quaternion... [SUCCESS]
[TEST] convert functions 
WARNING: Need better coverage on convert function tests
[TEST] compare SO3 and quaternion rotations... dAA = TransformUtils.AngleAxis(0.7853981633974483,[1.0,0.0,0.0])
dAA = TransformUtils.so3([0.0 0.165724 -0.0155073; -0.165724 0.0 0.0160972; 0.0155073 -0.0160972 0.0])
dAA = TransformUtils.so3([0.0 0.114465 -0.0768636; -0.114465 0.0 0.124996; 0.0768636 -0.124996 0.0])
dAA = TransformUtils.so3([0.0 -0.0534282 0.130169; 0.0534282 0.0 0.318468; -0.130169 -0.318468 0.0])
dAA = TransformUtils.Quaternion(0.9956865870101851,[-0.09149,-0.00777726,-0.0133159])
dAA = TransformUtils.SO3([0.99841 0.033126 0.0456191; -0.0334119 0.999426 0.00551818; -0.0454102 -0.00703363 0.998944])
[SUCCESS]
[TEST] basic SE3 mechanics... [SUCCESS]
[TEST] SE3 ⊕ and ⊖ mechanics... Compare operations on two different SE3 transforms
xi = TransformUtils.SE3(TransformUtils.SO3([0.963796 0.262818 -0.0449852; -0.220285 0.879888 0.421037; 0.150238 -0.395884 0.905927]),[-0.0579796,-1.6325,0.286159])
xj = TransformUtils.SE3(TransformUtils.SO3([0.889847 0.0178134 -0.455911; -0.0514188 0.996787 -0.0614127; 0.453352 0.0780903 0.887904]),[0.347292,-0.866586,0.452341])
Dx = TransformUtils.SE3(TransformUtils.SO3([0.937069 -0.190676 -0.29248; 0.00914972 0.850828 -0.525365; 0.349025 0.489627 0.799029]),[0.246848,0.714638,0.454793])
[SUCCESS]
[TEST] previous discovered issues
TransformUtils.convert(Euler,q) = TransformUtils.Euler(0.7853981633974484,0.0,1.5707963267948963,TransformUtils.Quaternion(1.0,[0.0,0.0,0.0]))
INFO: TransformUtils tests passed

>>> End of log
