>>> 'Pkg.add("TransformUtils")' log
INFO: Installing TransformUtils v0.0.3
INFO: Package database updated
INFO: METADATA is out-of-date — you may not have the latest version of TransformUtils
INFO: Use `Pkg.update()` to get the latest versions of your packages

>>> 'Pkg.test("TransformUtils")' log
Julia Version 0.6.0-dev.1653
Commit 66ab171 (2016-12-22 07:36 UTC)
Platform Info:
  OS: Linux (x86_64-pc-linux-gnu)
  CPU: Intel(R) Xeon(R) CPU E3-1241 v3 @ 3.50GHz
  WORD_SIZE: 64
           Ubuntu 14.04.5 LTS
  uname: Linux 3.13.0-105-generic #152-Ubuntu SMP Fri Dec 2 15:37:11 UTC 2016 x86_64 x86_64
Memory: 2.9392738342285156 GB (378.51171875 MB free)
Uptime: 28564.0 sec
Load Avg:  1.0791015625  0.93408203125  0.96484375
Intel(R) Xeon(R) CPU E3-1241 v3 @ 3.50GHz: 
       speed         user         nice          sys         idle          irq
#1  3496 MHz    1511828 s        116 s     185509 s     862027 s        114 s
#2  3496 MHz     549810 s         40 s      91227 s    2129564 s          0 s

  BLAS: libopenblas (USE64BITINT DYNAMIC_ARCH NO_AFFINITY Nehalem)
  LAPACK: libopenblas64_
  LIBM: libopenlibm
  LLVM: libLLVM-3.7.1 (ORCJIT, haswell)
Environment:
  TERM = vt100
  LD_LIBRARY_PATH = :/usr/local/lib/
  PATH = /usr/local/sbin:/usr/local/bin:/usr/sbin:/usr/bin:/sbin:/bin:/usr/games:/usr/local/games:/home/vagrant/julia/bin/
  JAVA_HOME = /usr/lib/jvm/java-7-oracle
  HOME = /home/vagrant

Package Directory: /home/vagrant/.julia/v0.6
2 required packages:
 - JSON                          0.8.0
 - TransformUtils                0.0.3
1 additional packages:
 - Compat                        0.9.5
INFO: Testing TransformUtils
WARNING: Method definition *(TransformUtils.SO3, TransformUtils.so3) in module TransformUtils at /home/vagrant/.julia/v0.6/TransformUtils/src/TransformUtils.jl:178 overwritten at /home/vagrant/.julia/v0.6/TransformUtils/src/TransformUtils.jl:205.
WARNING: Method definition *(TransformUtils.so3, TransformUtils.SO3) in module TransformUtils at /home/vagrant/.julia/v0.6/TransformUtils/src/TransformUtils.jl:181 overwritten at /home/vagrant/.julia/v0.6/TransformUtils/src/TransformUtils.jl:206.
[TEST] constructors SO3, Quaternion, AngleAxis... [SUCCESS]
[TEST] comparison functions for SO3, Quaternion, AngleAxis... [SUCCESS]
[TEST] trivial case quaterion -> SO3 -> Euler -> quaternion... [SUCCESS]
[TEST] convert functions 
WARNING: Need better coverage on convert function tests
[TEST] compare SO3 and quaternion rotations... dAA = TransformUtils.AngleAxis(0.7853981633974483,[1.0,0.0,0.0])
dAA = TransformUtils.so3([0.0 -0.045834 -0.087556; 0.045834 0.0 -0.0789595; 0.087556 0.0789595 0.0])
dAA = TransformUtils.so3([0.0 0.0491684 0.114847; -0.0491684 0.0 0.00576316; -0.114847 -0.00576316 0.0])
dAA = TransformUtils.so3([0.0 9.55063e-5 -0.0413124; -9.55063e-5 0.0 -0.129423; 0.0413124 0.129423 0.0])
dAA = TransformUtils.Quaternion(0.9975933338074522,[-0.0322255,-0.0583042,0.019227])
dAA = TransformUtils.SO3([0.994684 0.0474558 0.0913917; -0.0419411 0.997235 -0.0613458; -0.0940503 0.0571866 0.993924])
[SUCCESS]
[TEST] basic SE3 mechanics... [SUCCESS]
INFO: TransformUtils tests passed

>>> End of log
