>>> 'Pkg.add("TransformUtils")' log
INFO: Cloning cache of TransformUtils from git://github.com/dehann/TransformUtils.jl.git
INFO: Installing TransformUtils v0.0.5
INFO: Package database updated
INFO: METADATA is out-of-date — you may not have the latest version of TransformUtils
INFO: Use `Pkg.update()` to get the latest versions of your packages

>>> 'Pkg.test("TransformUtils")' log
Julia Version 0.4.7
Commit ae26b25 (2016-09-18 16:17 UTC)
Platform Info:
  System: Linux (x86_64-pc-linux-gnu)
  CPU: Intel(R) Xeon(R) CPU E3-1241 v3 @ 3.50GHz
  WORD_SIZE: 64
           Ubuntu 14.04.5 LTS
  uname: Linux 3.13.0-115-generic #162-Ubuntu SMP Fri Mar 24 16:03:51 UTC 2017 x86_64 x86_64
Memory: 2.9392738342285156 GB (446.5234375 MB free)
Uptime: 39233.0 sec
Load Avg:  1.0029296875  1.0146484375  1.0244140625
Intel(R) Xeon(R) CPU E3-1241 v3 @ 3.50GHz: 
       speed         user         nice          sys         idle          irq
#1  3499 MHz    1925208 s       3667 s     156123 s    1437568 s        182 s
#2  3499 MHz    1245073 s       4525 s     134010 s    2358882 s          6 s

  BLAS: libopenblas (USE64BITINT DYNAMIC_ARCH NO_AFFINITY Nehalem)
  LAPACK: libopenblas64_
  LIBM: libopenlibm
  LLVM: libLLVM-3.3
Environment:
  TERM = vt100
  LD_LIBRARY_PATH = :/usr/local/lib/
  PATH = /usr/local/sbin:/usr/local/bin:/usr/sbin:/usr/bin:/sbin:/bin:/usr/games:/usr/local/games:/home/vagrant/julia/bin/
  JAVA_HOME = /usr/lib/jvm/java-7-oracle
  HOME = /home/vagrant

Package Directory: /home/vagrant/.julia/v0.4
2 required packages:
 - JSON                          0.8.3
 - TransformUtils                0.0.5
1 additional packages:
 - Compat                        0.21.0
INFO: Testing TransformUtils
WARNING: could not import Base.normalize into TransformUtils
WARNING: could not import Base.normalize! into TransformUtils
[TEST] constructors SO3, Quaternion, AngleAxis... [SUCCESS]
[TEST] comparison functions for SO3, Quaternion, AngleAxis... [SUCCESS]
[TEST] trivial case quaterion -> SO3 -> Euler -> quaternion... [SUCCESS]
[TEST] convert functions 
WARNING: Need better coverage on convert function tests
[TEST] compare SO3 and quaternion rotations... dAA = TransformUtils.AngleAxis(0.7853981633974483,[1.0,0.0,0.0])
dAA = TransformUtils.so3([0.0 0.16116771314331715 0.0805588660717714
 -0.16116771314331715 0.0 0.04770712072796693
 -0.0805588660717714 -0.04770712072796693 0.0])
dAA = TransformUtils.so3([0.0 -0.09564902417533477 0.10422935570729211
 0.09564902417533477 0.0 -0.05559227283488223
 -0.10422935570729211 0.05559227283488223 0.0])
dAA = TransformUtils.so3([0.0 -0.07974044314860924 0.06394164825074232
 0.07974044314860924 0.0 0.09777235571795724
 -0.06394164825074232 -0.09777235571795724 0.0])
dAA = TransformUtils.Quaternion(0.9983177419408299,[-0.04532631675895761,-0.03430911934850961,0.011405939889324528])
dAA = TransformUtils.SO3([0.9843247335906296 -0.10648392698460933 0.14059157917767812
 0.0998086039996519 0.9935550563167546 0.05372701959956375
 -0.14540653839968004 -0.038852585002128515 0.9886088282173469])
[SUCCESS]
[TEST] basic SE3 mechanics... [SUCCESS]
[TEST] SE3 ⊕ and ⊖ mechanics... Compare operations on two different SE3 transforms
xi = TransformUtils.SE3(TransformUtils.SO3([0.9714783805231222 -0.013494826640210582 -0.2367438401101968
 -0.017625921585041126 0.9915079967390891 -0.12884571894601932
 0.23647216128849025 0.12934365874054007 0.9629907241916512]),[-0.4107118663691773,0.3035316161785624,0.02062504841342357])
xj = TransformUtils.SE3(TransformUtils.SO3([0.9232791320081443 -0.20934321262108901 0.3220730720314401
 0.16692346117327522 0.9737990310824554 0.15444094396501604
 -0.3459656088518363 -0.08883054875634085 0.9340326177920263]),[2.4030042338050595,-1.4138442356389775,-0.3236573627542628])
Dx = TransformUtils.SE3(TransformUtils.SO3([0.81219230084004 -0.2415424623849461 0.5310375743025899
 0.10829799712240017 0.9568649087135825 0.2695943068609278
 -0.5732496927826813 -0.16145211468904438 0.8033168766974816]),[2.682321486482846,-1.7852932481707597,-0.7763941966639907])
[SUCCESS]
[TEST] previous discovered issues
TransformUtils.convert(Euler,q) = TransformUtils.Euler(0.7853981633974484,0.0,1.5707963267948963,TransformUtils.Quaternion(1.0,[0.0,0.0,0.0]))
INFO: TransformUtils tests passed

>>> End of log
