>>> 'Pkg.add("TransformUtils")' log
INFO: Cloning cache of TransformUtils from git://github.com/dehann/TransformUtils.jl.git
INFO: Installing TransformUtils v0.0.6
INFO: Package database updated
INFO: METADATA is out-of-date — you may not have the latest version of TransformUtils
INFO: Use `Pkg.update()` to get the latest versions of your packages

>>> 'Pkg.test("TransformUtils")' log
Julia Version 0.4.7
Commit ae26b25 (2016-09-18 16:17 UTC)
Platform Info:
  System: Linux (x86_64-pc-linux-gnu)
  CPU: Intel(R) Xeon(R) CPU E3-1241 v3 @ 3.50GHz
  WORD_SIZE: 64
           Ubuntu 14.04.5 LTS
  uname: Linux 3.13.0-117-generic #164-Ubuntu SMP Fri Apr 7 11:05:26 UTC 2017 x86_64 x86_64
Memory: 2.9392738342285156 GB (452.671875 MB free)
Uptime: 43788.0 sec
Load Avg:  1.0361328125  0.9501953125  0.99169921875
Intel(R) Xeon(R) CPU E3-1241 v3 @ 3.50GHz: 
       speed         user         nice          sys         idle          irq
#1  3500 MHz    2139092 s       5055 s     167360 s    1603494 s         97 s
#2  3500 MHz    1399142 s       1944 s     142132 s    2675228 s          2 s

  BLAS: libopenblas (USE64BITINT DYNAMIC_ARCH NO_AFFINITY Nehalem)
  LAPACK: libopenblas64_
  LIBM: libopenlibm
  LLVM: libLLVM-3.3
Environment:
  TERM = vt100
  LD_LIBRARY_PATH = :/usr/local/lib/
  PATH = /usr/local/sbin:/usr/local/bin:/usr/sbin:/usr/bin:/sbin:/bin:/usr/games:/usr/local/games:/home/vagrant/julia/bin/
  JAVA_HOME = /usr/lib/jvm/java-7-oracle
  HOME = /home/vagrant

Package Directory: /home/vagrant/.julia/v0.4
2 required packages:
 - JSON                          0.9.1
 - TransformUtils                0.0.6
1 additional packages:
 - Compat                        0.24.0
INFO: Testing TransformUtils
WARNING: could not import Base.normalize into TransformUtils
WARNING: could not import Base.normalize! into TransformUtils
[TEST] constructors SO3, Quaternion, AngleAxis... [SUCCESS]
[TEST] comparison functions for SO3, Quaternion, AngleAxis... [SUCCESS]
[TEST] trivial case quaterion -> SO3 -> Euler -> quaternion... [SUCCESS]
[TEST] convert functions 
WARNING: Need better coverage on convert function tests
[TEST] compare SO3 and quaternion rotations... dAA = TransformUtils.AngleAxis(0.7853981633974483,[1.0,0.0,0.0])
dAA = TransformUtils.so3([0.0 -0.09926204490432983 -0.06966754381572035
 0.09926204490432983 0.0 -0.07541905917598161
 0.06966754381572035 0.07541905917598161 0.0])
dAA = TransformUtils.so3([0.0 -0.030829521455572023 0.054430119685332304
 0.030829521455572023 0.0 0.002225503184251925
 -0.054430119685332304 -0.002225503184251925 0.0])
dAA = TransformUtils.so3([0.0 0.15877931848434546 -0.010143625864808164
 -0.15877931848434546 0.0 -0.05958829729061427
 0.010143625864808164 0.05958829729061427 0.0])
dAA = TransformUtils.Quaternion(0.9949625668111555,[-0.024197487670938447,-0.09355861227748687,0.02666005070667407])
dAA = TransformUtils.SO3([0.9830827039169162 -0.016010249854271668 0.18246114424449147
 0.016893839725069217 0.9998518784841522 -0.003289266036070151
 -0.18238145585214796 0.006316089875561093 0.9832075628116045])
[SUCCESS]
[TEST] basic SE3 mechanics... [SUCCESS]
[TEST] SE3 ⊕ and ⊖ mechanics... Compare operations on two different SE3 transforms
xi = TransformUtils.SE3(TransformUtils.SO3([0.905290762870355 -0.3076603279345417 -0.29290571397093096
 0.4219554465438768 0.7308449331089462 0.5364879168079536
 0.04901260851625907 -0.6092707168116571 0.7914461180915865]),[0.5636702260518223,0.8209658538132892,0.8746610230668093])
xj = TransformUtils.SE3(TransformUtils.SO3([0.9977538990183827 0.051249593387631985 0.043135092108599456
 -0.04178941124177526 0.9794881589587575 -0.19712075377202035
 -0.052352670435048085 0.19487541055039775 0.9794298199774872]),[0.4050422582850046,0.23458418686561563,0.09590467555151516])
Dx = TransformUtils.SE3(TransformUtils.SO3([0.8830581777770803 0.46924749919931896 0.0038780350962452775
 -0.30561392219065436 0.5813546102320603 -0.7540735691729115
 -0.3561016501285374 0.6647056503875337 0.6567785114622878]),[-0.42920025206456375,0.09472290049831547,-0.8844673289807972])
[SUCCESS]
[TEST] previous discovered issues
TransformUtils.convert(Euler,q) = TransformUtils.Euler(0.7853981633974484,0.0,1.5707963267948963,TransformUtils.Quaternion(1.0,[0.0,0.0,0.0]))
INFO: TransformUtils tests passed

>>> End of log
