>>> 'Pkg.add("TransformUtils")' log
INFO: Cloning cache of TransformUtils from https://github.com/dehann/TransformUtils.jl.git
INFO: Installing TransformUtils v0.0.2
INFO: Package database updated

>>> 'Pkg.test("TransformUtils")' log
Julia Version 0.5.0
Commit 3c9d753 (2016-09-19 18:14 UTC)
Platform Info:
  System: Linux (x86_64-pc-linux-gnu)
  CPU: Intel(R) Xeon(R) CPU E3-1241 v3 @ 3.50GHz
  WORD_SIZE: 64
           Ubuntu 14.04.5 LTS
  uname: Linux 3.13.0-101-generic #148-Ubuntu SMP Thu Oct 20 22:08:32 UTC 2016 x86_64 x86_64
Memory: 2.939281463623047 GB (380.53125 MB free)
Uptime: 32759.0 sec
Load Avg:  1.125  1.03125  0.98486328125
Intel(R) Xeon(R) CPU E3-1241 v3 @ 3.50GHz: 
       speed         user         nice          sys         idle          irq
#1  3500 MHz    1928380 s       3018 s     182863 s     791301 s        134 s
#2  3500 MHz     556596 s       3862 s      89226 s    2527370 s          2 s

  BLAS: libopenblas (USE64BITINT DYNAMIC_ARCH NO_AFFINITY Nehalem)
  LAPACK: libopenblas64_
  LIBM: libopenlibm
  LLVM: libLLVM-3.7.1 (ORCJIT, haswell)
Environment:
  TERM = vt100
  LD_LIBRARY_PATH = :/usr/local/lib/
  PATH = /usr/local/sbin:/usr/local/bin:/usr/sbin:/usr/bin:/sbin:/bin:/usr/games:/usr/local/games:/home/vagrant/julia/bin/
  JAVA_HOME = /usr/lib/jvm/java-7-oracle
  HOME = /home/vagrant

Package Directory: /home/vagrant/.julia/v0.5
2 required packages:
 - JSON                          0.8.0
 - TransformUtils                0.0.2
18 additional packages:
 - CategoricalArrays             0.1.0
 - Compat                        0.9.4
 - DataArrays                    0.3.10
 - DataFrames                    0.8.5
 - DataStreams                   0.1.2
 - DataStreamsIntegrationTests   0.0.1              e92cc45b (dirty)
 - FileIO                        0.2.0
 - GZip                          0.2.20
 - Hiccup                        0.0.3
 - Juno                          0.2.5
 - Lazy                          0.11.4
 - MacroTools                    0.3.2
 - Media                         0.2.4
 - NullableArrays                0.0.10
 - Reexport                      0.0.3
 - SortingAlgorithms             0.1.0
 - StatsBase                     0.11.1
 - WeakRefStrings                0.2.0
INFO: Testing TransformUtils
WARNING: Method definition *(TransformUtils.SO3, TransformUtils.so3) in module TransformUtils at /home/vagrant/.julia/v0.5/TransformUtils/src/TransformUtils.jl:176 overwritten at /home/vagrant/.julia/v0.5/TransformUtils/src/TransformUtils.jl:203.
WARNING: Method definition *(TransformUtils.so3, TransformUtils.SO3) in module TransformUtils at /home/vagrant/.julia/v0.5/TransformUtils/src/TransformUtils.jl:179 overwritten at /home/vagrant/.julia/v0.5/TransformUtils/src/TransformUtils.jl:204.
[TEST] constructors SO3, Quaternion, AngleAxis... [SUCCESS]
[TEST] comparison functions for SO3, Quaternion, AngleAxis... [SUCCESS]
[TEST] trivial case quaterion -> SO3 -> Euler -> quaternion... [SUCCESS]
[TEST] convert functions 
WARNING: Need better coverage on convert function tests
[TEST] compare SO3 and quaternion rotations... dAA = TransformUtils.AngleAxis(0.7853981633974483,[1.0,0.0,0.0])
dAA = TransformUtils.so3([0.0 -0.0116988 -0.0322966; 0.0116988 0.0 -0.131812; 0.0322966 0.131812 0.0])
dAA = TransformUtils.so3([0.0 -0.114071 0.0762239; 0.114071 0.0 0.0560841; -0.0762239 -0.0560841 0.0])
dAA = TransformUtils.so3([0.0 -0.0703912 -0.323341; 0.0703912 0.0 -0.082449; 0.323341 0.082449 0.0])
dAA = TransformUtils.Quaternion(0.9992134490358927,[-0.0105267,-0.0210734,-0.0318996])
dAA = TransformUtils.SO3([0.995079 -0.0721595 0.0679053; 0.0814227 0.986022 -0.145365; -0.0564666 0.150179 0.987045])
[SUCCESS]
[TEST] basic SE3 mechanics... [SUCCESS]
INFO: TransformUtils tests passed

>>> End of log
