>>> 'Pkg.add("TransformUtils")' log
INFO: Installing TranscodingStreams v0.5.2
INFO: Installing TransformUtils v0.1.0
INFO: Package database updated

>>> 'Pkg.test("TransformUtils")' log
Julia Version 0.6.4
Commit 9d11f62bcb (2018-07-09 19:09 UTC)
Platform Info:
  OS: Linux (x86_64-pc-linux-gnu)
  CPU: Intel(R) Xeon(R) CPU E3-1241 v3 @ 3.50GHz
  WORD_SIZE: 64
           Ubuntu 14.04.5 LTS
  uname: Linux 3.13.0-143-generic #192-Ubuntu SMP Tue Feb 27 10:45:36 UTC 2018 x86_64 x86_64
Memory: 2.939197540283203 GB (2303.6171875 MB free)
Uptime: 76396.0 sec
Load Avg:  1.01220703125  1.0732421875  1.0400390625
Intel(R) Xeon(R) CPU E3-1241 v3 @ 3.50GHz: 
       speed         user         nice          sys         idle          irq
#1  3511 MHz    4837457 s         70 s     351684 s    1201229 s         17 s
#2  3511 MHz     837593 s       4856 s     114190 s    6555715 s          0 s

  BLAS: libopenblas (USE64BITINT DYNAMIC_ARCH NO_AFFINITY Nehalem MAX_THREADS=16)
  LAPACK: libopenblas64_
  LIBM: libopenlibm
  LLVM: libLLVM-3.9.1 (ORCJIT, haswell)
Environment:
  TERM = vt100
  LD_LIBRARY_PATH = :/usr/local/lib/
  PATH = /usr/local/sbin:/usr/local/bin:/usr/sbin:/usr/bin:/sbin:/bin:/usr/games:/usr/local/games:/home/vagrant/julia/bin/
  JAVA_HOME = /usr/lib/jvm/java-8-openjdk-amd64
  HOME = /home/vagrant

Package Directory: /home/vagrant/.julia/v0.6
7 required packages:
 - Conda                         0.8.1
 - JSON                          0.17.2
 - POMDPModels                   0.2.2
 - PyCall                        1.17.1
 - PyPlot                        2.6.0
 - RDatasets                     0.4.0
 - TransformUtils                0.1.0
67 additional packages:
 - AbstractTrees                 0.1.0
 - AssetRegistry                 0.0.2
 - AutoHashEquals                0.2.0
 - BinDeps                       0.8.8
 - BinaryProvider                0.3.3
 - Blink                         0.6.2
 - CPUTime                       0.1.0
 - CSV                           0.2.5
 - Calculus                      0.4.0
 - CategoricalArrays             0.3.10
 - CodecZlib                     0.4.3
 - ColorTypes                    0.6.7
 - Colors                        0.8.2
 - Compat                        0.70.0
 - D3Trees                       0.2.0
 - DataFrames                    0.11.6
 - DataStreams                   0.3.6
 - DataStructures                0.8.4
 - DiscreteValueIteration        0.0.0-             master (unregistered)
 - Distributions                 0.15.0
 - Emoji_Entities                0.2.4              81d15593 (dirty)
 - FileIO                        0.9.1
 - FixedPointNumbers             0.4.6
 - HTML_Entities                 0.2.4              1a5cf18a (dirty)
 - Hiccup                        0.1.1
 - HttpCommon                    0.4.0
 - HttpParser                    0.4.0
 - HttpServer                    0.3.1
 - InternedStrings               0.6.2
 - Iterators                     0.3.1
 - LaTeXStrings                  1.0.0
 - LaTeX_Entities                0.2.4              96871748 (dirty)
 - Lazy                          0.12.1
 - LightXML                      0.6.1
 - MCTS                          0.0.0-             master (unregistered)
 - MacroTools                    0.4.2
 - MbedTLS                       0.5.12
 - Missings                      0.2.10
 - Mocking                       0.5.5
 - Mustache                      0.3.3
 - Mux                           0.3.0
 - NamedTuples                   4.0.2
 - Nullables                     0.0.6
 - PDMats                        0.8.0
 - POMDPToolbox                  0.2.7
 - POMDPs                        0.6.7
 - Pidfile                       1.0.0
 - ProgressMeter                 0.5.6
 - QuadGK                        0.3.0
 - RData                         0.4.0
 - Reexport                      0.1.0
 - Requires                      0.4.4
 - Rmath                         0.4.0
 - SHA                           0.5.7
 - SortingAlgorithms             0.2.1
 - SpecialFunctions              0.6.0
 - StaticArrays                  0.7.2
 - StatsBase                     0.23.1
 - StatsFuns                     0.6.1
 - StrTables                     0.2.4
 - TikzPictures                  1.2.0
 - TimeZones                     0.7.2
 - TranscodingStreams            0.5.2
 - URIParser                     0.3.1
 - VersionParsing                1.1.1
 - WeakRefStrings                0.4.7
 - WebSockets                    0.5.0
INFO: Testing TransformUtils
[TEST] constructors SO3, Quaternion, AngleAxis... [SUCCESS]
[TEST] comparison functions for SO3, Quaternion, AngleAxis... [SUCCESS]
[TEST] trivial case quaterion -> SO3 -> Euler -> quaternion... [SUCCESS]
[TEST] convert functions 
WARNING: Need better coverage on convert function tests
[TEST] compare SO3 and quaternion rotations... dAA = TransformUtils.AngleAxis(0.7853981633974483, [1.0, 0.0, 0.0])
dAA = TransformUtils.so3([0.0 -0.159387 -0.135774; 0.159387 0.0 0.0538006; 0.135774 -0.0538006 0.0])
dAA = TransformUtils.so3([0.0 -0.0091179 -0.0515793; 0.0091179 0.0 -0.185124; 0.0515793 0.185124 0.0])
dAA = TransformUtils.so3([0.0 -0.107663 0.0383422; 0.107663 0.0 -0.22985; -0.0383422 0.22985 0.0])
dAA = TransformUtils.Quaternion(0.9967968540117287, [-0.0537356, -0.0298553, 0.0511583])
dAA = TransformUtils.SO3([0.995427 0.0869987 0.0394377; -0.0888968 0.994823 0.0492424; -0.0349495 -0.0525232 0.998008])
[SUCCESS]
[TEST] basic SE3 mechanics... [SUCCESS]
[TEST] SE3 ⊕ and ⊖ mechanics... Compare operations on two different SE3 transforms
xi = TransformUtils.SE3(TransformUtils.SO3([0.999023 -0.00278768 -0.0441075; 0.0081147 0.992612 0.121061; 0.0434441 -0.1213 0.991665]), [1.63968, -0.349458, 0.582399])
xj = TransformUtils.SE3(TransformUtils.SO3([0.95844 -0.23639 0.159724; 0.279361 0.891213 -0.357347; -0.0578747 0.387116 0.920213]), [1.12008, 0.435016, -0.225033])
Dx = TransformUtils.SE3(TransformUtils.SO3([0.957256 -0.212109 0.196646; 0.281646 0.83833 -0.466774; -0.065847 0.502207 0.862237]), [-0.547802, 0.878069, -0.682814])
[SUCCESS]
[TEST] previous discovered issues
TransformUtils.convert(Euler, q) = TransformUtils.Euler(0.7853981633974484, 0.0, 1.5707963267948963, TransformUtils.Quaternion(1.0, [0.0, 0.0, 0.0]))
INFO: TransformUtils tests passed

>>> End of log
