>>> 'Pkg.add("TransformUtils")' log
INFO: Installing TransformUtils v0.0.3
INFO: Package database updated
INFO: METADATA is out-of-date — you may not have the latest version of TransformUtils
INFO: Use `Pkg.update()` to get the latest versions of your packages

>>> 'Pkg.test("TransformUtils")' log
Julia Version 0.6.0-dev.1565
Commit 0408aa2 (2016-12-15 03:02 UTC)
Platform Info:
  OS: Linux (x86_64-pc-linux-gnu)
  CPU: Intel(R) Xeon(R) CPU E3-1241 v3 @ 3.50GHz
  WORD_SIZE: 64
           Ubuntu 14.04.5 LTS
  uname: Linux 3.13.0-105-generic #152-Ubuntu SMP Fri Dec 2 15:37:11 UTC 2016 x86_64 x86_64
Memory: 2.9392738342285156 GB (551.93359375 MB free)
Uptime: 26567.0 sec
Load Avg:  1.0458984375  1.10498046875  1.05908203125
Intel(R) Xeon(R) CPU E3-1241 v3 @ 3.50GHz: 
       speed         user         nice          sys         idle          irq
#1  3499 MHz    1550818 s        303 s     193198 s     617106 s         65 s
#2  3499 MHz     500052 s       5766 s      84909 s    1981551 s          2 s

  BLAS: libopenblas (USE64BITINT DYNAMIC_ARCH NO_AFFINITY Nehalem)
  LAPACK: libopenblas64_
  LIBM: libopenlibm
  LLVM: libLLVM-3.7.1 (ORCJIT, haswell)
Environment:
  TERM = vt100
  LD_LIBRARY_PATH = :/usr/local/lib/
  PATH = /usr/local/sbin:/usr/local/bin:/usr/sbin:/usr/bin:/sbin:/bin:/usr/games:/usr/local/games:/home/vagrant/julia/bin/
  JAVA_HOME = /usr/lib/jvm/java-7-oracle
  HOME = /home/vagrant

Package Directory: /home/vagrant/.julia/v0.6
2 required packages:
 - JSON                          0.8.0
 - TransformUtils                0.0.3
1 additional packages:
 - Compat                        0.9.5
INFO: Testing TransformUtils
[TEST] constructors SO3, Quaternion, AngleAxis... [SUCCESS]
[TEST] comparison functions for SO3, Quaternion, AngleAxis... [SUCCESS]
[TEST] trivial case quaterion -> SO3 -> Euler -> quaternion... [SUCCESS]
[TEST] convert functions 
WARNING: Need better coverage on convert function tests
[TEST] compare SO3 and quaternion rotations... dAA = TransformUtils.AngleAxis(0.7853981633974483,[1.0,0.0,0.0])
dAA = TransformUtils.so3([0.0 0.0373642 -0.0136611; -0.0373642 0.0 -0.0895931; 0.0136611 0.0895931 0.0])
dAA = TransformUtils.so3([0.0 -0.149614 0.0288157; 0.149614 0.0 0.184713; -0.0288157 -0.184713 0.0])
dAA = TransformUtils.so3([0.0 0.0853472 -0.254233; -0.0853472 0.0 -0.0521235; 0.254233 0.0521235 0.0])
dAA = TransformUtils.Quaternion(0.9836679714984415,[-0.0459084,0.172911,-0.0197863])
dAA = TransformUtils.SO3([0.964172 0.265272 -0.00203292; -0.263268 0.955888 -0.13026; -0.0326112 0.126129 0.991478])
[SUCCESS]
[TEST] basic SE3 mechanics... [SUCCESS]
INFO: TransformUtils tests passed

>>> End of log
