>>> 'Pkg.add("TransformUtils")' log
INFO: Installing TransformUtils v0.0.6
INFO: Package database updated
INFO: METADATA is out-of-date — you may not have the latest version of TransformUtils
INFO: Use `Pkg.update()` to get the latest versions of your packages

>>> 'Pkg.test("TransformUtils")' log
Julia Version 0.5.2
Commit f4c6c9d (2017-05-06 16:34 UTC)
Platform Info:
  OS: Linux (x86_64-pc-linux-gnu)
  CPU: Intel(R) Xeon(R) CPU E3-1241 v3 @ 3.50GHz
  WORD_SIZE: 64
           Ubuntu 14.04.5 LTS
  uname: Linux 3.13.0-119-generic #166-Ubuntu SMP Wed May 3 12:18:55 UTC 2017 x86_64 x86_64
Memory: 2.9392738342285156 GB (566.41015625 MB free)
Uptime: 44344.0 sec
Load Avg:  1.0029296875  1.01611328125  1.04541015625
Intel(R) Xeon(R) CPU E3-1241 v3 @ 3.50GHz: 
       speed         user         nice          sys         idle          irq
#1  3498 MHz    2661729 s       7353 s     226487 s     985316 s         91 s
#2  3498 MHz     811075 s         27 s     105590 s    3419649 s          1 s

  BLAS: libopenblas (USE64BITINT DYNAMIC_ARCH NO_AFFINITY Nehalem)
  LAPACK: libopenblas64_
  LIBM: libopenlibm
  LLVM: libLLVM-3.7.1 (ORCJIT, haswell)
Environment:
  TERM = vt100
  LD_LIBRARY_PATH = :/usr/local/lib/
  PATH = /usr/local/sbin:/usr/local/bin:/usr/sbin:/usr/bin:/sbin:/bin:/usr/games:/usr/local/games:/home/vagrant/julia/bin/
  JAVA_HOME = /usr/lib/jvm/java-7-oracle
  HOME = /home/vagrant

Package Directory: /home/vagrant/.julia/v0.5
2 required packages:
 - JSON                          0.12.0
 - TransformUtils                0.0.6
1 additional packages:
 - Compat                        0.25.2
INFO: Testing TransformUtils
WARNING: Method definition *(TransformUtils.SO3, TransformUtils.so3) in module TransformUtils at /home/vagrant/.julia/v0.5/TransformUtils/src/TransformUtils.jl:202 overwritten at /home/vagrant/.julia/v0.5/TransformUtils/src/TransformUtils.jl:229.
WARNING: Method definition *(TransformUtils.so3, TransformUtils.SO3) in module TransformUtils at /home/vagrant/.julia/v0.5/TransformUtils/src/TransformUtils.jl:205 overwritten at /home/vagrant/.julia/v0.5/TransformUtils/src/TransformUtils.jl:230.
WARNING: Method definition compare(TransformUtils.SE3, TransformUtils.SE3) in module TransformUtils at /home/vagrant/.julia/v0.5/TransformUtils/src/TransformUtils.jl:259 overwritten at /home/vagrant/.julia/v0.5/TransformUtils/src/TransformUtils.jl:272.
WARNING: Method definition #compare(Array{Any, 1}, TransformUtils.#compare, TransformUtils.SE3, TransformUtils.SE3) in module TransformUtils overwritten.
[TEST] constructors SO3, Quaternion, AngleAxis... [SUCCESS]
[TEST] comparison functions for SO3, Quaternion, AngleAxis... [SUCCESS]
[TEST] trivial case quaterion -> SO3 -> Euler -> quaternion... [SUCCESS]
[TEST] convert functions 
WARNING: Need better coverage on convert function tests
[TEST] compare SO3 and quaternion rotations... dAA = TransformUtils.AngleAxis(0.7853981633974483,[1.0,0.0,0.0])
dAA = TransformUtils.so3([0.0 0.123712 -0.0618302; -0.123712 0.0 -0.0024781; 0.0618302 0.0024781 0.0])
dAA = TransformUtils.so3([0.0 -0.0710168 0.0134726; 0.0710168 0.0 0.000975054; -0.0134726 -0.000975054 0.0])
dAA = TransformUtils.so3([0.0 -0.104195 -0.0231209; 0.104195 0.0 -0.109334; 0.0231209 0.109334 0.0])
dAA = TransformUtils.Quaternion(0.9994359796018661,[0.0217793,0.019575,0.0164379])
dAA = TransformUtils.SO3([0.98266 -0.175493 0.0598453; 0.181217 0.977307 -0.10969; -0.0392375 0.118633 0.992163])
[SUCCESS]
[TEST] basic SE3 mechanics... [SUCCESS]
[TEST] SE3 ⊕ and ⊖ mechanics... Compare operations on two different SE3 transforms
xi = TransformUtils.SE3(TransformUtils.SO3([0.855747 0.515525 0.0439431; -0.51058 0.855164 -0.089457; -0.0836959 0.0541161 0.995021]),[-1.50217,-0.778303,-0.112481])
xj = TransformUtils.SE3(TransformUtils.SO3([0.983304 -0.0978996 0.153393; 0.0384738 0.93574 0.350585; -0.177858 -0.33883 0.923884]),[-1.71418,1.0155,0.468701])
Dx = TransformUtils.SE3(TransformUtils.SO3([0.836701 -0.533189 -0.125062; 0.530194 0.731406 0.428882; -0.137204 -0.425153 0.894662]),[-1.14595,1.45616,0.408504])
[SUCCESS]
[TEST] previous discovered issues
TransformUtils.convert(Euler,q) = TransformUtils.Euler(0.7853981633974484,0.0,1.5707963267948963,TransformUtils.Quaternion(1.0,[0.0,0.0,0.0]))
INFO: TransformUtils tests passed

>>> End of log
