>>> 'Pkg.add("TransformUtils")' log
INFO: Cloning cache of TransformUtils from git://github.com/dehann/TransformUtils.jl.git
INFO: Installing TransformUtils v0.0.6
INFO: Package database updated
INFO: METADATA is out-of-date — you may not have the latest version of TransformUtils
INFO: Use `Pkg.update()` to get the latest versions of your packages

>>> 'Pkg.test("TransformUtils")' log
Julia Version 0.4.7
Commit ae26b25 (2016-09-18 16:17 UTC)
Platform Info:
  System: Linux (x86_64-pc-linux-gnu)
  CPU: Intel(R) Xeon(R) CPU E3-1241 v3 @ 3.50GHz
  WORD_SIZE: 64
           Ubuntu 14.04.5 LTS
  uname: Linux 3.13.0-121-generic #170-Ubuntu SMP Wed Jun 14 09:04:33 UTC 2017 x86_64 x86_64
Memory: 2.9392738342285156 GB (453.11328125 MB free)
Uptime: 47585.0 sec
Load Avg:  1.01318359375  1.0302734375  1.00244140625
Intel(R) Xeon(R) CPU E3-1241 v3 @ 3.50GHz: 
       speed         user         nice          sys         idle          irq
#1  3503 MHz    2329053 s       1556 s     180384 s    1771424 s        113 s
#2  3503 MHz    1618751 s       6738 s     150290 s    2824554 s          2 s

  BLAS: libopenblas (USE64BITINT DYNAMIC_ARCH NO_AFFINITY Nehalem)
  LAPACK: libopenblas64_
  LIBM: libopenlibm
  LLVM: libLLVM-3.3
Environment:
  TERM = vt100
  LD_LIBRARY_PATH = :/usr/local/lib/
  PATH = /usr/local/sbin:/usr/local/bin:/usr/sbin:/usr/bin:/sbin:/bin:/usr/games:/usr/local/games:/home/vagrant/julia/bin/
  JAVA_HOME = /usr/lib/jvm/java-8-openjdk-amd64
  HOME = /home/vagrant

Package Directory: /home/vagrant/.julia/v0.4
2 required packages:
 - JSON                          0.9.1
 - TransformUtils                0.0.6
1 additional packages:
 - Compat                        0.26.0
INFO: Testing TransformUtils
WARNING: could not import Base.normalize into TransformUtils
WARNING: could not import Base.normalize! into TransformUtils
[TEST] constructors SO3, Quaternion, AngleAxis... [SUCCESS]
[TEST] comparison functions for SO3, Quaternion, AngleAxis... [SUCCESS]
[TEST] trivial case quaterion -> SO3 -> Euler -> quaternion... [SUCCESS]
[TEST] convert functions 
WARNING: Need better coverage on convert function tests
[TEST] compare SO3 and quaternion rotations... dAA = TransformUtils.AngleAxis(0.7853981633974483,[1.0,0.0,0.0])
dAA = TransformUtils.so3([0.0 0.027214891330060928 0.05553581446572943
 -0.027214891330060928 0.0 0.11276594430019467
 -0.05553581446572943 -0.11276594430019467 0.0])
dAA = TransformUtils.so3([0.0 -0.006459010919602929 -0.07601916125036451
 0.006459010919602929 0.0 -0.13119472735183094
 0.07601916125036451 0.13119472735183094 0.0])
dAA = TransformUtils.so3([0.0 -0.042644611603573204 0.1712420843510402
 0.042644611603573204 0.0 -0.023421810422111083
 -0.1712420843510402 0.023421810422111083 0.0])
dAA = TransformUtils.Quaternion(0.9997615002222678,[0.017269355601037196,0.0035317113240538015,0.012893372156610326])
dAA = TransformUtils.SO3([0.9990544068717783 -0.025933079084936677 -0.03489652589089429
 0.03144588752776402 0.985273821452585 0.1680674058757707
 0.03002412809176397 -0.1690058347199713 0.9851576419857563])
[SUCCESS]
[TEST] basic SE3 mechanics... [SUCCESS]
[TEST] SE3 ⊕ and ⊖ mechanics... Compare operations on two different SE3 transforms
xi = TransformUtils.SE3(TransformUtils.SO3([0.8944952391018264 -0.44703433485479727 -0.00621053017830089
 0.4421406873687342 0.8865912352408424 -0.13589552666375967
 0.06625616799415647 0.11881197353401012 0.9907037070424658]),[1.5533535219134327,-2.0020542296632953,0.5485491149378271])
xj = TransformUtils.SE3(TransformUtils.SO3([0.9512974101974792 -0.016687176318133184 0.3078226364289939
 0.11367332406700306 0.9471576888767722 -0.2999511423501662
 -0.28655123930481813 0.32033396720944085 0.9029255432784775]),[2.486626927668553,0.5810816474797809,-2.2732058419671297])
Dx = TransformUtils.SE3(TransformUtils.SO3([0.882204818979702 0.4250744529815981 0.2025496649994417
 -0.35852655047864623 0.8852609569492329 -0.29626297558623677
 -0.3052431325531726 0.1887451920545887 0.9333819595992857]),[1.7899594200521407,1.5377220966725518,-3.1523558292906526])
[SUCCESS]
[TEST] previous discovered issues
TransformUtils.convert(Euler,q) = TransformUtils.Euler(0.7853981633974484,0.0,1.5707963267948963,TransformUtils.Quaternion(1.0,[0.0,0.0,0.0]))
INFO: TransformUtils tests passed

>>> End of log
