>>> 'Pkg.add("TransformUtils")' log
INFO: Cloning cache of TransformUtils from git://github.com/dehann/TransformUtils.jl.git
INFO: Installing TransformUtils v0.0.2
INFO: Package database updated
INFO: METADATA is out-of-date — you may not have the latest version of TransformUtils
INFO: Use `Pkg.update()` to get the latest versions of your packages

>>> 'Pkg.test("TransformUtils")' log
Julia Version 0.4.7
Commit ae26b25 (2016-09-18 16:17 UTC)
Platform Info:
  System: Linux (x86_64-pc-linux-gnu)
  CPU: Intel(R) Xeon(R) CPU E3-1241 v3 @ 3.50GHz
  WORD_SIZE: 64
           Ubuntu 14.04.5 LTS
  uname: Linux 3.13.0-96-generic #143-Ubuntu SMP Mon Aug 29 20:15:20 UTC 2016 x86_64 x86_64
Memory: 2.9392929077148438 GB (332.19921875 MB free)
Uptime: 29048.0 sec
Load Avg:  1.091796875  1.03076171875  1.00244140625
Intel(R) Xeon(R) CPU E3-1241 v3 @ 3.50GHz: 
       speed         user         nice          sys         idle          irq
#1  3499 MHz    1398374 s         48 s     127691 s    1065008 s        138 s
#2  3499 MHz     805503 s         95 s     111473 s    1868051 s          5 s

  BLAS: libopenblas (USE64BITINT DYNAMIC_ARCH NO_AFFINITY Nehalem)
  LAPACK: libopenblas64_
  LIBM: libopenlibm
  LLVM: libLLVM-3.3
Environment:
  TERM = vt100
  LD_LIBRARY_PATH = :/usr/local/lib/
  PATH = /usr/local/sbin:/usr/local/bin:/usr/sbin:/usr/bin:/sbin:/bin:/usr/games:/usr/local/games:/home/vagrant/julia/bin/
  JAVA_HOME = /usr/lib/jvm/java-7-oracle
  HOME = /home/vagrant

Package Directory: /home/vagrant/.julia/v0.4
2 required packages:
 - JSON                          0.8.0
 - TransformUtils                0.0.2
1 additional packages:
 - Compat                        0.9.2
INFO: Testing TransformUtils
[TEST] constructors SO3, Quaternion, AngleAxis... [SUCCESS]
[TEST] comparison functions for SO3, Quaternion, AngleAxis... [SUCCESS]
[TEST] trivial case quaterion -> SO3 -> Euler -> quaternion... [SUCCESS]
[TEST] convert functions 
WARNING: Need better coverage on convert function tests
[TEST] compare SO3 and quaternion rotations... dAA = TransformUtils.AngleAxis(0.7853981633974483,[1.0,0.0,0.0])
dAA = TransformUtils.so3([0.0 0.1785064073745559 -0.055321881375554376
 -0.1785064073745559 0.0 0.14810884143623143
 0.055321881375554376 -0.14810884143623143 0.0])
dAA = TransformUtils.so3([0.0 0.024327592840893284 0.030206457048992004
 -0.024327592840893284 0.0 0.01691335692975805
 -0.030206457048992004 -0.01691335692975805 0.0])
dAA = TransformUtils.so3([0.0 0.1339926865156609 0.07052595968520713
 -0.1339926865156609 0.0 -0.08485178597739215
 -0.07052595968520713 0.08485178597739215 0.0])
dAA = TransformUtils.Quaternion(0.9971091074163567,[0.007258768010567247,0.06644430457390041,-0.03613713580260486])
dAA = TransformUtils.SO3([0.985129841072436 0.15890984528288857 0.06532118569626576
 -0.16027133596155388 0.986941254076113 0.016126371934451853
 -0.06190553365973312 -0.026355683918994798 0.997733973976764])
[SUCCESS]
[TEST] basic SE3 mechanics... [SUCCESS]
INFO: TransformUtils tests passed

>>> End of log
