>>> 'Pkg.add("TransformUtils")' log
INFO: Cloning cache of TransformUtils from git://github.com/dehann/TransformUtils.jl.git
INFO: Installing TransformUtils v0.0.6
INFO: Package database updated
INFO: METADATA is out-of-date — you may not have the latest version of TransformUtils
INFO: Use `Pkg.update()` to get the latest versions of your packages

>>> 'Pkg.test("TransformUtils")' log
Julia Version 0.4.7
Commit ae26b25 (2016-09-18 16:17 UTC)
Platform Info:
  System: Linux (x86_64-pc-linux-gnu)
  CPU: Intel(R) Xeon(R) CPU E3-1241 v3 @ 3.50GHz
  WORD_SIZE: 64
           Ubuntu 14.04.5 LTS
  uname: Linux 3.13.0-125-generic #174-Ubuntu SMP Mon Jul 10 18:51:24 UTC 2017 x86_64 x86_64
Memory: 2.9392738342285156 GB (450.9921875 MB free)
Uptime: 48338.0 sec
Load Avg:  1.09375  1.015625  0.974609375
Intel(R) Xeon(R) CPU E3-1241 v3 @ 3.50GHz: 
       speed         user         nice          sys         idle          irq
#1  3500 MHz    2383457 s        316 s     173952 s    1782997 s        119 s
#2  3500 MHz    1595368 s       6188 s     145348 s    2920563 s          1 s

  BLAS: libopenblas (USE64BITINT DYNAMIC_ARCH NO_AFFINITY Nehalem)
  LAPACK: libopenblas64_
  LIBM: libopenlibm
  LLVM: libLLVM-3.3
Environment:
  TERM = vt100
  LD_LIBRARY_PATH = :/usr/local/lib/
  PATH = /usr/local/sbin:/usr/local/bin:/usr/sbin:/usr/bin:/sbin:/bin:/usr/games:/usr/local/games:/home/vagrant/julia/bin/
  JAVA_HOME = /usr/lib/jvm/java-8-openjdk-amd64
  HOME = /home/vagrant

Package Directory: /home/vagrant/.julia/v0.4
2 required packages:
 - JSON                          0.9.1
 - TransformUtils                0.0.6
1 additional packages:
 - Compat                        0.26.0
INFO: Testing TransformUtils
WARNING: could not import Base.normalize into TransformUtils
WARNING: could not import Base.normalize! into TransformUtils
[TEST] constructors SO3, Quaternion, AngleAxis... [SUCCESS]
[TEST] comparison functions for SO3, Quaternion, AngleAxis... [SUCCESS]
[TEST] trivial case quaterion -> SO3 -> Euler -> quaternion... [SUCCESS]
[TEST] convert functions 
WARNING: Need better coverage on convert function tests
[TEST] compare SO3 and quaternion rotations... dAA = TransformUtils.AngleAxis(0.7853981633974483,[1.0,0.0,0.0])
dAA = TransformUtils.so3([0.0 -0.04806243360807911 0.11389658093271593
 0.04806243360807911 0.0 0.031019932408720387
 -0.11389658093271593 -0.031019932408720387 0.0])
dAA = TransformUtils.so3([0.0 0.005378245797273102 0.07225684601167646
 -0.005378245797273102 0.0 -0.1085038938427611
 -0.07225684601167646 0.1085038938427611 0.0])
dAA = TransformUtils.so3([0.0 0.13810366872405375 -0.029665212616761246
 -0.13810366872405375 0.0 0.08761109474760193
 0.029665212616761246 -0.08761109474760193 0.0])
dAA = TransformUtils.Quaternion(0.997238055871826,[0.062200181881999564,0.04034779821910658,0.004410495856151456])
dAA = TransformUtils.SO3([0.992912386835352 0.05593738707784024 -0.10486181762599836
 -0.06054002909837955 0.997313743644338 -0.04123350112327673
 0.10227363758902694 0.04728959150827777 0.9936316206669797])
[SUCCESS]
[TEST] basic SE3 mechanics... [SUCCESS]
[TEST] SE3 ⊕ and ⊖ mechanics... Compare operations on two different SE3 transforms
xi = TransformUtils.SE3(TransformUtils.SO3([0.959289066323079 -0.22588397774760358 -0.16953145970561176
 0.26189201972402093 0.9361560017810232 0.23457303837875715
 0.10572160251277117 -0.26942228735998985 0.9572014280368801]),[-0.8368789878752214,0.0038553012259046316,0.12855930500994073])
xj = TransformUtils.SE3(TransformUtils.SO3([0.9244594124856058 0.3807277485892945 0.020522575883534074
 -0.3753217658432091 0.9181714299079109 -0.1268652725736931
 -0.06714437244552743 0.1095792259280433 0.9917076315597794]),[-1.5138629276965265,-1.6906012283175023,2.0463276702637323])
Dx = TransformUtils.SE3(TransformUtils.SO3([0.7814314206991793 0.617274628066209 0.09130700022334177
 -0.5420901026440084 0.744028310785245 -0.3905895458988418
 -0.309036009810298 0.25572232263879147 0.9160255664252779]),[-0.8904383895806488,-1.9500453642843287,1.5529868768443231])
[SUCCESS]
[TEST] previous discovered issues
TransformUtils.convert(Euler,q) = TransformUtils.Euler(0.7853981633974484,0.0,1.5707963267948963,TransformUtils.Quaternion(1.0,[0.0,0.0,0.0]))
INFO: TransformUtils tests passed

>>> End of log
