>>> 'Pkg.add("TransformUtils")' log
INFO: Cloning cache of TransformUtils from git://github.com/dehann/TransformUtils.jl.git
INFO: Installing TransformUtils v0.0.6
INFO: Package database updated
INFO: METADATA is out-of-date — you may not have the latest version of TransformUtils
INFO: Use `Pkg.update()` to get the latest versions of your packages

>>> 'Pkg.test("TransformUtils")' log
Julia Version 0.4.7
Commit ae26b25 (2016-09-18 16:17 UTC)
Platform Info:
  System: Linux (x86_64-pc-linux-gnu)
  CPU: Intel(R) Xeon(R) CPU E3-1241 v3 @ 3.50GHz
  WORD_SIZE: 64
           Ubuntu 14.04.5 LTS
  uname: Linux 3.13.0-117-generic #164-Ubuntu SMP Fri Apr 7 11:05:26 UTC 2017 x86_64 x86_64
Memory: 2.9392738342285156 GB (444.23828125 MB free)
Uptime: 44962.0 sec
Load Avg:  0.95703125  1.00830078125  1.037109375
Intel(R) Xeon(R) CPU E3-1241 v3 @ 3.50GHz: 
       speed         user         nice          sys         idle          irq
#1  3499 MHz    2174877 s       3310 s     176728 s    1683248 s         98 s
#2  3499 MHz    1472604 s       3979 s     152678 s    2685320 s          2 s

  BLAS: libopenblas (USE64BITINT DYNAMIC_ARCH NO_AFFINITY Nehalem)
  LAPACK: libopenblas64_
  LIBM: libopenlibm
  LLVM: libLLVM-3.3
Environment:
  TERM = vt100
  LD_LIBRARY_PATH = :/usr/local/lib/
  PATH = /usr/local/sbin:/usr/local/bin:/usr/sbin:/usr/bin:/sbin:/bin:/usr/games:/usr/local/games:/home/vagrant/julia/bin/
  JAVA_HOME = /usr/lib/jvm/java-7-oracle
  HOME = /home/vagrant

Package Directory: /home/vagrant/.julia/v0.4
2 required packages:
 - JSON                          0.9.1
 - TransformUtils                0.0.6
1 additional packages:
 - Compat                        0.25.2
INFO: Testing TransformUtils
WARNING: could not import Base.normalize into TransformUtils
WARNING: could not import Base.normalize! into TransformUtils
[TEST] constructors SO3, Quaternion, AngleAxis... [SUCCESS]
[TEST] comparison functions for SO3, Quaternion, AngleAxis... [SUCCESS]
[TEST] trivial case quaterion -> SO3 -> Euler -> quaternion... [SUCCESS]
[TEST] convert functions 
WARNING: Need better coverage on convert function tests
[TEST] compare SO3 and quaternion rotations... dAA = TransformUtils.AngleAxis(0.7853981633974483,[1.0,0.0,0.0])
dAA = TransformUtils.so3([0.0 -0.03599753202993733 -0.13171512339879268
 0.03599753202993733 0.0 -0.009153056880107313
 0.13171512339879268 0.009153056880107313 0.0])
dAA = TransformUtils.so3([0.0 -0.02266620299055499 0.06459771194757212
 0.02266620299055499 0.0 0.06348052581283546
 -0.06459771194757212 -0.06348052581283546 0.0])
dAA = TransformUtils.so3([0.0 0.16902481360225904 0.060988714343396803
 -0.16902481360225904 0.0 0.020613943607442075
 -0.060988714343396803 -0.020613943607442075 0.0])
dAA = TransformUtils.Quaternion(0.9987516502727514,[-0.0006923654406539167,-0.0365699581598914,0.034019110331343284])
dAA = TransformUtils.SO3([0.9895087299158173 0.14396573347692904 0.012097148624196459
 -0.14276783261013892 0.9872224343084913 -0.07077578095521006
 -0.022131863730590125 0.06830616943195075 0.9974188928556268])
[SUCCESS]
[TEST] basic SE3 mechanics... [SUCCESS]
[TEST] SE3 ⊕ and ⊖ mechanics... Compare operations on two different SE3 transforms
xi = TransformUtils.SE3(TransformUtils.SO3([0.9944240607739272 -0.08988062802166086 0.05515668645164105
 0.08279645534493071 0.9893763461731995 0.11949557571426692
 -0.0653110582995537 -0.11426249751953192 0.9913014411995935]),[1.1619527871901456,-2.479656082842754,1.079063421708779])
xj = TransformUtils.SE3(TransformUtils.SO3([0.9873873223513182 0.13996928832905503 0.0739923913963584
 -0.15639880991660413 0.9349586881478422 0.31842057677470514
 -0.024610727672378263 -0.3259767626404125 0.9450573857189374]),[-1.6407793586248633,-1.5732475404475705,-0.26435131247300525])
Dx = TransformUtils.SE3(TransformUtils.SO3([0.9705397962378373 0.23788998070551118 0.03822121136946116
 -0.24067219252507066 0.9496924021964649 0.20040268699666583
 0.011375397302647076 -0.20369756574451148 0.9789677737525213]),[-2.6243170292736715,1.3021924199896222,-1.3780065696919837])
[SUCCESS]
[TEST] previous discovered issues
TransformUtils.convert(Euler,q) = TransformUtils.Euler(0.7853981633974484,0.0,1.5707963267948963,TransformUtils.Quaternion(1.0,[0.0,0.0,0.0]))
INFO: TransformUtils tests passed

>>> End of log
