>>> 'Pkg.add("TransformUtils")' log
INFO: Installing TransformUtils v0.0.7
INFO: Package database updated
INFO: METADATA is out-of-date — you may not have the latest version of TransformUtils
INFO: Use `Pkg.update()` to get the latest versions of your packages

>>> 'Pkg.test("TransformUtils")' log
Julia Version 0.5.2
Commit f4c6c9d (2017-05-06 16:34 UTC)
Platform Info:
  OS: Linux (x86_64-pc-linux-gnu)
  CPU: Intel(R) Xeon(R) CPU E3-1241 v3 @ 3.50GHz
  WORD_SIZE: 64
           Ubuntu 14.04.5 LTS
  uname: Linux 3.13.0-135-generic #184-Ubuntu SMP Wed Oct 18 11:55:51 UTC 2017 x86_64 x86_64
Memory: 2.93927001953125 GB (419.29296875 MB free)
Uptime: 57295.0 sec
Load Avg:  1.04052734375  1.0146484375  0.970703125
Intel(R) Xeon(R) CPU E3-1241 v3 @ 3.50GHz: 
       speed         user         nice          sys         idle          irq
#1  3499 MHz    3621236 s         54 s     304615 s    1156567 s         65 s
#2  3499 MHz    1170418 s        150 s     137334 s    4288734 s          2 s

  BLAS: libopenblas (USE64BITINT DYNAMIC_ARCH NO_AFFINITY Nehalem)
  LAPACK: libopenblas64_
  LIBM: libopenlibm
  LLVM: libLLVM-3.7.1 (ORCJIT, haswell)
Environment:
  TERM = vt100
  LD_LIBRARY_PATH = :/usr/local/lib/
  PATH = /usr/local/sbin:/usr/local/bin:/usr/sbin:/usr/bin:/sbin:/bin:/usr/games:/usr/local/games:/home/vagrant/julia/bin/
  JAVA_HOME = /usr/lib/jvm/java-8-openjdk-amd64
  HOME = /home/vagrant

Package Directory: /home/vagrant/.julia/v0.5
2 required packages:
 - JSON                          0.14.0
 - TransformUtils                0.0.7
1 additional packages:
 - Compat                        0.42.0
INFO: Testing TransformUtils
WARNING: Method definition *(TransformUtils.SO3, TransformUtils.so3) in module TransformUtils at /home/vagrant/.julia/v0.5/TransformUtils/src/TransformUtils.jl:204 overwritten at /home/vagrant/.julia/v0.5/TransformUtils/src/TransformUtils.jl:231.
WARNING: Method definition *(TransformUtils.so3, TransformUtils.SO3) in module TransformUtils at /home/vagrant/.julia/v0.5/TransformUtils/src/TransformUtils.jl:207 overwritten at /home/vagrant/.julia/v0.5/TransformUtils/src/TransformUtils.jl:232.
WARNING: Method definition compare(TransformUtils.SE3, TransformUtils.SE3) in module TransformUtils at /home/vagrant/.julia/v0.5/TransformUtils/src/TransformUtils.jl:262 overwritten at /home/vagrant/.julia/v0.5/TransformUtils/src/TransformUtils.jl:275.
WARNING: Method definition #compare(Array{Any, 1}, TransformUtils.#compare, TransformUtils.SE3, TransformUtils.SE3) in module TransformUtils overwritten.
[TEST] constructors SO3, Quaternion, AngleAxis... [SUCCESS]
[TEST] comparison functions for SO3, Quaternion, AngleAxis... [SUCCESS]
[TEST] trivial case quaterion -> SO3 -> Euler -> quaternion... [SUCCESS]
[TEST] convert functions 
WARNING: Need better coverage on convert function tests
[TEST] compare SO3 and quaternion rotations... dAA = TransformUtils.AngleAxis(0.7853981633974483,[1.0,0.0,0.0])
dAA = TransformUtils.so3([0.0 -0.0092016 0.111289; 0.0092016 0.0 -0.135332; -0.111289 0.135332 0.0])
dAA = TransformUtils.so3([0.0 -0.0577453 0.0119473; 0.0577453 0.0 -0.0770923; -0.0119473 0.0770923 0.0])
dAA = TransformUtils.so3([0.0 -0.0388614 0.0722502; 0.0388614 0.0 -0.00884171; -0.0722502 0.00884171 0.0])
dAA = TransformUtils.Quaternion(0.9974349017668277,[-0.0439543,-0.045486,-0.0335061])
dAA = TransformUtils.SO3([0.995498 -0.0302685 0.0898148; 0.0385309 0.995038 -0.0917348; -0.0865924 0.0947825 0.991725])
[SUCCESS]
[TEST] basic SE3 mechanics... [SUCCESS]
[TEST] SE3 ⊕ and ⊖ mechanics... Compare operations on two different SE3 transforms
xi = TransformUtils.SE3(TransformUtils.SO3([0.910408 0.259106 0.322525; -0.144518 0.929652 -0.338914; -0.38765 0.261939 0.883807]),[-1.04266,0.730118,-1.60712])
xj = TransformUtils.SE3(TransformUtils.SO3([0.991817 -0.0214033 0.125859; 0.0400465 0.988248 -0.147522; -0.121223 0.151356 0.981018]),[-0.372568,-0.661919,-3.27558])
Dx = TransformUtils.SE3(TransformUtils.SO3([0.944162 -0.220978 -0.244389; 0.262462 0.952826 0.152434; 0.199176 -0.208065 0.957621]),[1.45801,-1.55752,-0.786696])
[SUCCESS]
[TEST] previous discovered issues
TransformUtils.convert(Euler,q) = TransformUtils.Euler(0.7853981633974484,0.0,1.5707963267948963,TransformUtils.Quaternion(1.0,[0.0,0.0,0.0]))
INFO: TransformUtils tests passed

>>> End of log
