>>> 'Pkg.add("TransformUtils")' log
INFO: Cloning cache of TransformUtils from git://github.com/dehann/TransformUtils.jl.git
INFO: Installing TransformUtils v0.0.6
INFO: Package database updated
INFO: METADATA is out-of-date — you may not have the latest version of TransformUtils
INFO: Use `Pkg.update()` to get the latest versions of your packages

>>> 'Pkg.test("TransformUtils")' log
Julia Version 0.4.7
Commit ae26b25 (2016-09-18 16:17 UTC)
Platform Info:
  System: Linux (x86_64-pc-linux-gnu)
  CPU: Intel(R) Xeon(R) CPU E3-1241 v3 @ 3.50GHz
  WORD_SIZE: 64
           Ubuntu 14.04.5 LTS
  uname: Linux 3.13.0-119-generic #166-Ubuntu SMP Wed May 3 12:18:55 UTC 2017 x86_64 x86_64
Memory: 2.9392738342285156 GB (525.4765625 MB free)
Uptime: 46520.0 sec
Load Avg:  1.08935546875  1.0751953125  1.05078125
Intel(R) Xeon(R) CPU E3-1241 v3 @ 3.50GHz: 
       speed         user         nice          sys         idle          irq
#1  3500 MHz    2266458 s       5430 s     169496 s    1741390 s        102 s
#2  3500 MHz    1532195 s       1097 s     142233 s    2812923 s          1 s

  BLAS: libopenblas (USE64BITINT DYNAMIC_ARCH NO_AFFINITY Nehalem)
  LAPACK: libopenblas64_
  LIBM: libopenlibm
  LLVM: libLLVM-3.3
Environment:
  TERM = vt100
  LD_LIBRARY_PATH = :/usr/local/lib/
  PATH = /usr/local/sbin:/usr/local/bin:/usr/sbin:/usr/bin:/sbin:/bin:/usr/games:/usr/local/games:/home/vagrant/julia/bin/
  JAVA_HOME = /usr/lib/jvm/java-7-oracle
  HOME = /home/vagrant

Package Directory: /home/vagrant/.julia/v0.4
2 required packages:
 - JSON                          0.9.1
 - TransformUtils                0.0.6
1 additional packages:
 - Compat                        0.25.2
INFO: Testing TransformUtils
WARNING: could not import Base.normalize into TransformUtils
WARNING: could not import Base.normalize! into TransformUtils
[TEST] constructors SO3, Quaternion, AngleAxis... [SUCCESS]
[TEST] comparison functions for SO3, Quaternion, AngleAxis... [SUCCESS]
[TEST] trivial case quaterion -> SO3 -> Euler -> quaternion... [SUCCESS]
[TEST] convert functions 
WARNING: Need better coverage on convert function tests
[TEST] compare SO3 and quaternion rotations... dAA = TransformUtils.AngleAxis(0.7853981633974483,[1.0,0.0,0.0])
dAA = TransformUtils.so3([0.0 0.11684054104631142 0.007992903454329117
 -0.11684054104631142 0.0 0.14134249136161786
 -0.007992903454329117 -0.14134249136161786 0.0])
dAA = TransformUtils.so3([0.0 -0.04352882807150715 -0.048743791329218404
 0.04352882807150715 0.0 0.12709336838352714
 0.048743791329218404 -0.12709336838352714 0.0])
dAA = TransformUtils.so3([0.0 0.04117261563064148 -0.07432709353192012
 -0.04117261563064148 0.0 0.22350570614783402
 0.07432709353192012 -0.22350570614783402 0.0])
dAA = TransformUtils.Quaternion(0.9981576005885763,[0.01370217678648256,-0.041879713578655386,-0.04171024249675377])
dAA = TransformUtils.SO3([0.987720315527286 0.155795602261448 0.011675127865331803
 -0.15498867916743364 0.9865279760295131 -0.05235515104597493
 -0.019674542551568298 0.04990273366365038 0.9985602783749621])
[SUCCESS]
[TEST] basic SE3 mechanics... [SUCCESS]
[TEST] SE3 ⊕ and ⊖ mechanics... Compare operations on two different SE3 transforms
xi = TransformUtils.SE3(TransformUtils.SO3([0.9513450172898437 -0.24822632092262728 0.1825550647859543
 0.22632662773858822 0.9649755345064917 0.13265924536340915
 -0.2090906876316246 -0.08488763988430557 0.9742048926897292]),[0.6253031620955234,-0.8422075358622817,0.9632556575271694])
xj = TransformUtils.SE3(TransformUtils.SO3([0.9552332430649685 0.28750327908375123 -0.06979481255561468
 -0.2860239503674566 0.8371240908025572 -0.4662762661922508
 -0.0756290364858463 0.4653655779213613 0.8818815837322719]),[-1.5861549595694915,-0.24186637527551932,-1.3424882424091038])
Dx = TransformUtils.SE3(TransformUtils.SO3([0.8598348772440829 0.3656746757932268 -0.35632290883154194
 -0.506700177522494 0.6969346001571673 -0.5074811259568599
 0.06276076778789305 0.6168988528010794 0.7845360995132005]),[-1.4858768970827974,1.3239858035820538,-2.5703390639553634])
[SUCCESS]
[TEST] previous discovered issues
TransformUtils.convert(Euler,q) = TransformUtils.Euler(0.7853981633974484,0.0,1.5707963267948963,TransformUtils.Quaternion(1.0,[0.0,0.0,0.0]))
INFO: TransformUtils tests passed

>>> End of log
