>>> 'Pkg.add("TransformUtils")' log
INFO: Installing TransformUtils v0.0.7
INFO: Package database updated

>>> 'Pkg.test("TransformUtils")' log
Julia Version 0.5.2
Commit f4c6c9d (2017-05-06 16:34 UTC)
Platform Info:
  OS: Linux (x86_64-pc-linux-gnu)
  CPU: Intel(R) Xeon(R) CPU E3-1241 v3 @ 3.50GHz
  WORD_SIZE: 64
           Ubuntu 14.04.5 LTS
  uname: Linux 3.13.0-135-generic #184-Ubuntu SMP Wed Oct 18 11:55:51 UTC 2017 x86_64 x86_64
Memory: 2.93927001953125 GB (786.03125 MB free)
Uptime: 57993.0 sec
Load Avg:  0.9990234375  0.98291015625  0.9560546875
Intel(R) Xeon(R) CPU E3-1241 v3 @ 3.50GHz: 
       speed         user         nice          sys         idle          irq
#1  3500 MHz    3591506 s       4646 s     372894 s    1152729 s         89 s
#2  3500 MHz    1085268 s       1842 s     148788 s    4429723 s          1 s

  BLAS: libopenblas (USE64BITINT DYNAMIC_ARCH NO_AFFINITY Nehalem)
  LAPACK: libopenblas64_
  LIBM: libopenlibm
  LLVM: libLLVM-3.7.1 (ORCJIT, haswell)
Environment:
  TERM = vt100
  LD_LIBRARY_PATH = :/usr/local/lib/
  PATH = /usr/local/sbin:/usr/local/bin:/usr/sbin:/usr/bin:/sbin:/bin:/usr/games:/usr/local/games:/home/vagrant/julia/bin/
  JAVA_HOME = /usr/lib/jvm/java-8-openjdk-amd64
  HOME = /home/vagrant

Package Directory: /home/vagrant/.julia/v0.5
2 required packages:
 - JSON                          0.14.0
 - TransformUtils                0.0.7
1 additional packages:
 - Compat                        0.37.0
INFO: Testing TransformUtils
WARNING: Method definition *(TransformUtils.SO3, TransformUtils.so3) in module TransformUtils at /home/vagrant/.julia/v0.5/TransformUtils/src/TransformUtils.jl:204 overwritten at /home/vagrant/.julia/v0.5/TransformUtils/src/TransformUtils.jl:231.
WARNING: Method definition *(TransformUtils.so3, TransformUtils.SO3) in module TransformUtils at /home/vagrant/.julia/v0.5/TransformUtils/src/TransformUtils.jl:207 overwritten at /home/vagrant/.julia/v0.5/TransformUtils/src/TransformUtils.jl:232.
WARNING: Method definition compare(TransformUtils.SE3, TransformUtils.SE3) in module TransformUtils at /home/vagrant/.julia/v0.5/TransformUtils/src/TransformUtils.jl:262 overwritten at /home/vagrant/.julia/v0.5/TransformUtils/src/TransformUtils.jl:275.
WARNING: Method definition #compare(Array{Any, 1}, TransformUtils.#compare, TransformUtils.SE3, TransformUtils.SE3) in module TransformUtils overwritten.
[TEST] constructors SO3, Quaternion, AngleAxis... [SUCCESS]
[TEST] comparison functions for SO3, Quaternion, AngleAxis... [SUCCESS]
[TEST] trivial case quaterion -> SO3 -> Euler -> quaternion... [SUCCESS]
[TEST] convert functions 
WARNING: Need better coverage on convert function tests
[TEST] compare SO3 and quaternion rotations... dAA = TransformUtils.AngleAxis(0.7853981633974483,[1.0,0.0,0.0])
dAA = TransformUtils.so3([0.0 -0.0326249 -0.178292; 0.0326249 0.0 0.236655; 0.178292 -0.236655 0.0])
dAA = TransformUtils.so3([0.0 -0.0800052 -0.0764844; 0.0800052 0.0 -0.0917317; 0.0764844 0.0917317 0.0])
dAA = TransformUtils.so3([0.0 -0.11178 -0.0365835; 0.11178 0.0 -0.0661809; 0.0365835 0.0661809 0.0])
dAA = TransformUtils.Quaternion(0.9967118069078674,[-0.0730636,-0.0111397,0.0332144])
dAA = TransformUtils.SO3([0.998325 -0.0086256 0.0572059; 0.0193734 0.981575 -0.19009; -0.0545122 0.19088 0.980099])
[SUCCESS]
[TEST] basic SE3 mechanics... [SUCCESS]
[TEST] SE3 ⊕ and ⊖ mechanics... Compare operations on two different SE3 transforms
xi = TransformUtils.SE3(TransformUtils.SO3([0.982255 0.171995 0.0747903; -0.185909 0.945554 0.267142; -0.0247713 -0.276306 0.96075]),[-0.21339,-0.418433,1.19768])
xj = TransformUtils.SE3(TransformUtils.SO3([0.982748 0.181713 -0.0344597; -0.182523 0.982955 -0.0220223; 0.0298706 0.0279321 0.999163]),[1.29758,-0.57315,0.0700558])
Dx = TransformUtils.SE3(TransformUtils.SO3([0.998501 -0.00494372 -0.0545046; -0.0118118 0.952973 -0.302825; 0.0534385 0.303015 0.951486]),[1.54085,0.425156,-1.01169])
[SUCCESS]
[TEST] previous discovered issues
TransformUtils.convert(Euler,q) = TransformUtils.Euler(0.7853981633974484,0.0,1.5707963267948963,TransformUtils.Quaternion(1.0,[0.0,0.0,0.0]))
INFO: TransformUtils tests passed

>>> End of log
