>>> 'Pkg.add("TransformUtils")' log
INFO: Installing TransformUtils v0.0.6
INFO: Package database updated
INFO: METADATA is out-of-date — you may not have the latest version of TransformUtils
INFO: Use `Pkg.update()` to get the latest versions of your packages

>>> 'Pkg.test("TransformUtils")' log
Julia Version 0.6.0
Commit 9036443 (2017-06-19 13:05 UTC)
Platform Info:
  OS: Linux (x86_64-pc-linux-gnu)
  CPU: Intel(R) Xeon(R) CPU E3-1241 v3 @ 3.50GHz
  WORD_SIZE: 64
           Ubuntu 14.04.5 LTS
  uname: Linux 3.13.0-132-generic #181-Ubuntu SMP Wed Sep 13 13:25:03 UTC 2017 x86_64 x86_64
Memory: 2.93927001953125 GB (2427.640625 MB free)
Uptime: 78150.0 sec
Load Avg:  0.96435546875  0.9658203125  1.0185546875
Intel(R) Xeon(R) CPU E3-1241 v3 @ 3.50GHz: 
       speed         user         nice          sys         idle          irq
#1  3504 MHz    5230386 s         71 s     231085 s     973420 s         20 s
#2  3504 MHz     829889 s       6088 s     106871 s    6770198 s          0 s

  BLAS: libopenblas (USE64BITINT DYNAMIC_ARCH NO_AFFINITY Nehalem)
  LAPACK: libopenblas64_
  LIBM: libopenlibm
  LLVM: libLLVM-3.9.1 (ORCJIT, haswell)
Environment:
  TERM = vt100
  LD_LIBRARY_PATH = :/usr/local/lib/
  PATH = /usr/local/sbin:/usr/local/bin:/usr/sbin:/usr/bin:/sbin:/bin:/usr/games:/usr/local/games:/home/vagrant/julia/bin/
  JAVA_HOME = /usr/lib/jvm/java-8-openjdk-amd64
  HOME = /home/vagrant

Package Directory: /home/vagrant/.julia/v0.6
2 required packages:
 - JSON                          0.14.0
 - TransformUtils                0.0.6
1 additional packages:
 - Compat                        0.32.0
INFO: Testing TransformUtils
WARNING: Method definition *(TransformUtils.SO3, TransformUtils.so3) in module TransformUtils at /home/vagrant/.julia/v0.6/TransformUtils/src/TransformUtils.jl:229 overwritten at /home/vagrant/.julia/v0.6/TransformUtils/src/TransformUtils.jl:202.
WARNING: Method definition *(TransformUtils.so3, TransformUtils.SO3) in module TransformUtils at /home/vagrant/.julia/v0.6/TransformUtils/src/TransformUtils.jl:230 overwritten at /home/vagrant/.julia/v0.6/TransformUtils/src/TransformUtils.jl:205.
[TEST] constructors SO3, Quaternion, AngleAxis... [SUCCESS]
[TEST] comparison functions for SO3, Quaternion, AngleAxis... [SUCCESS]
[TEST] trivial case quaterion -> SO3 -> Euler -> quaternion... [SUCCESS]
[TEST] convert functions 
WARNING: Need better coverage on convert function tests
[TEST] compare SO3 and quaternion rotations... dAA = TransformUtils.AngleAxis(0.7853981633974483, [1.0, 0.0, 0.0])
dAA = TransformUtils.so3([0.0 0.00275166 0.0394117; -0.00275166 0.0 -0.24211; -0.0394117 0.24211 0.0])
dAA = TransformUtils.so3([0.0 -0.00358501 0.0578893; 0.00358501 0.0 -0.0130971; -0.0578893 0.0130971 0.0])
dAA = TransformUtils.so3([0.0 -0.0112131 0.00998041; 0.0112131 0.0 0.00602069; -0.00998041 -0.00602069 0.0])
dAA = TransformUtils.Quaternion(0.9973725347455629, [-0.0611687, 0.0386237, -0.00382477])
dAA = TransformUtils.SO3([0.998615 -0.0238472 0.0469023; 0.0237434 0.999714 0.00276971; -0.0469549 -0.00165225 0.998896])
[SUCCESS]
[TEST] basic SE3 mechanics... [SUCCESS]
[TEST] SE3 ⊕ and ⊖ mechanics... Compare operations on two different SE3 transforms
xi = TransformUtils.SE3(TransformUtils.SO3([0.992878 0.0289098 0.115574; -0.00646822 0.981761 -0.190012; -0.118959 0.187911 0.974956]), [0.932377, 1.21597, 0.815992])
xj = TransformUtils.SE3(TransformUtils.SO3([0.934627 0.179689 0.306895; -0.170571 0.983723 -0.0565159; -0.312055 0.000473925 0.950064]), [1.76585, 0.437433, 0.201105])
Dx = TransformUtils.SE3(TransformUtils.SO3([0.966196 0.17199 0.192056; -0.199078 0.971065 0.131915; -0.163811 -0.16569 0.972478]), [0.905717, -0.855783, -0.355229])
[SUCCESS]
[TEST] previous discovered issues
TransformUtils.convert(Euler, q) = TransformUtils.Euler(0.7853981633974484, 0.0, 1.5707963267948963, TransformUtils.Quaternion(1.0, [0.0, 0.0, 0.0]))
INFO: TransformUtils tests passed

>>> End of log
