>>> 'Pkg.add("TransformUtils")' log
INFO: Installing TranscodingStreams v0.5.3
INFO: Installing TransformUtils v0.1.0
INFO: Package database updated
INFO: METADATA is out-of-date — you may not have the latest version of TransformUtils
INFO: Use `Pkg.update()` to get the latest versions of your packages

>>> 'Pkg.test("TransformUtils")' log
Julia Version 0.6.4
Commit 9d11f62bcb (2018-07-09 19:09 UTC)
Platform Info:
  OS: Linux (x86_64-pc-linux-gnu)
  CPU: Intel(R) Xeon(R) CPU E3-1241 v3 @ 3.50GHz
  WORD_SIZE: 64
           Ubuntu 14.04.5 LTS
  uname: Linux 3.13.0-143-generic #192-Ubuntu SMP Tue Feb 27 10:45:36 UTC 2018 x86_64 x86_64
Memory: 2.939197540283203 GB (909.109375 MB free)
Uptime: 73571.0 sec
Load Avg:  1.02734375  1.1494140625  1.048828125
Intel(R) Xeon(R) CPU E3-1241 v3 @ 3.50GHz: 
       speed         user         nice          sys         idle          irq
#1  3491 MHz    4696412 s        128 s     336085 s    1151321 s         14 s
#2  3491 MHz     819494 s       5439 s     104607 s    6308800 s          0 s

  BLAS: libopenblas (USE64BITINT DYNAMIC_ARCH NO_AFFINITY Nehalem MAX_THREADS=16)
  LAPACK: libopenblas64_
  LIBM: libopenlibm
  LLVM: libLLVM-3.9.1 (ORCJIT, haswell)
Environment:
  TERM = vt100
  LD_LIBRARY_PATH = :/usr/local/lib/
  PATH = /usr/local/sbin:/usr/local/bin:/usr/sbin:/usr/bin:/sbin:/bin:/usr/games:/usr/local/games:/home/vagrant/julia/bin/
  JAVA_HOME = /usr/lib/jvm/java-8-openjdk-amd64
  HOME = /home/vagrant

Package Directory: /home/vagrant/.julia/v0.6
7 required packages:
 - Conda                         0.8.1
 - JSON                          0.17.2
 - POMDPModels                   0.2.2
 - PyCall                        1.17.1
 - PyPlot                        2.6.0
 - RDatasets                     0.4.0
 - TransformUtils                0.1.0
71 additional packages:
 - AMG                           0.1.2              master
 - AbstractTrees                 0.1.0
 - AssetRegistry                 0.0.2
 - AutoHashEquals                0.2.0
 - BinDeps                       0.8.8
 - BinaryProvider                0.3.3
 - Blink                         0.6.2
 - CPUTime                       0.1.0
 - CSV                           0.2.5
 - Calculus                      0.4.0
 - CategoricalArrays             0.3.10
 - CodecZlib                     0.4.3
 - ColorTypes                    0.6.7
 - Colors                        0.8.2
 - Compat                        0.70.0
 - D3Trees                       0.2.0
 - DataFrames                    0.11.7
 - DataStreams                   0.3.6
 - DataStructures                0.8.4
 - DiscreteValueIteration        0.0.0-             master (unregistered)
 - Distributions                 0.15.0
 - Emoji_Entities                0.2.4              81d15593 (dirty)
 - FileIO                        0.9.1
 - FixedPointNumbers             0.4.6
 - HTML_Entities                 0.2.4              1a5cf18a (dirty)
 - Hiccup                        0.1.1
 - HttpCommon                    0.4.0
 - HttpParser                    0.4.0
 - HttpServer                    0.3.1
 - IncompleteSelectedInversion   0.0.0-             master (unregistered)
 - InternedStrings               0.6.2
 - IterativeSolvers              0.6.0
 - Iterators                     0.3.1
 - LaTeXStrings                  1.0.0
 - LaTeX_Entities                0.2.4              96871748 (dirty)
 - Lazy                          0.12.1
 - LightXML                      0.6.1
 - MCTS                          0.0.0-             master (unregistered)
 - MacroTools                    0.4.2
 - MbedTLS                       0.5.12
 - Missings                      0.2.10
 - Mocking                       0.5.5
 - Mustache                      0.3.3
 - Mux                           0.3.1
 - NamedTuples                   4.0.2
 - Nullables                     0.0.6
 - PDMats                        0.8.0
 - POMDPToolbox                  0.2.7
 - POMDPs                        0.6.7
 - Pidfile                       1.0.0
 - ProgressMeter                 0.5.6
 - QuadGK                        0.3.0
 - RData                         0.4.0
 - RecipesBase                   0.3.1
 - Reexport                      0.1.0
 - Requires                      0.4.4
 - Rmath                         0.4.0
 - SHA                           0.5.7
 - SortingAlgorithms             0.2.1
 - SpecialFunctions              0.6.0
 - StaticArrays                  0.7.2
 - StatsBase                     0.23.1
 - StatsFuns                     0.6.1
 - StrTables                     0.2.4
 - TikzPictures                  1.2.0
 - TimeZones                     0.7.2
 - TranscodingStreams            0.5.3
 - URIParser                     0.3.1
 - VersionParsing                1.1.1
 - WeakRefStrings                0.4.7
 - WebSockets                    0.5.0
INFO: Testing TransformUtils
[TEST] constructors SO3, Quaternion, AngleAxis... [SUCCESS]
[TEST] comparison functions for SO3, Quaternion, AngleAxis... [SUCCESS]
[TEST] trivial case quaterion -> SO3 -> Euler -> quaternion... [SUCCESS]
[TEST] convert functions 
WARNING: Need better coverage on convert function tests
[TEST] compare SO3 and quaternion rotations... dAA = TransformUtils.AngleAxis(0.7853981633974483, [1.0, 0.0, 0.0])
dAA = TransformUtils.so3([0.0 -0.0574747 -0.120123; 0.0574747 0.0 -0.0123788; 0.120123 0.0123788 0.0])
dAA = TransformUtils.so3([0.0 -0.160378 0.0450751; 0.160378 0.0 0.215112; -0.0450751 -0.215112 0.0])
dAA = TransformUtils.so3([0.0 -0.122989 -0.0570092; 0.122989 0.0 0.126573; 0.0570092 -0.126573 0.0])
dAA = TransformUtils.Quaternion(0.9983105914868017, [-0.0272832, -0.042944, -0.0280606])
dAA = TransformUtils.SO3([0.995645 0.0457182 -0.0812484; -0.0339317 0.989436 0.140942; 0.0868337 -0.137571 0.986678])
[SUCCESS]
[TEST] basic SE3 mechanics... [SUCCESS]
[TEST] SE3 ⊕ and ⊖ mechanics... Compare operations on two different SE3 transforms
xi = TransformUtils.SE3(TransformUtils.SO3([0.953535 0.127931 0.272773; -0.139457 0.989956 0.0232106; -0.267064 -0.0601721 0.961798]), [-0.604161, 0.474303, 0.666844])
xj = TransformUtils.SE3(TransformUtils.SO3([0.8777 -0.183552 0.442663; 0.344074 0.88434 -0.315526; -0.333549 0.429246 0.839341]), [0.692746, -1.06308, -0.314728])
Dx = TransformUtils.SE3(TransformUtils.SO3([0.878014 -0.412986 0.24194; 0.472973 0.826147 -0.306231; -0.0734083 0.383306 0.9207]), [1.71319, -1.29697, -0.625997])
[SUCCESS]
[TEST] previous discovered issues
TransformUtils.convert(Euler, q) = TransformUtils.Euler(0.7853981633974484, 0.0, 1.5707963267948963, TransformUtils.Quaternion(1.0, [0.0, 0.0, 0.0]))
INFO: TransformUtils tests passed

>>> End of log
