>>> 'Pkg.add("TransformUtils")' log
INFO: Cloning cache of TransformUtils from git://github.com/dehann/TransformUtils.jl.git
INFO: Installing TransformUtils v0.0.6
INFO: Package database updated
INFO: METADATA is out-of-date — you may not have the latest version of TransformUtils
INFO: Use `Pkg.update()` to get the latest versions of your packages

>>> 'Pkg.test("TransformUtils")' log
Julia Version 0.4.7
Commit ae26b25 (2016-09-18 16:17 UTC)
Platform Info:
  System: Linux (x86_64-pc-linux-gnu)
  CPU: Intel(R) Xeon(R) CPU E3-1241 v3 @ 3.50GHz
  WORD_SIZE: 64
           Ubuntu 14.04.5 LTS
  uname: Linux 3.13.0-119-generic #166-Ubuntu SMP Wed May 3 12:18:55 UTC 2017 x86_64 x86_64
Memory: 2.9392738342285156 GB (460.30078125 MB free)
Uptime: 48636.0 sec
Load Avg:  0.95849609375  0.95703125  0.99169921875
Intel(R) Xeon(R) CPU E3-1241 v3 @ 3.50GHz: 
       speed         user         nice          sys         idle          irq
#1  3500 MHz    2264486 s       4703 s     178168 s    1956014 s         95 s
#2  3500 MHz    1519000 s       2402 s     156892 s    3018732 s          3 s

  BLAS: libopenblas (USE64BITINT DYNAMIC_ARCH NO_AFFINITY Nehalem)
  LAPACK: libopenblas64_
  LIBM: libopenlibm
  LLVM: libLLVM-3.3
Environment:
  TERM = vt100
  LD_LIBRARY_PATH = :/usr/local/lib/
  PATH = /usr/local/sbin:/usr/local/bin:/usr/sbin:/usr/bin:/sbin:/bin:/usr/games:/usr/local/games:/home/vagrant/julia/bin/
  JAVA_HOME = /usr/lib/jvm/java-7-oracle
  HOME = /home/vagrant

Package Directory: /home/vagrant/.julia/v0.4
2 required packages:
 - JSON                          0.9.1
 - TransformUtils                0.0.6
1 additional packages:
 - Compat                        0.25.2
INFO: Testing TransformUtils
WARNING: could not import Base.normalize into TransformUtils
WARNING: could not import Base.normalize! into TransformUtils
[TEST] constructors SO3, Quaternion, AngleAxis... [SUCCESS]
[TEST] comparison functions for SO3, Quaternion, AngleAxis... [SUCCESS]
[TEST] trivial case quaterion -> SO3 -> Euler -> quaternion... [SUCCESS]
[TEST] convert functions 
WARNING: Need better coverage on convert function tests
[TEST] compare SO3 and quaternion rotations... dAA = TransformUtils.AngleAxis(0.7853981633974483,[1.0,0.0,0.0])
dAA = TransformUtils.so3([0.0 0.024380847084559305 -0.01273622167860839
 -0.024380847084559305 0.0 -0.39942219460213696
 0.01273622167860839 0.39942219460213696 0.0])
dAA = TransformUtils.so3([0.0 -0.1414759691077739 -0.08179610624405217
 0.1414759691077739 0.0 -0.15236890923378832
 0.08179610624405217 0.15236890923378832 0.0])
dAA = TransformUtils.so3([0.0 -0.07643841381195232 -0.1419592435107814
 0.07643841381195232 0.0 0.09806088927963705
 0.1419592435107814 -0.09806088927963705 0.0])
dAA = TransformUtils.Quaternion(0.9937749000119953,[0.018103762680225365,-0.027206284326304328,0.10650596216232715])
dAA = TransformUtils.SO3([0.9716985330640328 -0.1882048690319448 0.14276164790964002
 0.18395081017160528 0.9820138832149033 0.04255387891129116
 -0.1482027674452051 -0.015088420919874359 0.9888418879051027])
[SUCCESS]
[TEST] basic SE3 mechanics... [SUCCESS]
[TEST] SE3 ⊕ and ⊖ mechanics... Compare operations on two different SE3 transforms
xi = TransformUtils.SE3(TransformUtils.SO3([0.8328164601405841 -0.543068499967617 0.10720703363972549
 0.5188074699945714 0.8333002358479465 0.19091758958668148
 -0.19301697541081425 -0.103379501249904 0.9757341471551471]),[-0.18967684864482257,0.06920906127871432,2.5932693809997702])
xj = TransformUtils.SE3(TransformUtils.SO3([0.9978454796156666 -0.06543871833048275 -0.004708816607596495
 0.06355057355056856 0.9818947708619902 -0.17844882615269128
 0.01630102487495836 0.17776510652302774 0.983937926645214]),[-0.5929532958591923,-1.3361817793550395,-0.902158632853071])
Dx = TransformUtils.SE3(TransformUtils.SO3([0.8608462778638162 0.42060421692102307 -0.28641888659141534
 -0.4906269317078219 0.835373582688714 -0.24786325106556373
 0.1350144428236528 0.35389697661053177 0.9254879956946729]),[-0.3903055866097789,-0.5907501789706241,-3.7221563754025273])
[SUCCESS]
[TEST] previous discovered issues
TransformUtils.convert(Euler,q) = TransformUtils.Euler(0.7853981633974484,0.0,1.5707963267948963,TransformUtils.Quaternion(1.0,[0.0,0.0,0.0]))
INFO: TransformUtils tests passed

>>> End of log
