>>> 'Pkg.add("TransformUtils")' log
INFO: Cloning cache of TransformUtils from git://github.com/dehann/TransformUtils.jl.git
INFO: Installing TransformUtils v0.0.6
INFO: Package database updated
INFO: METADATA is out-of-date — you may not have the latest version of TransformUtils
INFO: Use `Pkg.update()` to get the latest versions of your packages

>>> 'Pkg.test("TransformUtils")' log
Julia Version 0.4.7
Commit ae26b25 (2016-09-18 16:17 UTC)
Platform Info:
  System: Linux (x86_64-pc-linux-gnu)
  CPU: Intel(R) Xeon(R) CPU E3-1241 v3 @ 3.50GHz
  WORD_SIZE: 64
           Ubuntu 14.04.5 LTS
  uname: Linux 3.13.0-121-generic #170-Ubuntu SMP Wed Jun 14 09:04:33 UTC 2017 x86_64 x86_64
Memory: 2.9392738342285156 GB (461.76953125 MB free)
Uptime: 46773.0 sec
Load Avg:  1.0498046875  1.0244140625  0.9970703125
Intel(R) Xeon(R) CPU E3-1241 v3 @ 3.50GHz: 
       speed         user         nice          sys         idle          irq
#1  3499 MHz    2301251 s         21 s     177736 s    1716077 s        114 s
#2  3499 MHz    1558033 s       6237 s     151727 s    2806754 s          1 s

  BLAS: libopenblas (USE64BITINT DYNAMIC_ARCH NO_AFFINITY Nehalem)
  LAPACK: libopenblas64_
  LIBM: libopenlibm
  LLVM: libLLVM-3.3
Environment:
  TERM = vt100
  LD_LIBRARY_PATH = :/usr/local/lib/
  PATH = /usr/local/sbin:/usr/local/bin:/usr/sbin:/usr/bin:/sbin:/bin:/usr/games:/usr/local/games:/home/vagrant/julia/bin/
  JAVA_HOME = /usr/lib/jvm/java-8-openjdk-amd64
  HOME = /home/vagrant

Package Directory: /home/vagrant/.julia/v0.4
2 required packages:
 - JSON                          0.9.1
 - TransformUtils                0.0.6
1 additional packages:
 - Compat                        0.26.0
INFO: Testing TransformUtils
WARNING: could not import Base.normalize into TransformUtils
WARNING: could not import Base.normalize! into TransformUtils
[TEST] constructors SO3, Quaternion, AngleAxis... [SUCCESS]
[TEST] comparison functions for SO3, Quaternion, AngleAxis... [SUCCESS]
[TEST] trivial case quaterion -> SO3 -> Euler -> quaternion... [SUCCESS]
[TEST] convert functions 
WARNING: Need better coverage on convert function tests
[TEST] compare SO3 and quaternion rotations... dAA = TransformUtils.AngleAxis(0.7853981633974483,[1.0,0.0,0.0])
dAA = TransformUtils.so3([0.0 -0.04031918640588128 0.20982667013391187
 0.04031918640588128 0.0 0.08000419039319029
 -0.20982667013391187 -0.08000419039319029 0.0])
dAA = TransformUtils.so3([0.0 0.005561030363520934 -0.08289834127041691
 -0.005561030363520934 0.0 0.057807596460311375
 0.08289834127041691 -0.057807596460311375 0.0])
dAA = TransformUtils.so3([0.0 -0.06441986514771779 0.05323386272924609
 0.06441986514771779 0.0 -0.04500362025700044
 -0.05323386272924609 0.04500362025700044 0.0])
dAA = TransformUtils.Quaternion(0.9991198286651317,[-0.01573347946017835,0.038884763500800744,2.7563032062960123e-5])
dAA = TransformUtils.SO3([0.9717414182757392 0.09413093456820577 0.21646704868125174
 -0.05280056966053569 0.9804908017097428 -0.1893406654844891
 -0.23006676389904337 0.17256058333206473 0.9577536892276218])
[SUCCESS]
[TEST] basic SE3 mechanics... [SUCCESS]
[TEST] SE3 ⊕ and ⊖ mechanics... Compare operations on two different SE3 transforms
xi = TransformUtils.SE3(TransformUtils.SO3([0.9548122502630917 0.17053156361325322 0.2434184720992846
 -0.09618042505105694 0.9522314848434098 -0.2898353413749143
 -0.28121680708046104 0.2533262423921652 0.9256040850876451]),[-0.25431550125687696,-1.5208191935959767,-0.12938623320691797])
xj = TransformUtils.SE3(TransformUtils.SO3([0.9950602810247162 0.0021926530466249974 0.09924832189830719
 -0.02879805757637782 0.9631412892298992 0.2674500492809739
 -0.0950037315416637 -0.2689870800859864 0.9584467860762926]),[0.7017317893045779,-1.0689658358958554,1.1990947586566223])
Dx = TransformUtils.SE3(TransformUtils.SO3([0.9795822015358504 -0.014898078785183066 -0.2004912907901165
 0.11819983016134405 0.8493658902596618 0.5143990519171293
 0.16262690608877123 -0.5275941922651561 0.8337846590721562]),[0.495795034055621,0.9298443308401332,1.331403931572894])
[SUCCESS]
[TEST] previous discovered issues
TransformUtils.convert(Euler,q) = TransformUtils.Euler(0.7853981633974484,0.0,1.5707963267948963,TransformUtils.Quaternion(1.0,[0.0,0.0,0.0]))
INFO: TransformUtils tests passed

>>> End of log
