>>> 'Pkg.add("TransformUtils")' log
INFO: Installing TransformUtils v0.0.3
INFO: Package database updated
INFO: METADATA is out-of-date — you may not have the latest version of TransformUtils
INFO: Use `Pkg.update()` to get the latest versions of your packages

>>> 'Pkg.test("TransformUtils")' log
Julia Version 0.6.0-dev.1557
Commit 1f8006d (2016-12-13 22:41 UTC)
Platform Info:
  OS: Linux (x86_64-pc-linux-gnu)
  CPU: Intel(R) Xeon(R) CPU E3-1241 v3 @ 3.50GHz
  WORD_SIZE: 64
           Ubuntu 14.04.5 LTS
  uname: Linux 3.13.0-105-generic #152-Ubuntu SMP Fri Dec 2 15:37:11 UTC 2016 x86_64 x86_64
Memory: 2.9392738342285156 GB (356.40625 MB free)
Uptime: 26965.0 sec
Load Avg:  0.99609375  1.0009765625  1.029296875
Intel(R) Xeon(R) CPU E3-1241 v3 @ 3.50GHz: 
       speed         user         nice          sys         idle          irq
#1  3509 MHz    1517102 s        322 s     229301 s     670333 s         96 s
#2  3509 MHz     524696 s       6199 s     106423 s    1961046 s          2 s

  BLAS: libopenblas (USE64BITINT DYNAMIC_ARCH NO_AFFINITY Nehalem)
  LAPACK: libopenblas64_
  LIBM: libopenlibm
  LLVM: libLLVM-3.7.1 (ORCJIT, haswell)
Environment:
  TERM = vt100
  LD_LIBRARY_PATH = :/usr/local/lib/
  PATH = /usr/local/sbin:/usr/local/bin:/usr/sbin:/usr/bin:/sbin:/bin:/usr/games:/usr/local/games:/home/vagrant/julia/bin/
  JAVA_HOME = /usr/lib/jvm/java-7-oracle
  HOME = /home/vagrant

Package Directory: /home/vagrant/.julia/v0.6
2 required packages:
 - JSON                          0.8.0
 - TransformUtils                0.0.3
1 additional packages:
 - Compat                        0.9.5
INFO: Testing TransformUtils
WARNING: Method definition *(TransformUtils.SO3, TransformUtils.so3) in module TransformUtils at /home/vagrant/.julia/v0.6/TransformUtils/src/TransformUtils.jl:178 overwritten at /home/vagrant/.julia/v0.6/TransformUtils/src/TransformUtils.jl:205.
WARNING: Method definition *(TransformUtils.so3, TransformUtils.SO3) in module TransformUtils at /home/vagrant/.julia/v0.6/TransformUtils/src/TransformUtils.jl:181 overwritten at /home/vagrant/.julia/v0.6/TransformUtils/src/TransformUtils.jl:206.
[TEST] constructors SO3, Quaternion, AngleAxis... [SUCCESS]
[TEST] comparison functions for SO3, Quaternion, AngleAxis... [SUCCESS]
[TEST] trivial case quaterion -> SO3 -> Euler -> quaternion... [SUCCESS]
[TEST] convert functions 
WARNING: Need better coverage on convert function tests
[TEST] compare SO3 and quaternion rotations... dAA = TransformUtils.AngleAxis(0.7853981633974483,[1.0,0.0,0.0])
dAA = TransformUtils.so3([0.0 -0.00250966 -0.201576; 0.00250966 0.0 -0.12272; 0.201576 0.12272 0.0])
dAA = TransformUtils.so3([0.0 -0.0773208 -0.0537037; 0.0773208 0.0 -0.0273066; 0.0537037 0.0273066 0.0])
dAA = TransformUtils.so3([0.0 0.0709669 -0.159348; -0.0709669 0.0 -0.0195262; 0.159348 0.0195262 0.0])
dAA = TransformUtils.Quaternion(0.9955499659215806,[0.0192624,-0.0295589,0.0873813])
dAA = TransformUtils.SO3([0.990298 -0.137827 -0.0177094; 0.138301 0.98996 0.0291724; 0.0135109 -0.0313386 0.999418])
[SUCCESS]
[TEST] basic SE3 mechanics... [SUCCESS]
INFO: TransformUtils tests passed

>>> End of log
