>>> 'Pkg.add("TransformUtils")' log
INFO: Cloning cache of TransformUtils from git://github.com/dehann/TransformUtils.jl.git
INFO: Installing TransformUtils v0.0.5
INFO: Package database updated
INFO: METADATA is out-of-date — you may not have the latest version of TransformUtils
INFO: Use `Pkg.update()` to get the latest versions of your packages

>>> 'Pkg.test("TransformUtils")' log
Julia Version 0.4.7
Commit ae26b25 (2016-09-18 16:17 UTC)
Platform Info:
  System: Linux (x86_64-pc-linux-gnu)
  CPU: Intel(R) Xeon(R) CPU E3-1241 v3 @ 3.50GHz
  WORD_SIZE: 64
           Ubuntu 14.04.5 LTS
  uname: Linux 3.13.0-112-generic #159-Ubuntu SMP Fri Mar 3 15:26:07 UTC 2017 x86_64 x86_64
Memory: 2.9392738342285156 GB (445.25390625 MB free)
Uptime: 39247.0 sec
Load Avg:  1.33984375  1.04345703125  1.02392578125
Intel(R) Xeon(R) CPU E3-1241 v3 @ 3.50GHz: 
       speed         user         nice          sys         idle          irq
#1  3500 MHz    1887009 s         37 s     153256 s    1465603 s        223 s
#2  3500 MHz    1274417 s       5386 s     131877 s    2314623 s          7 s

  BLAS: libopenblas (USE64BITINT DYNAMIC_ARCH NO_AFFINITY Nehalem)
  LAPACK: libopenblas64_
  LIBM: libopenlibm
  LLVM: libLLVM-3.3
Environment:
  TERM = vt100
  LD_LIBRARY_PATH = :/usr/local/lib/
  PATH = /usr/local/sbin:/usr/local/bin:/usr/sbin:/usr/bin:/sbin:/bin:/usr/games:/usr/local/games:/home/vagrant/julia/bin/
  JAVA_HOME = /usr/lib/jvm/java-7-oracle
  HOME = /home/vagrant

Package Directory: /home/vagrant/.julia/v0.4
2 required packages:
 - JSON                          0.8.3
 - TransformUtils                0.0.5
1 additional packages:
 - Compat                        0.20.0
INFO: Testing TransformUtils
WARNING: could not import Base.normalize into TransformUtils
WARNING: could not import Base.normalize! into TransformUtils
[TEST] constructors SO3, Quaternion, AngleAxis... [SUCCESS]
[TEST] comparison functions for SO3, Quaternion, AngleAxis... [SUCCESS]
[TEST] trivial case quaterion -> SO3 -> Euler -> quaternion... [SUCCESS]
[TEST] convert functions 
WARNING: Need better coverage on convert function tests
[TEST] compare SO3 and quaternion rotations... dAA = TransformUtils.AngleAxis(0.7853981633974483,[1.0,0.0,0.0])
dAA = TransformUtils.so3([0.0 -0.01632075292607635 -0.0466194844256679
 0.01632075292607635 0.0 0.15927965170595054
 0.0466194844256679 -0.15927965170595054 0.0])
dAA = TransformUtils.so3([0.0 0.10006789192688814 0.05532815807424142
 -0.10006789192688814 0.0 0.09415618640086346
 -0.05532815807424142 -0.09415618640086346 0.0])
dAA = TransformUtils.so3([0.0 0.08591782293650771 -0.10689374947798001
 -0.08591782293650771 0.0 0.10636290544794028
 0.10689374947798001 -0.10636290544794028 0.0])
dAA = TransformUtils.Quaternion(0.9986883501374557,[-0.03179169144185883,-0.031850865899013245,0.024421097364272504])
dAA = TransformUtils.SO3([0.9980468822599465 0.052765555790214476 -0.0334397507967811
 -0.049549278801880016 0.9946508092196306 0.09063463294430182
 0.03804326197126926 -0.08880069729953996 0.9953226343139704])
[SUCCESS]
[TEST] basic SE3 mechanics... [SUCCESS]
[TEST] SE3 ⊕ and ⊖ mechanics... Compare operations on two different SE3 transforms
xi = TransformUtils.SE3(TransformUtils.SO3([0.9826724276584459 -0.046590575501669805 -0.17939960477737854
 0.11244587645377617 0.9192849660777529 0.37718838265774685
 0.14734593577156618 -0.3908253694655043 0.9085949074223086]),[1.5203900931658134,-1.1100807467837002,1.6306106515732872])
xj = TransformUtils.SE3(TransformUtils.SO3([0.913105921048589 0.3831147267231128 0.13950155237086967
 -0.40447096277107464 0.8942780163339309 0.19149430742685147
 -0.05138888227085537 -0.23127891315406207 0.9715293341475737]),[-0.3840780554763045,1.411850713991538,-0.5680191266854454])
Dx = TransformUtils.SE3(TransformUtils.SO3([0.8442309772907681 0.4429561460378005 0.3017679732344264
 -0.394282126746153 0.8946364669914397 -0.21015993066616007
 -0.363064266365068 0.058441805382906525 0.9299295101632065]),[-1.9118467076538765,3.2663842398448475,-0.7047597377919217])
[SUCCESS]
[TEST] previous discovered issues
TransformUtils.convert(Euler,q) = TransformUtils.Euler(0.7853981633974484,0.0,1.5707963267948963,TransformUtils.Quaternion(1.0,[0.0,0.0,0.0]))
INFO: TransformUtils tests passed

>>> End of log
