>>> 'Pkg.add("TransformUtils")' log
INFO: Installing TransformUtils v0.0.6
INFO: Package database updated
INFO: METADATA is out-of-date — you may not have the latest version of TransformUtils
INFO: Use `Pkg.update()` to get the latest versions of your packages

>>> 'Pkg.test("TransformUtils")' log
Julia Version 0.6.0
Commit 9036443 (2017-06-19 13:05 UTC)
Platform Info:
  OS: Linux (x86_64-pc-linux-gnu)
  CPU: Intel(R) Xeon(R) CPU E3-1241 v3 @ 3.50GHz
  WORD_SIZE: 64
           Ubuntu 14.04.5 LTS
  uname: Linux 3.13.0-121-generic #170-Ubuntu SMP Wed Jun 14 09:04:33 UTC 2017 x86_64 x86_64
Memory: 2.9392738342285156 GB (2372.8984375 MB free)
Uptime: 73558.0 sec
Load Avg:  1.03857421875  1.0693359375  1.046875
Intel(R) Xeon(R) CPU E3-1241 v3 @ 3.50GHz: 
       speed         user         nice          sys         idle          irq
#1  3499 MHz    4924406 s       6064 s     226577 s     977104 s         87 s
#2  3499 MHz     969382 s        138 s     110666 s    6123544 s          2 s

  BLAS: libopenblas (USE64BITINT DYNAMIC_ARCH NO_AFFINITY Nehalem)
  LAPACK: libopenblas64_
  LIBM: libopenlibm
  LLVM: libLLVM-3.9.1 (ORCJIT, haswell)
Environment:
  TERM = vt100
  LD_LIBRARY_PATH = :/usr/local/lib/
  PATH = /usr/local/sbin:/usr/local/bin:/usr/sbin:/usr/bin:/sbin:/bin:/usr/games:/usr/local/games:/home/vagrant/julia/bin/
  JAVA_HOME = /usr/lib/jvm/java-8-openjdk-amd64
  HOME = /home/vagrant

Package Directory: /home/vagrant/.julia/v0.6
2 required packages:
 - JSON                          0.12.0
 - TransformUtils                0.0.6
1 additional packages:
 - Compat                        0.26.0
INFO: Testing TransformUtils

WARNING: deprecated syntax "typealias FloatInt Union{Float64,Int}" at /home/vagrant/.julia/v0.6/TransformUtils/src/TransformUtils.jl:77.
Use "const FloatInt = Union{Float64,Int}" instead.

WARNING: deprecated syntax "typealias VectorFloatInt Union{Vector{Float64},Vector{Int}}" at /home/vagrant/.julia/v0.6/TransformUtils/src/TransformUtils.jl:78.
Use "const VectorFloatInt = Union{Vector{Float64},Vector{Int}}" instead.

WARNING: deprecated syntax "typealias AxisAngle AngleAxis" at /home/vagrant/.julia/v0.6/TransformUtils/src/TransformUtils.jl:97.
Use "const AxisAngle = AngleAxis" instead.

WARNING: deprecated syntax "typealias FloatInt Union{Float64,Int}" at /home/vagrant/.julia/v0.6/TransformUtils/src/TransformUtils.jl:77.
Use "const FloatInt = Union{Float64,Int}" instead.

WARNING: deprecated syntax "typealias VectorFloatInt Union{Vector{Float64},Vector{Int}}" at /home/vagrant/.julia/v0.6/TransformUtils/src/TransformUtils.jl:78.
Use "const VectorFloatInt = Union{Vector{Float64},Vector{Int}}" instead.

WARNING: deprecated syntax "typealias AxisAngle AngleAxis" at /home/vagrant/.julia/v0.6/TransformUtils/src/TransformUtils.jl:97.
Use "const AxisAngle = AngleAxis" instead.
WARNING: Method definition *(TransformUtils.SO3, TransformUtils.so3) in module TransformUtils at /home/vagrant/.julia/v0.6/TransformUtils/src/TransformUtils.jl:202 overwritten at /home/vagrant/.julia/v0.6/TransformUtils/src/TransformUtils.jl:229.
WARNING: Method definition *(TransformUtils.so3, TransformUtils.SO3) in module TransformUtils at /home/vagrant/.julia/v0.6/TransformUtils/src/TransformUtils.jl:205 overwritten at /home/vagrant/.julia/v0.6/TransformUtils/src/TransformUtils.jl:230.
WARNING: Method definition compare(TransformUtils.SE3, TransformUtils.SE3) in module TransformUtils at /home/vagrant/.julia/v0.6/TransformUtils/src/TransformUtils.jl:259 overwritten at /home/vagrant/.julia/v0.6/TransformUtils/src/TransformUtils.jl:272.
WARNING: Method definition #compare(Array{Any, 1}, typeof(TransformUtils.compare), TransformUtils.SE3, TransformUtils.SE3) in module TransformUtils overwritten.
WARNING: Method definition *(TransformUtils.SO3, TransformUtils.so3) in module TransformUtils at /home/vagrant/.julia/v0.6/TransformUtils/src/TransformUtils.jl:229 overwritten at /home/vagrant/.julia/v0.6/TransformUtils/src/TransformUtils.jl:202.
WARNING: Method definition *(TransformUtils.so3, TransformUtils.SO3) in module TransformUtils at /home/vagrant/.julia/v0.6/TransformUtils/src/TransformUtils.jl:230 overwritten at /home/vagrant/.julia/v0.6/TransformUtils/src/TransformUtils.jl:205.
[TEST] constructors SO3, Quaternion, AngleAxis... [SUCCESS]
[TEST] comparison functions for SO3, Quaternion, AngleAxis... [SUCCESS]
[TEST] trivial case quaterion -> SO3 -> Euler -> quaternion... [SUCCESS]
[TEST] convert functions 
WARNING: Need better coverage on convert function tests
[TEST] compare SO3 and quaternion rotations... dAA = TransformUtils.AngleAxis(0.7853981633974483, [1.0, 0.0, 0.0])
dAA = TransformUtils.so3([0.0 -0.0758822 0.145195; 0.0758822 0.0 -0.132589; -0.145195 0.132589 0.0])
dAA = TransformUtils.so3([0.0 0.169408 -0.0193138; -0.169408 0.0 -0.0328084; 0.0193138 0.0328084 0.0])
dAA = TransformUtils.so3([0.0 -0.0594262 0.220846; 0.0594262 0.0 0.0692473; -0.220846 -0.0692473 0.0])
dAA = TransformUtils.Quaternion(0.9995023251408233, [0.0149443, 0.0156549, -0.0229499])
dAA = TransformUtils.SO3([0.984399 -0.0202468 0.174783; -0.00424759 0.990333 0.138643; -0.1759 -0.137222 0.974797])
[SUCCESS]
[TEST] basic SE3 mechanics... [SUCCESS]
[TEST] SE3 ⊕ and ⊖ mechanics... Compare operations on two different SE3 transforms
xi = TransformUtils.SE3(TransformUtils.SO3([0.960992 -0.27135 0.0535063; 0.267138 0.860566 -0.433663; 0.0716286 0.43104 0.899485]), [-0.283212, -1.33533, 0.168924])
xj = TransformUtils.SE3(TransformUtils.SO3([0.779683 -0.625383 0.0314733; 0.622305 0.779465 0.0719045; -0.0695002 -0.0364767 0.996915]), [1.84013, 0.410171, -0.769047])
Dx = TransformUtils.SE3(TransformUtils.SO3([0.910533 -0.395376 0.120862; 0.294011 0.824755 0.483049; -0.290667 -0.404297 0.867212]), [2.43962, 0.521647, -1.48704])
[SUCCESS]
[TEST] previous discovered issues
TransformUtils.convert(Euler, q) = TransformUtils.Euler(0.7853981633974484, 0.0, 1.5707963267948963, TransformUtils.Quaternion(1.0, [0.0, 0.0, 0.0]))
INFO: TransformUtils tests passed

>>> End of log
