>>> 'Pkg.add("TransformUtils")' log
INFO: Installing TransformUtils v0.0.5
INFO: Package database updated
INFO: METADATA is out-of-date — you may not have the latest version of TransformUtils
INFO: Use `Pkg.update()` to get the latest versions of your packages

>>> 'Pkg.test("TransformUtils")' log
Julia Version 0.6.0-pre.alpha.136
Commit 6eeabd8 (2017-03-13 00:18 UTC)
Platform Info:
  OS: Linux (x86_64-pc-linux-gnu)
  CPU: Intel(R) Xeon(R) CPU E3-1241 v3 @ 3.50GHz
  WORD_SIZE: 64
           Ubuntu 14.04.5 LTS
  uname: Linux 3.13.0-112-generic #159-Ubuntu SMP Fri Mar 3 15:26:07 UTC 2017 x86_64 x86_64
Memory: 2.9392738342285156 GB (687.5859375 MB free)
Uptime: 35922.0 sec
Load Avg:  0.9560546875  1.033203125  1.0185546875
Intel(R) Xeon(R) CPU E3-1241 v3 @ 3.50GHz: 
       speed         user         nice          sys         idle          irq
#1  3500 MHz    2042133 s         69 s     169922 s     958814 s        149 s
#2  3500 MHz     699750 s       6177 s      88164 s    2668157 s          3 s

  BLAS: libopenblas (USE64BITINT DYNAMIC_ARCH NO_AFFINITY Nehalem)
  LAPACK: libopenblas64_
  LIBM: libopenlibm
  LLVM: libLLVM-3.9.1 (ORCJIT, haswell)
Environment:
  TERM = vt100
  LD_LIBRARY_PATH = :/usr/local/lib/
  PATH = /usr/local/sbin:/usr/local/bin:/usr/sbin:/usr/bin:/sbin:/bin:/usr/games:/usr/local/games:/home/vagrant/julia/bin/
  JAVA_HOME = /usr/lib/jvm/java-7-oracle
  HOME = /home/vagrant

Package Directory: /home/vagrant/.julia/v0.6
2 required packages:
 - JSON                          0.8.3
 - TransformUtils                0.0.5
1 additional packages:
 - Compat                        0.20.0
INFO: Testing TransformUtils

WARNING: deprecated syntax "typealias FloatInt Union{Float64,Int}" at /home/vagrant/.julia/v0.6/TransformUtils/src/TransformUtils.jl:77.
Use "const FloatInt = Union{Float64,Int}" instead.

WARNING: deprecated syntax "typealias VectorFloatInt Union{Vector{Float64},Vector{Int}}" at /home/vagrant/.julia/v0.6/TransformUtils/src/TransformUtils.jl:78.
Use "const VectorFloatInt = Union{Vector{Float64},Vector{Int}}" instead.

WARNING: deprecated syntax "typealias AxisAngle AngleAxis" at /home/vagrant/.julia/v0.6/TransformUtils/src/TransformUtils.jl:97.
Use "const AxisAngle = AngleAxis" instead.

WARNING: deprecated syntax "typealias FloatInt Union{Float64,Int}" at /home/vagrant/.julia/v0.6/TransformUtils/src/TransformUtils.jl:77.
Use "const FloatInt = Union{Float64,Int}" instead.

WARNING: deprecated syntax "typealias VectorFloatInt Union{Vector{Float64},Vector{Int}}" at /home/vagrant/.julia/v0.6/TransformUtils/src/TransformUtils.jl:78.
Use "const VectorFloatInt = Union{Vector{Float64},Vector{Int}}" instead.

WARNING: deprecated syntax "typealias AxisAngle AngleAxis" at /home/vagrant/.julia/v0.6/TransformUtils/src/TransformUtils.jl:97.
Use "const AxisAngle = AngleAxis" instead.
WARNING: Method definition *(TransformUtils.SO3, TransformUtils.so3) in module TransformUtils at /home/vagrant/.julia/v0.6/TransformUtils/src/TransformUtils.jl:202 overwritten at /home/vagrant/.julia/v0.6/TransformUtils/src/TransformUtils.jl:229.
WARNING: Method definition *(TransformUtils.so3, TransformUtils.SO3) in module TransformUtils at /home/vagrant/.julia/v0.6/TransformUtils/src/TransformUtils.jl:205 overwritten at /home/vagrant/.julia/v0.6/TransformUtils/src/TransformUtils.jl:230.
WARNING: Method definition compare(TransformUtils.SE3, TransformUtils.SE3) in module TransformUtils at /home/vagrant/.julia/v0.6/TransformUtils/src/TransformUtils.jl:259 overwritten at /home/vagrant/.julia/v0.6/TransformUtils/src/TransformUtils.jl:272.
WARNING: Method definition #compare(Array{Any, 1}, TransformUtils.#compare, TransformUtils.SE3, TransformUtils.SE3) in module TransformUtils overwritten.
WARNING: Method definition *(TransformUtils.SO3, TransformUtils.so3) in module TransformUtils at /home/vagrant/.julia/v0.6/TransformUtils/src/TransformUtils.jl:229 overwritten at /home/vagrant/.julia/v0.6/TransformUtils/src/TransformUtils.jl:202.
WARNING: Method definition *(TransformUtils.so3, TransformUtils.SO3) in module TransformUtils at /home/vagrant/.julia/v0.6/TransformUtils/src/TransformUtils.jl:230 overwritten at /home/vagrant/.julia/v0.6/TransformUtils/src/TransformUtils.jl:205.
[TEST] constructors SO3, Quaternion, AngleAxis... [SUCCESS]
[TEST] comparison functions for SO3, Quaternion, AngleAxis... [SUCCESS]
[TEST] trivial case quaterion -> SO3 -> Euler -> quaternion... [SUCCESS]
[TEST] convert functions 
WARNING: Need better coverage on convert function tests
[TEST] compare SO3 and quaternion rotations... dAA = TransformUtils.AngleAxis(0.7853981633974483, [1.0, 0.0, 0.0])
dAA = TransformUtils.so3([0.0 -0.00299083 -0.00500292; 0.00299083 0.0 -0.0779832; 0.00500292 0.0779832 0.0])
dAA = TransformUtils.so3([0.0 0.0251317 0.0597801; -0.0251317 0.0 -0.196158; -0.0597801 0.196158 0.0])
dAA = TransformUtils.so3([0.0 -0.201222 -0.0641363; 0.201222 0.0 -0.0294873; 0.0641363 0.0294873 0.0])
dAA = TransformUtils.Quaternion(0.9983507656104238, [0.0540539, 0.0141741, -0.0131535])
dAA = TransformUtils.SO3([0.990398 0.138125 0.0057761; -0.138231 0.990049 0.0263859; -0.00207406 -0.026931 0.999635])
[SUCCESS]
[TEST] basic SE3 mechanics... [SUCCESS]
[TEST] SE3 ⊕ and ⊖ mechanics... Compare operations on two different SE3 transforms
xi = TransformUtils.SE3(TransformUtils.SO3([0.984132 0.0836687 0.156475; -0.0566586 0.98386 -0.169732; -0.168151 0.158173 0.972989]), [0.934608, 0.749287, -0.709498])
xj = TransformUtils.SE3(TransformUtils.SO3([0.836738 -0.245823 -0.489327; 0.157657 0.963886 -0.214636; 0.524418 0.102448 0.845275]), [1.52782, 1.19357, -0.416523])
Dx = TransformUtils.SE3(TransformUtils.SO3([0.726346 -0.313761 -0.611535; 0.30807 0.943966 -0.118414; 0.614421 -0.102386 0.782306]), [0.509365, 0.533086, 0.302476])
[SUCCESS]
[TEST] previous discovered issues
TransformUtils.convert(Euler, q) = TransformUtils.Euler(0.7853981633974484, 0.0, 1.5707963267948963, TransformUtils.Quaternion(1.0, [0.0, 0.0, 0.0]))
INFO: TransformUtils tests passed

>>> End of log
