>>> 'Pkg.add("TransformUtils")' log
INFO: Cloning cache of TransformUtils from git://github.com/dehann/TransformUtils.jl.git
INFO: Installing TransformUtils v0.0.6
INFO: Package database updated
INFO: METADATA is out-of-date — you may not have the latest version of TransformUtils
INFO: Use `Pkg.update()` to get the latest versions of your packages

>>> 'Pkg.test("TransformUtils")' log
Julia Version 0.4.7
Commit ae26b25 (2016-09-18 16:17 UTC)
Platform Info:
  System: Linux (x86_64-pc-linux-gnu)
  CPU: Intel(R) Xeon(R) CPU E3-1241 v3 @ 3.50GHz
  WORD_SIZE: 64
           Ubuntu 14.04.5 LTS
  uname: Linux 3.13.0-119-generic #166-Ubuntu SMP Wed May 3 12:18:55 UTC 2017 x86_64 x86_64
Memory: 2.9392738342285156 GB (455.73828125 MB free)
Uptime: 46005.0 sec
Load Avg:  1.14990234375  1.04931640625  0.98779296875
Intel(R) Xeon(R) CPU E3-1241 v3 @ 3.50GHz: 
       speed         user         nice          sys         idle          irq
#1  3500 MHz    2328698 s       5472 s     163905 s    1627954 s        129 s
#2  3500 MHz    1466270 s       1893 s     138130 s    2796100 s          0 s

  BLAS: libopenblas (USE64BITINT DYNAMIC_ARCH NO_AFFINITY Nehalem)
  LAPACK: libopenblas64_
  LIBM: libopenlibm
  LLVM: libLLVM-3.3
Environment:
  TERM = vt100
  LD_LIBRARY_PATH = :/usr/local/lib/
  PATH = /usr/local/sbin:/usr/local/bin:/usr/sbin:/usr/bin:/sbin:/bin:/usr/games:/usr/local/games:/home/vagrant/julia/bin/
  JAVA_HOME = /usr/lib/jvm/java-7-oracle
  HOME = /home/vagrant

Package Directory: /home/vagrant/.julia/v0.4
2 required packages:
 - JSON                          0.9.1
 - TransformUtils                0.0.6
1 additional packages:
 - Compat                        0.26.0
INFO: Testing TransformUtils
WARNING: could not import Base.normalize into TransformUtils
WARNING: could not import Base.normalize! into TransformUtils
[TEST] constructors SO3, Quaternion, AngleAxis... [SUCCESS]
[TEST] comparison functions for SO3, Quaternion, AngleAxis... [SUCCESS]
[TEST] trivial case quaterion -> SO3 -> Euler -> quaternion... [SUCCESS]
[TEST] convert functions 
WARNING: Need better coverage on convert function tests
[TEST] compare SO3 and quaternion rotations... dAA = TransformUtils.AngleAxis(0.7853981633974483,[1.0,0.0,0.0])
dAA = TransformUtils.so3([0.0 0.11098800087339888 0.013227373340689292
 -0.11098800087339888 0.0 -0.0019270571408355128
 -0.013227373340689292 0.0019270571408355128 0.0])
dAA = TransformUtils.so3([0.0 -0.14127759510911633 0.08138607962446479
 0.14127759510911633 0.0 0.12601281991899538
 -0.08138607962446479 -0.12601281991899538 0.0])
dAA = TransformUtils.so3([0.0 0.061587415736291375 0.06360045778304856
 -0.061587415736291375 0.0 -0.10447859087011294
 -0.06360045778304856 0.10447859087011294 0.0])
dAA = TransformUtils.Quaternion(0.9984195804137032,[0.03146151497841901,-0.008095778539088185,-0.0458581823847555])
dAA = TransformUtils.SO3([0.9970399455018115 -0.07552120047382775 0.01441857665433342
 0.07597385565664853 0.9965311237177834 -0.033966052441146054
 -0.01180340334004154 0.03496094593634257 0.9993189740662531])
[SUCCESS]
[TEST] basic SE3 mechanics... [SUCCESS]
[TEST] SE3 ⊕ and ⊖ mechanics... Compare operations on two different SE3 transforms
xi = TransformUtils.SE3(TransformUtils.SO3([0.8976307797339098 -0.18025458734562788 -0.4022030171631615
 0.22741552867316434 0.9711084374913271 0.07232274850597374
 0.3775462363639693 -0.1563863369160189 0.9126895162284879]),[-1.902719376699346,0.4042712481298336,2.034901169207023])
xj = TransformUtils.SE3(TransformUtils.SO3([0.9594665536278661 0.028702612769631812 0.28035708032732415
 0.029665501813359547 0.9789873145382018 -0.2017518177748135
 -0.2802568294825778 0.20189105476339603 0.9384541073142025]),[-1.3790261622692652,0.08817635685990503,-0.6936017063938735])
Dx = TransformUtils.SE3(TransformUtils.SO3([0.7621831952533826 0.32462447426230384 0.5600854645348929
 -0.10031148962427738 0.9139560612139334 -0.39321994255082154
 -0.6395423222295008 0.24352262498633628 0.7291655156389814]),[-0.6319377299901919,0.025340049757117122,-2.7237678117972117])
[SUCCESS]
[TEST] previous discovered issues
TransformUtils.convert(Euler,q) = TransformUtils.Euler(0.7853981633974484,0.0,1.5707963267948963,TransformUtils.Quaternion(1.0,[0.0,0.0,0.0]))
INFO: TransformUtils tests passed

>>> End of log
