>>> 'Pkg.add("TransformUtils")' log
INFO: Installing TranscodingStreams v0.5.2
INFO: Installing TransformUtils v0.1.0
INFO: Package database updated

>>> 'Pkg.test("TransformUtils")' log
Julia Version 0.6.2
Commit d386e40c17 (2017-12-13 18:08 UTC)
Platform Info:
  OS: Linux (x86_64-pc-linux-gnu)
  CPU: Intel(R) Xeon(R) CPU E3-1241 v3 @ 3.50GHz
  WORD_SIZE: 64
           Ubuntu 14.04.5 LTS
  uname: Linux 3.13.0-143-generic #192-Ubuntu SMP Tue Feb 27 10:45:36 UTC 2018 x86_64 x86_64
Memory: 2.939197540283203 GB (2328.7421875 MB free)
Uptime: 90929.0 sec
Load Avg:  1.0302734375  1.0068359375  0.96728515625
Intel(R) Xeon(R) CPU E3-1241 v3 @ 3.50GHz: 
       speed         user         nice          sys         idle          irq
#1  3492 MHz    5467147 s       7332 s     371314 s    2015573 s         86 s
#2  3492 MHz    1529046 s         43 s     150689 s    7181823 s          3 s

  BLAS: libopenblas (USE64BITINT DYNAMIC_ARCH NO_AFFINITY Nehalem)
  LAPACK: libopenblas64_
  LIBM: libopenlibm
  LLVM: libLLVM-3.9.1 (ORCJIT, haswell)
Environment:
  TERM = vt100
  LD_LIBRARY_PATH = :/usr/local/lib/
  PATH = /usr/local/sbin:/usr/local/bin:/usr/sbin:/usr/bin:/sbin:/bin:/usr/games:/usr/local/games:/home/vagrant/julia/bin/
  JAVA_HOME = /usr/lib/jvm/java-8-openjdk-amd64
  HOME = /home/vagrant

Package Directory: /home/vagrant/.julia/v0.6
6 required packages:
 - Conda                         0.7.1
 - JSON                          0.17.2
 - PyCall                        1.16.1
 - PyPlot                        2.5.0
 - RDatasets                     0.4.0
 - TransformUtils                0.1.0
29 additional packages:
 - BinDeps                       0.8.8
 - BinaryProvider                0.3.0
 - CSV                           0.2.4
 - CategoricalArrays             0.3.9
 - CodecZlib                     0.4.3
 - ColorTypes                    0.6.7
 - Colors                        0.8.2
 - Compat                        0.64.0
 - DataFrames                    0.11.6
 - DataStreams                   0.3.4
 - DataStructures                0.8.1
 - FileIO                        0.7.0
 - FixedPointNumbers             0.4.6
 - LaTeXStrings                  0.3.0
 - MacroTools                    0.4.0
 - Missings                      0.2.9
 - Mocking                       0.5.2
 - NamedTuples                   4.0.1
 - Nullables                     0.0.5
 - RData                         0.4.0
 - Reexport                      0.1.0
 - SHA                           0.5.7
 - SortingAlgorithms             0.2.1
 - StatsBase                     0.22.0
 - TimeZones                     0.6.5
 - TranscodingStreams            0.5.2
 - URIParser                     0.3.1
 - VersionParsing                1.1.0
 - WeakRefStrings                0.4.6
INFO: Testing TransformUtils
[TEST] constructors SO3, Quaternion, AngleAxis... [SUCCESS]
[TEST] comparison functions for SO3, Quaternion, AngleAxis... [SUCCESS]
[TEST] trivial case quaterion -> SO3 -> Euler -> quaternion... [SUCCESS]
[TEST] convert functions 
WARNING: Need better coverage on convert function tests
[TEST] compare SO3 and quaternion rotations... dAA = TransformUtils.AngleAxis(0.7853981633974483, [1.0, 0.0, 0.0])
dAA = TransformUtils.so3([0.0 0.0119315 -0.146617; -0.0119315 0.0 0.134312; 0.146617 -0.134312 0.0])
dAA = TransformUtils.so3([0.0 0.111556 0.208932; -0.111556 0.0 -0.0591692; -0.208932 0.0591692 0.0])
dAA = TransformUtils.so3([0.0 0.00438081 0.13076; -0.00438081 0.0 -0.0574594; -0.13076 0.0574594 0.0])
dAA = TransformUtils.Quaternion(0.9990172050989937, [-0.000887623, 0.01221, -0.0425999])
dAA = TransformUtils.SO3([0.995597 0.0468269 0.0811981; -0.0407265 0.996335 -0.0752247; -0.084423 0.0715866 0.993855])
[SUCCESS]
[TEST] basic SE3 mechanics... [SUCCESS]
[TEST] SE3 ⊕ and ⊖ mechanics... Compare operations on two different SE3 transforms
xi = TransformUtils.SE3(TransformUtils.SO3([0.98878 -0.0251997 -0.147239; 0.0192294 0.99894 -0.0418318; 0.148137 0.0385311 0.988216]), [0.100871, 0.774811, -0.748695])
xj = TransformUtils.SE3(TransformUtils.SO3([0.907283 0.338439 -0.249593; -0.360791 0.931381 -0.048576; 0.216026 0.134123 0.967132]), [-0.246058, -0.016289, 0.551122])
Dx = TransformUtils.SE3(TransformUtils.SO3([0.922167 0.37242 -0.104459; -0.374948 0.927033 -0.0049701; 0.0949858 0.0437499 0.994517]), [-0.165699, -0.731436, 1.36867])
[SUCCESS]
[TEST] previous discovered issues
TransformUtils.convert(Euler, q) = TransformUtils.Euler(0.7853981633974484, 0.0, 1.5707963267948963, TransformUtils.Quaternion(1.0, [0.0, 0.0, 0.0]))
INFO: TransformUtils tests passed

>>> End of log
