>>> 'Pkg.add("TransformUtils")' log
INFO: Cloning cache of TransformUtils from https://github.com/dehann/TransformUtils.jl.git
INFO: Installing TransformUtils v0.0.2
INFO: Package database updated
INFO: METADATA is out-of-date — you may not have the latest version of TransformUtils
INFO: Use `Pkg.update()` to get the latest versions of your packages

>>> 'Pkg.test("TransformUtils")' log
Julia Version 0.5.0-rc4+0
Commit 9c76c3e (2016-09-09 01:43 UTC)
Platform Info:
  System: Linux (x86_64-pc-linux-gnu)
  CPU: Intel(R) Xeon(R) CPU E3-1241 v3 @ 3.50GHz
  WORD_SIZE: 64
           Ubuntu 14.04.5 LTS
  uname: Linux 3.13.0-95-generic #142-Ubuntu SMP Fri Aug 12 17:00:09 UTC 2016 x86_64 x86_64
Memory: 2.4471054077148438 GB (390.78125 MB free)
Uptime: 25463.0 sec
Load Avg:  1.0478515625  1.0302734375  1.0439453125
Intel(R) Xeon(R) CPU E3-1241 v3 @ 3.50GHz: 
       speed         user         nice          sys         idle          irq
#1  3499 MHz    1400581 s        185 s     146406 s     637853 s         69 s
#2  3499 MHz     393712 s       5859 s      67676 s    1996732 s          3 s

  BLAS: libopenblas (USE64BITINT DYNAMIC_ARCH NO_AFFINITY Nehalem)
  LAPACK: libopenblas64_
  LIBM: libopenlibm
  LLVM: libLLVM-3.7.1 (ORCJIT, haswell)
Environment:
  TERM = vt100
  LD_LIBRARY_PATH = :/usr/local/lib/
  PATH = /usr/local/sbin:/usr/local/bin:/usr/sbin:/usr/bin:/sbin:/bin:/usr/games:/usr/local/games:/home/vagrant/julia/bin/
  JAVA_HOME = /usr/lib/jvm/java-7-oracle
  HOME = /home/vagrant

Package Directory: /home/vagrant/.julia/v0.5
2 required packages:
 - JSON                          0.7.0
 - TransformUtils                0.0.2
1 additional packages:
 - Compat                        0.9.1
INFO: Testing TransformUtils
WARNING: Method definition *(TransformUtils.SO3, TransformUtils.so3) in module TransformUtils at /home/vagrant/.julia/v0.5/TransformUtils/src/TransformUtils.jl:176 overwritten at /home/vagrant/.julia/v0.5/TransformUtils/src/TransformUtils.jl:203.
WARNING: Method definition *(TransformUtils.so3, TransformUtils.SO3) in module TransformUtils at /home/vagrant/.julia/v0.5/TransformUtils/src/TransformUtils.jl:179 overwritten at /home/vagrant/.julia/v0.5/TransformUtils/src/TransformUtils.jl:204.
[TEST] constructors SO3, Quaternion, AngleAxis... [SUCCESS]
[TEST] comparison functions for SO3, Quaternion, AngleAxis... [SUCCESS]
[TEST] trivial case quaterion -> SO3 -> Euler -> quaternion... [SUCCESS]
[TEST] convert functions 
WARNING: Need better coverage on convert function tests
[TEST] compare SO3 and quaternion rotations... dAA = TransformUtils.AngleAxis(0.7853981633974483,[1.0,0.0,0.0])
dAA = TransformUtils.so3([0.0 0.121061 -0.0201858; -0.121061 0.0 0.132454; 0.0201858 -0.132454 0.0])
dAA = TransformUtils.so3([0.0 -0.104492 -0.102643; 0.104492 0.0 0.0443994; 0.102643 -0.0443994 0.0])
dAA = TransformUtils.so3([0.0 -0.0564824 -0.147778; 0.0564824 0.0 -0.282438; 0.147778 0.282438 0.0])
dAA = TransformUtils.Quaternion(0.9977682709497057,[0.0631049,-0.0176894,0.0127802])
dAA = TransformUtils.SO3([0.965408 -0.0972379 0.241934; 0.107152 0.993845 -0.0281321; -0.237709 0.0530826 0.969885])
[SUCCESS]
[TEST] basic SE3 mechanics... [SUCCESS]
INFO: TransformUtils tests passed

>>> End of log
