>>> 'Pkg.add("TransformUtils")' log
INFO: Installing TranscodingStreams v0.5.2
INFO: Installing TransformUtils v0.1.0
INFO: Package database updated
INFO: METADATA is out-of-date — you may not have the latest version of TransformUtils
INFO: Use `Pkg.update()` to get the latest versions of your packages

>>> 'Pkg.test("TransformUtils")' log
Julia Version 0.6.2
Commit d386e40c17 (2017-12-13 18:08 UTC)
Platform Info:
  OS: Linux (x86_64-pc-linux-gnu)
  CPU: Intel(R) Xeon(R) CPU E3-1241 v3 @ 3.50GHz
  WORD_SIZE: 64
           Ubuntu 14.04.5 LTS
  uname: Linux 3.13.0-143-generic #192-Ubuntu SMP Tue Feb 27 10:45:36 UTC 2018 x86_64 x86_64
Memory: 2.939197540283203 GB (2305.32421875 MB free)
Uptime: 88770.0 sec
Load Avg:  1.00439453125  1.02490234375  0.98193359375
Intel(R) Xeon(R) CPU E3-1241 v3 @ 3.50GHz: 
       speed         user         nice          sys         idle          irq
#1  3500 MHz    5438504 s       7209 s     336418 s    1861224 s         72 s
#2  3500 MHz    1459387 s        104 s     141641 s    7113486 s          2 s

  BLAS: libopenblas (USE64BITINT DYNAMIC_ARCH NO_AFFINITY Nehalem)
  LAPACK: libopenblas64_
  LIBM: libopenlibm
  LLVM: libLLVM-3.9.1 (ORCJIT, haswell)
Environment:
  TERM = vt100
  LD_LIBRARY_PATH = :/usr/local/lib/
  PATH = /usr/local/sbin:/usr/local/bin:/usr/sbin:/usr/bin:/sbin:/bin:/usr/games:/usr/local/games:/home/vagrant/julia/bin/
  JAVA_HOME = /usr/lib/jvm/java-8-openjdk-amd64
  HOME = /home/vagrant

Package Directory: /home/vagrant/.julia/v0.6
6 required packages:
 - Conda                         0.7.1
 - JSON                          0.17.2
 - PyCall                        1.15.0
 - PyPlot                        2.5.0
 - RDatasets                     0.4.0
 - TransformUtils                0.1.0
28 additional packages:
 - BinDeps                       0.8.8
 - BinaryProvider                0.3.0
 - CSV                           0.2.4
 - CategoricalArrays             0.3.9
 - CodecZlib                     0.4.3
 - ColorTypes                    0.6.7
 - Colors                        0.8.2
 - Compat                        0.63.0
 - DataFrames                    0.11.6
 - DataStreams                   0.3.4
 - DataStructures                0.8.1
 - FileIO                        0.7.0
 - FixedPointNumbers             0.4.6
 - LaTeXStrings                  0.3.0
 - MacroTools                    0.4.0
 - Missings                      0.2.9
 - Mocking                       0.5.2
 - NamedTuples                   4.0.0
 - Nullables                     0.0.5
 - RData                         0.4.0
 - Reexport                      0.1.0
 - SHA                           0.5.7
 - SortingAlgorithms             0.2.1
 - StatsBase                     0.21.0
 - TimeZones                     0.6.5
 - TranscodingStreams            0.5.2
 - URIParser                     0.3.1
 - WeakRefStrings                0.4.4
INFO: Testing TransformUtils
[TEST] constructors SO3, Quaternion, AngleAxis... [SUCCESS]
[TEST] comparison functions for SO3, Quaternion, AngleAxis... [SUCCESS]
[TEST] trivial case quaterion -> SO3 -> Euler -> quaternion... [SUCCESS]
[TEST] convert functions 
WARNING: Need better coverage on convert function tests
[TEST] compare SO3 and quaternion rotations... dAA = TransformUtils.AngleAxis(0.7853981633974483, [1.0, 0.0, 0.0])
dAA = TransformUtils.so3([0.0 0.226583 -0.0551776; -0.226583 0.0 0.182187; 0.0551776 -0.182187 0.0])
dAA = TransformUtils.so3([0.0 0.0241807 -0.0108281; -0.0241807 0.0 -0.0327559; 0.0108281 0.0327559 0.0])
dAA = TransformUtils.so3([0.0 0.0903842 0.0165214; -0.0903842 0.0 -0.00582033; -0.0165214 0.00582033 0.0])
dAA = TransformUtils.Quaternion(0.9919346432665742, [-0.00615966, -0.124437, -0.0233039])
dAA = TransformUtils.SO3([0.994728 -0.0946723 0.0394094; 0.0902953 0.990781 0.100997; -0.0486077 -0.0969058 0.994106])
[SUCCESS]
[TEST] basic SE3 mechanics... [SUCCESS]
[TEST] SE3 ⊕ and ⊖ mechanics... Compare operations on two different SE3 transforms
xi = TransformUtils.SE3(TransformUtils.SO3([0.881504 -0.457064 0.118504; 0.439783 0.886107 0.146307; -0.171879 -0.0768543 0.982116]), [-0.58974, -1.19414, 1.65106])
xj = TransformUtils.SE3(TransformUtils.SO3([0.911005 -0.361459 -0.198537; 0.383447 0.919625 0.0852015; 0.151782 -0.153747 0.976383]), [0.0477319, -0.0320329, -1.17047])
Dx = TransformUtils.SE3(TransformUtils.SO3([0.9456 0.112233 -0.30536; -0.0882784 0.991912 0.0912026; 0.313126 -0.0592844 0.947859]), [1.55797, 0.955231, -2.5255])
[SUCCESS]
[TEST] previous discovered issues
TransformUtils.convert(Euler, q) = TransformUtils.Euler(0.7853981633974484, 0.0, 1.5707963267948963, TransformUtils.Quaternion(1.0, [0.0, 0.0, 0.0]))
INFO: TransformUtils tests passed

>>> End of log
