>>> 'Pkg.add("TransformUtils")' log
INFO: Cloning cache of TransformUtils from git://github.com/dehann/TransformUtils.jl.git
INFO: Installing TransformUtils v0.0.5
INFO: Package database updated
INFO: METADATA is out-of-date — you may not have the latest version of TransformUtils
INFO: Use `Pkg.update()` to get the latest versions of your packages

>>> 'Pkg.test("TransformUtils")' log
Julia Version 0.4.7
Commit ae26b25 (2016-09-18 16:17 UTC)
Platform Info:
  System: Linux (x86_64-pc-linux-gnu)
  CPU: Intel(R) Xeon(R) CPU E3-1241 v3 @ 3.50GHz
  WORD_SIZE: 64
           Ubuntu 14.04.5 LTS
  uname: Linux 3.13.0-108-generic #155-Ubuntu SMP Wed Jan 11 16:58:52 UTC 2017 x86_64 x86_64
Memory: 2.9392738342285156 GB (445.890625 MB free)
Uptime: 40931.0 sec
Load Avg:  1.08154296875  1.0400390625  1.0478515625
Intel(R) Xeon(R) CPU E3-1241 v3 @ 3.50GHz: 
       speed         user         nice          sys         idle          irq
#1  3506 MHz    1998485 s       4348 s     163609 s    1485622 s        235 s
#2  3506 MHz    1315908 s       2706 s     145021 s    2424239 s          7 s

  BLAS: libopenblas (USE64BITINT DYNAMIC_ARCH NO_AFFINITY Nehalem)
  LAPACK: libopenblas64_
  LIBM: libopenlibm
  LLVM: libLLVM-3.3
Environment:
  TERM = vt100
  LD_LIBRARY_PATH = :/usr/local/lib/
  PATH = /usr/local/sbin:/usr/local/bin:/usr/sbin:/usr/bin:/sbin:/bin:/usr/games:/usr/local/games:/home/vagrant/julia/bin/
  JAVA_HOME = /usr/lib/jvm/java-7-oracle
  HOME = /home/vagrant

Package Directory: /home/vagrant/.julia/v0.4
2 required packages:
 - JSON                          0.8.3
 - TransformUtils                0.0.5
1 additional packages:
 - Compat                        0.19.0
INFO: Testing TransformUtils
WARNING: could not import Base.normalize into TransformUtils
WARNING: could not import Base.normalize! into TransformUtils
[TEST] constructors SO3, Quaternion, AngleAxis... [SUCCESS]
[TEST] comparison functions for SO3, Quaternion, AngleAxis... [SUCCESS]
[TEST] trivial case quaterion -> SO3 -> Euler -> quaternion... [SUCCESS]
[TEST] convert functions 
WARNING: Need better coverage on convert function tests
[TEST] compare SO3 and quaternion rotations... dAA = TransformUtils.AngleAxis(0.7853981633974483,[1.0,0.0,0.0])
dAA = TransformUtils.so3([0.0 -0.07703158662595438 0.014612432085754332
 0.07703158662595438 0.0 -0.022706152191096552
 -0.014612432085754332 0.022706152191096552 0.0])
dAA = TransformUtils.so3([0.0 0.021378527048015013 -0.09377032286124212
 -0.021378527048015013 0.0 0.06287562665958683
 0.09377032286124212 -0.06287562665958683 0.0])
dAA = TransformUtils.so3([0.0 0.07229005325330973 0.04690777032874831
 -0.07229005325330973 0.0 -0.010449666665988717
 -0.04690777032874831 0.010449666665988717 0.0])
dAA = TransformUtils.Quaternion(0.9940410003144307,[0.017301966725233906,0.01992544154423864,0.10576440053530389])
dAA = TransformUtils.SO3([0.9916418702226576 0.04152810859368594 -0.12215489109299643
 -0.06732862297707153 0.974208054332177 -0.21537298670521782
 0.11006024599882624 0.22179739193900727 0.9688615273503912])
[SUCCESS]
[TEST] basic SE3 mechanics... [SUCCESS]
[TEST] SE3 ⊕ and ⊖ mechanics... Compare operations on two different SE3 transforms
xi = TransformUtils.SE3(TransformUtils.SO3([0.9447405806381227 0.303001048758686 0.12512233911927664
 -0.3060558406689026 0.9519977257641861 0.005491132148197334
 -0.11745236348407029 -0.04348211805965832 0.9921261249060281]),[-1.0852113259559322,-0.17282160954744144,1.0051730809188775])
xj = TransformUtils.SE3(TransformUtils.SO3([0.9186372687277666 -0.00393575457500014 0.39508236905778815
 -0.07215278029926897 0.9814640225910554 0.17754534253105544
 -0.3884579060843973 -0.19160605991280583 0.9013254534324524]),[-0.5427696064804142,0.2699808424347919,1.0732278210188957])
Dx = TransformUtils.SE3(TransformUtils.SO3([0.9355819856684664 -0.2815964789881936 0.21304875290435657
 0.22654974563443064 0.9414904169802472 0.24954159470383924
 -0.27085339363874433 -0.18520047990167893 0.9446370844925386]),[0.36895123825692755,0.5829481728978899,0.13782194913295753])
[SUCCESS]
[TEST] previous discovered issues
TransformUtils.convert(Euler,q) = TransformUtils.Euler(0.7853981633974484,0.0,1.5707963267948963,TransformUtils.Quaternion(1.0,[0.0,0.0,0.0]))
INFO: TransformUtils tests passed

>>> End of log
