>>> 'Pkg.add("TransformUtils")' log
INFO: Cloning cache of TransformUtils from git://github.com/dehann/TransformUtils.jl.git
INFO: Installing TransformUtils v0.0.5
INFO: Package database updated
INFO: METADATA is out-of-date — you may not have the latest version of TransformUtils
INFO: Use `Pkg.update()` to get the latest versions of your packages

>>> 'Pkg.test("TransformUtils")' log
Julia Version 0.4.7
Commit ae26b25 (2016-09-18 16:17 UTC)
Platform Info:
  System: Linux (x86_64-pc-linux-gnu)
  CPU: Intel(R) Xeon(R) CPU E3-1241 v3 @ 3.50GHz
  WORD_SIZE: 64
           Ubuntu 14.04.5 LTS
  uname: Linux 3.13.0-116-generic #163-Ubuntu SMP Fri Mar 31 14:13:22 UTC 2017 x86_64 x86_64
Memory: 2.9392738342285156 GB (452.203125 MB free)
Uptime: 42852.0 sec
Load Avg:  1.0625  0.98046875  0.9619140625
Intel(R) Xeon(R) CPU E3-1241 v3 @ 3.50GHz: 
       speed         user         nice          sys         idle          irq
#1  3499 MHz    2112990 s       3327 s     164558 s    1566998 s         99 s
#2  3499 MHz    1408200 s       2763 s     140751 s    2605834 s          1 s

  BLAS: libopenblas (USE64BITINT DYNAMIC_ARCH NO_AFFINITY Nehalem)
  LAPACK: libopenblas64_
  LIBM: libopenlibm
  LLVM: libLLVM-3.3
Environment:
  TERM = vt100
  LD_LIBRARY_PATH = :/usr/local/lib/
  PATH = /usr/local/sbin:/usr/local/bin:/usr/sbin:/usr/bin:/sbin:/bin:/usr/games:/usr/local/games:/home/vagrant/julia/bin/
  JAVA_HOME = /usr/lib/jvm/java-7-oracle
  HOME = /home/vagrant

Package Directory: /home/vagrant/.julia/v0.4
2 required packages:
 - JSON                          0.9.0
 - TransformUtils                0.0.5
1 additional packages:
 - Compat                        0.23.0
INFO: Testing TransformUtils
WARNING: could not import Base.normalize into TransformUtils
WARNING: could not import Base.normalize! into TransformUtils
[TEST] constructors SO3, Quaternion, AngleAxis... [SUCCESS]
[TEST] comparison functions for SO3, Quaternion, AngleAxis... [SUCCESS]
[TEST] trivial case quaterion -> SO3 -> Euler -> quaternion... [SUCCESS]
[TEST] convert functions 
WARNING: Need better coverage on convert function tests
[TEST] compare SO3 and quaternion rotations... dAA = TransformUtils.AngleAxis(0.7853981633974483,[1.0,0.0,0.0])
dAA = TransformUtils.so3([0.0 -0.0022442733339177066 -0.009009674417029486
 0.0022442733339177066 0.0 -0.11175719410923045
 0.009009674417029486 0.11175719410923045 0.0])
dAA = TransformUtils.so3([0.0 0.09814701663424154 -0.02558322978251213
 -0.09814701663424154 0.0 0.017047890870800827
 0.02558322978251213 -0.017047890870800827 0.0])
dAA = TransformUtils.so3([0.0 0.06553099558659055 0.04314069863741433
 -0.06553099558659055 0.0 0.034714705897874835
 -0.04314069863741433 -0.034714705897874835 0.0])
dAA = TransformUtils.Quaternion(0.997929625159853,[0.05853604092509094,-0.0016308355261447389,-0.026595780052825587])
dAA = TransformUtils.SO3([0.9949861474885653 0.09021844518728085 0.04316478256464531
 -0.09666074144061372 0.9782655257848789 0.18344825462507314
 -0.02567620240639821 -0.18670081201972433 0.982081228524994])
[SUCCESS]
[TEST] basic SE3 mechanics... [SUCCESS]
[TEST] SE3 ⊕ and ⊖ mechanics... Compare operations on two different SE3 transforms
xi = TransformUtils.SE3(TransformUtils.SO3([0.9896596125840316 -0.1418102873019257 0.021533546743857483
 0.14286067366898092 0.9879511727202579 -0.05952569394397757
 -0.01283273699837852 0.06198647220170245 0.9979944880234148]),[-0.056773979373103085,-2.339634710805615,-0.08286708070630348])
xj = TransformUtils.SE3(TransformUtils.SO3([0.9407924214990286 0.08659018051113337 0.3277373342923314
 -0.20116367732113477 0.9207932885856822 0.33417494613181736
 -0.27284206892748847 -0.3803181041373314 0.8836941468000983]),[0.1441260643583439,-1.0369908501154756,-0.8403227069490494])
Dx = TransformUtils.SE3(TransformUtils.SO3([0.9058271954355347 0.22212047622157285 0.36074864663986655
 -0.3490664518234151 0.8738448533254455 0.33844908705452664
 -0.24006187581705904 -0.43250163740699626 0.869087239245556]),[0.3946394677758496,1.2115068347650226,-0.8291512291994928])
[SUCCESS]
[TEST] previous discovered issues
TransformUtils.convert(Euler,q) = TransformUtils.Euler(0.7853981633974484,0.0,1.5707963267948963,TransformUtils.Quaternion(1.0,[0.0,0.0,0.0]))
INFO: TransformUtils tests passed

>>> End of log
