>>> 'Pkg.add("TransformUtils")' log
INFO: Cloning cache of TransformUtils from git://github.com/dehann/TransformUtils.jl.git
INFO: Installing TransformUtils v0.0.4
INFO: Package database updated

>>> 'Pkg.test("TransformUtils")' log
Julia Version 0.4.7
Commit ae26b25 (2016-09-18 16:17 UTC)
Platform Info:
  System: Linux (x86_64-pc-linux-gnu)
  CPU: Intel(R) Xeon(R) CPU E3-1241 v3 @ 3.50GHz
  WORD_SIZE: 64
           Ubuntu 14.04.5 LTS
  uname: Linux 3.13.0-105-generic #152-Ubuntu SMP Fri Dec 2 15:37:11 UTC 2016 x86_64 x86_64
Memory: 2.9392738342285156 GB (337.64453125 MB free)
Uptime: 32621.0 sec
Load Avg:  1.3017578125  1.12841796875  1.0595703125
Intel(R) Xeon(R) CPU E3-1241 v3 @ 3.50GHz: 
       speed         user         nice          sys         idle          irq
#1  3499 MHz    1558649 s       6512 s     150091 s    1212835 s         94 s
#2  3499 MHz    1027490 s        424 s     138682 s    1988508 s          2 s

  BLAS: libopenblas (USE64BITINT DYNAMIC_ARCH NO_AFFINITY Nehalem)
  LAPACK: libopenblas64_
  LIBM: libopenlibm
  LLVM: libLLVM-3.3
Environment:
  TERM = vt100
  LD_LIBRARY_PATH = :/usr/local/lib/
  PATH = /usr/local/sbin:/usr/local/bin:/usr/sbin:/usr/bin:/sbin:/bin:/usr/games:/usr/local/games:/home/vagrant/julia/bin/
  JAVA_HOME = /usr/lib/jvm/java-7-oracle
  HOME = /home/vagrant

Package Directory: /home/vagrant/.julia/v0.4
2 required packages:
 - JSON                          0.8.0
 - TransformUtils                0.0.4
1 additional packages:
 - Compat                        0.10.0
INFO: Testing TransformUtils
WARNING: could not import Base.normalize into TransformUtils
WARNING: could not import Base.normalize! into TransformUtils
[TEST] constructors SO3, Quaternion, AngleAxis... [SUCCESS]
[TEST] comparison functions for SO3, Quaternion, AngleAxis... [SUCCESS]
[TEST] trivial case quaterion -> SO3 -> Euler -> quaternion... [SUCCESS]
[TEST] convert functions 
WARNING: Need better coverage on convert function tests
[TEST] compare SO3 and quaternion rotations... dAA = TransformUtils.AngleAxis(0.7853981633974483,[1.0,0.0,0.0])
dAA = TransformUtils.so3([0.0 -0.0655959495501284 -0.005395283089553923
 0.0655959495501284 0.0 0.00929851241052395
 0.005395283089553923 -0.00929851241052395 0.0])
dAA = TransformUtils.so3([0.0 -0.03507480235292328 0.14046972087409546
 0.03507480235292328 0.0 0.002598730487696106
 -0.14046972087409546 -0.002598730487696106 0.0])
dAA = TransformUtils.so3([0.0 -0.006453689732654046 0.1541000217173847
 0.006453689732654046 0.0 -0.06563118742151453
 -0.1541000217173847 0.06563118742151453 0.0])
dAA = TransformUtils.Quaternion(0.9942061531593877,[-0.03571409562103178,-0.06940034194096185,-0.07390683955129845])
dAA = TransformUtils.SO3([0.9954321699078407 -0.07773270281452155 0.055429432846801185
 0.08280825186560539 0.9919241573943288 -0.0960690345559583
 -0.04751408775859248 0.10022022196493444 0.9938301256119019])
[SUCCESS]
[TEST] basic SE3 mechanics... [SUCCESS]
INFO: TransformUtils tests passed

>>> End of log
