>>> 'Pkg.add("TransformUtils")' log
INFO: Cloning cache of TransformUtils from git://github.com/dehann/TransformUtils.jl.git
INFO: Installing TransformUtils v0.0.6
INFO: Package database updated
INFO: METADATA is out-of-date — you may not have the latest version of TransformUtils
INFO: Use `Pkg.update()` to get the latest versions of your packages

>>> 'Pkg.test("TransformUtils")' log
Julia Version 0.4.7
Commit ae26b25 (2016-09-18 16:17 UTC)
Platform Info:
  System: Linux (x86_64-pc-linux-gnu)
  CPU: Intel(R) Xeon(R) CPU E3-1241 v3 @ 3.50GHz
  WORD_SIZE: 64
           Ubuntu 14.04.5 LTS
  uname: Linux 3.13.0-119-generic #166-Ubuntu SMP Wed May 3 12:18:55 UTC 2017 x86_64 x86_64
Memory: 2.9392738342285156 GB (447.23046875 MB free)
Uptime: 46256.0 sec
Load Avg:  0.93212890625  0.93212890625  0.9501953125
Intel(R) Xeon(R) CPU E3-1241 v3 @ 3.50GHz: 
       speed         user         nice          sys         idle          irq
#1  3500 MHz    2269452 s       3333 s     166163 s    1706266 s        117 s
#2  3500 MHz    1499106 s       3564 s     140545 s    2783606 s          2 s

  BLAS: libopenblas (USE64BITINT DYNAMIC_ARCH NO_AFFINITY Nehalem)
  LAPACK: libopenblas64_
  LIBM: libopenlibm
  LLVM: libLLVM-3.3
Environment:
  TERM = vt100
  LD_LIBRARY_PATH = :/usr/local/lib/
  PATH = /usr/local/sbin:/usr/local/bin:/usr/sbin:/usr/bin:/sbin:/bin:/usr/games:/usr/local/games:/home/vagrant/julia/bin/
  JAVA_HOME = /usr/lib/jvm/java-7-oracle
  HOME = /home/vagrant

Package Directory: /home/vagrant/.julia/v0.4
2 required packages:
 - JSON                          0.9.1
 - TransformUtils                0.0.6
1 additional packages:
 - Compat                        0.26.0
INFO: Testing TransformUtils
WARNING: could not import Base.normalize into TransformUtils
WARNING: could not import Base.normalize! into TransformUtils
[TEST] constructors SO3, Quaternion, AngleAxis... [SUCCESS]
[TEST] comparison functions for SO3, Quaternion, AngleAxis... [SUCCESS]
[TEST] trivial case quaterion -> SO3 -> Euler -> quaternion... [SUCCESS]
[TEST] convert functions 
WARNING: Need better coverage on convert function tests
[TEST] compare SO3 and quaternion rotations... dAA = TransformUtils.AngleAxis(0.7853981633974483,[1.0,0.0,0.0])
dAA = TransformUtils.so3([0.0 -0.13835369286709617 0.015212007016747901
 0.13835369286709617 0.0 -0.038854131126634925
 -0.015212007016747901 0.038854131126634925 0.0])
dAA = TransformUtils.so3([0.0 -0.10706783078750093 0.10439438784649141
 0.10706783078750093 0.0 0.0993308963653294
 -0.10439438784649141 -0.0993308963653294 0.0])
dAA = TransformUtils.so3([0.0 -0.06074353692351926 -0.16327322233492123
 0.06074353692351926 0.0 0.019385342751235966
 0.16327322233492123 -0.019385342751235966 0.0])
dAA = TransformUtils.Quaternion(0.9913756252112411,[0.12843229322095887,0.02379731625475168,-0.010639714944375975])
dAA = TransformUtils.SO3([0.9855481943192455 0.044867155231983445 0.1633453245595482
 -0.058060250582703664 0.9953461300659132 0.07690961360638994
 -0.15913442109219705 -0.0852820012910089 0.9835665794848114])
[SUCCESS]
[TEST] basic SE3 mechanics... [SUCCESS]
[TEST] SE3 ⊕ and ⊖ mechanics... Compare operations on two different SE3 transforms
xi = TransformUtils.SE3(TransformUtils.SO3([0.969212505691971 0.24569121724265017 -0.016215565981978798
 -0.2453534403341761 0.9692208158222964 0.020315006594785894
 0.02070768278863918 -0.015711013544237026 0.9996621208823199]),[0.6493129655982895,0.410572324003584,2.0783266472917568])
xj = TransformUtils.SE3(TransformUtils.SO3([0.9863936937892205 0.017688888824233227 0.16344596680561257
 -0.017876784051791588 0.9998401459045558 -0.0003212935138028783
 -0.16342552262368049 -0.0026049663568496876 0.986552235163175]),[0.5606867690710787,-1.549476310033158,-0.6353220469327011])
Dx = TransformUtils.SE3(TransformUtils.SO3([0.9570270701433685 -0.22822387013865827 0.17892191624206508
 0.22758929668400563 0.9734528131941078 0.024346098647560363
 -0.17972840356404263 0.01742083762079006 0.9835620038253363]),[0.3388136812173249,-1.8788604428475637,-2.7511130859869986])
[SUCCESS]
[TEST] previous discovered issues
TransformUtils.convert(Euler,q) = TransformUtils.Euler(0.7853981633974484,0.0,1.5707963267948963,TransformUtils.Quaternion(1.0,[0.0,0.0,0.0]))
INFO: TransformUtils tests passed

>>> End of log
