>>> 'Pkg.add("TransformUtils")' log
INFO: Cloning cache of TransformUtils from git://github.com/dehann/TransformUtils.jl.git
INFO: Installing TransformUtils v0.0.2
INFO: Package database updated
INFO: METADATA is out-of-date — you may not have the latest version of TransformUtils
INFO: Use `Pkg.update()` to get the latest versions of your packages

>>> 'Pkg.test("TransformUtils")' log
Julia Version 0.4.7
Commit ae26b25 (2016-09-18 16:17 UTC)
Platform Info:
  System: Linux (x86_64-pc-linux-gnu)
  CPU: Intel(R) Xeon(R) CPU E3-1241 v3 @ 3.50GHz
  WORD_SIZE: 64
           Ubuntu 14.04.5 LTS
  uname: Linux 3.13.0-96-generic #143-Ubuntu SMP Mon Aug 29 20:15:20 UTC 2016 x86_64 x86_64
Memory: 2.9392929077148438 GB (330.7421875 MB free)
Uptime: 28851.0 sec
Load Avg:  0.90283203125  0.9814453125  0.96923828125
Intel(R) Xeon(R) CPU E3-1241 v3 @ 3.50GHz: 
       speed         user         nice          sys         idle          irq
#1  3502 MHz    1385779 s       7172 s     120499 s    1048829 s        159 s
#2  3502 MHz     807139 s        170 s     104550 s    1838067 s          4 s

  BLAS: libopenblas (USE64BITINT DYNAMIC_ARCH NO_AFFINITY Nehalem)
  LAPACK: libopenblas64_
  LIBM: libopenlibm
  LLVM: libLLVM-3.3
Environment:
  TERM = vt100
  LD_LIBRARY_PATH = :/usr/local/lib/
  PATH = /usr/local/sbin:/usr/local/bin:/usr/sbin:/usr/bin:/sbin:/bin:/usr/games:/usr/local/games:/home/vagrant/julia/bin/
  JAVA_HOME = /usr/lib/jvm/java-7-oracle
  HOME = /home/vagrant

Package Directory: /home/vagrant/.julia/v0.4
2 required packages:
 - JSON                          0.8.0
 - TransformUtils                0.0.2
1 additional packages:
 - Compat                        0.9.2
INFO: Testing TransformUtils
[TEST] constructors SO3, Quaternion, AngleAxis... [SUCCESS]
[TEST] comparison functions for SO3, Quaternion, AngleAxis... [SUCCESS]
[TEST] trivial case quaterion -> SO3 -> Euler -> quaternion... [SUCCESS]
[TEST] convert functions 
WARNING: Need better coverage on convert function tests
[TEST] compare SO3 and quaternion rotations... dAA = TransformUtils.AngleAxis(0.7853981633974483,[1.0,0.0,0.0])
dAA = TransformUtils.so3([0.0 0.1842885084933359 -0.013305488463276255
 -0.1842885084933359 0.0 -0.23725706571481917
 0.013305488463276255 0.23725706571481917 0.0])
dAA = TransformUtils.so3([0.0 0.04053138451260957 -0.11038180729107848
 -0.04053138451260957 0.0 -0.18074285364389575
 0.11038180729107848 0.18074285364389575 0.0])
dAA = TransformUtils.so3([0.0 0.0029417814794935465 -0.06293040060561068
 -0.0029417814794935465 0.0 0.15507026523616044
 0.06293040060561068 -0.15507026523616044 0.0])
dAA = TransformUtils.Quaternion(0.9992854402562218,[-0.030606166391529997,-0.020349056883407574,-0.008819713980561143])
dAA = TransformUtils.SO3([0.999461493712331 0.024383411235374745 0.021958411664843358
 -0.027873565999552315 0.9839882467278624 0.17604032100600098
 -0.01731435545392116 -0.17655758142304134 0.9841380154923707])
[SUCCESS]
[TEST] basic SE3 mechanics... [SUCCESS]
INFO: TransformUtils tests passed

>>> End of log
