>>> 'Pkg.add("TransformUtils")' log
INFO: Installing TransformUtils v0.0.4
INFO: Package database updated
INFO: METADATA is out-of-date — you may not have the latest version of TransformUtils
INFO: Use `Pkg.update()` to get the latest versions of your packages

>>> 'Pkg.test("TransformUtils")' log
Julia Version 0.5.0
Commit 3c9d753 (2016-09-19 18:14 UTC)
Platform Info:
  System: Linux (x86_64-pc-linux-gnu)
  CPU: Intel(R) Xeon(R) CPU E3-1241 v3 @ 3.50GHz
  WORD_SIZE: 64
           Ubuntu 14.04.5 LTS
  uname: Linux 3.13.0-105-generic #152-Ubuntu SMP Fri Dec 2 15:37:11 UTC 2016 x86_64 x86_64
Memory: 2.9392738342285156 GB (404.703125 MB free)
Uptime: 38878.0 sec
Load Avg:  1.05029296875  1.0146484375  0.98193359375
Intel(R) Xeon(R) CPU E3-1241 v3 @ 3.50GHz: 
       speed         user         nice          sys         idle          irq
#1  3499 MHz    1880285 s       5134 s     195047 s    1438570 s        108 s
#2  3499 MHz     574534 s        852 s      91479 s    3135171 s          2 s

  BLAS: libopenblas (USE64BITINT DYNAMIC_ARCH NO_AFFINITY Nehalem)
  LAPACK: libopenblas64_
  LIBM: libopenlibm
  LLVM: libLLVM-3.7.1 (ORCJIT, haswell)
Environment:
  TERM = vt100
  LD_LIBRARY_PATH = :/usr/local/lib/
  PATH = /usr/local/sbin:/usr/local/bin:/usr/sbin:/usr/bin:/sbin:/bin:/usr/games:/usr/local/games:/home/vagrant/julia/bin/
  JAVA_HOME = /usr/lib/jvm/java-7-oracle
  HOME = /home/vagrant

Package Directory: /home/vagrant/.julia/v0.5
2 required packages:
 - JSON                          0.8.0
 - TransformUtils                0.0.4
18 additional packages:
 - BinDeps                       0.4.5
 - Calculus                      0.1.15
 - Compat                        0.10.0
 - Distributions                 0.11.1
 - GenerativeModels              0.0.0-             master (unregistered)
 - Iterators                     0.2.0
 - LaTeXStrings                  0.2.0
 - PDMats                        0.5.2
 - POMDPBounds                   0.0.0-             master (unregistered)
 - POMDPModels                   0.0.0-             master (unregistered)
 - POMDPToolbox                  0.0.0-             master (unregistered)
 - POMDPs                        0.4.0
 - Rmath                         0.1.5
 - SHA                           0.3.0
 - StatsBase                     0.11.1
 - StatsFuns                     0.3.1
 - TikzPictures                  0.3.5
 - URIParser                     0.1.6
INFO: Testing TransformUtils
[TEST] constructors SO3, Quaternion, AngleAxis... [SUCCESS]
[TEST] comparison functions for SO3, Quaternion, AngleAxis... [SUCCESS]
[TEST] trivial case quaterion -> SO3 -> Euler -> quaternion... [SUCCESS]
[TEST] convert functions 
WARNING: Need better coverage on convert function tests
[TEST] compare SO3 and quaternion rotations... dAA = TransformUtils.AngleAxis(0.7853981633974483,[1.0,0.0,0.0])
dAA = TransformUtils.so3([0.0 -0.0129751 -0.0364552; 0.0129751 0.0 0.167044; 0.0364552 -0.167044 0.0])
dAA = TransformUtils.so3([0.0 0.0146997 0.0130102; -0.0146997 0.0 0.00114216; -0.0130102 -0.00114216 0.0])
dAA = TransformUtils.so3([0.0 -0.0634275 0.00113114; 0.0634275 0.0 -0.0848824; -0.00113114 0.0848824 0.0])
dAA = TransformUtils.Quaternion(0.9988910117439607,[-0.0449234,0.00549094,-0.0129801])
dAA = TransformUtils.SO3([0.992198 0.0867687 0.0895223; -0.0947896 0.991455 0.0896174; -0.0809813 -0.097404 0.991945])
[SUCCESS]
[TEST] basic SE3 mechanics... [SUCCESS]
INFO: TransformUtils tests passed

>>> End of log
