>>> 'Pkg.add("TransformUtils")' log
INFO: Cloning cache of TransformUtils from https://github.com/dehann/TransformUtils.jl.git
INFO: Installing TransformUtils v0.0.2
INFO: Package database updated
INFO: METADATA is out-of-date — you may not have the latest version of TransformUtils
INFO: Use `Pkg.update()` to get the latest versions of your packages

>>> 'Pkg.test("TransformUtils")' log
Julia Version 0.6.0-dev.1378
Commit 1e0e793 (2016-12-03 13:48 UTC)
Platform Info:
  OS: Linux (x86_64-pc-linux-gnu)
  CPU: Intel(R) Xeon(R) CPU E3-1241 v3 @ 3.50GHz
  WORD_SIZE: 64
           Ubuntu 14.04.5 LTS
  uname: Linux 3.13.0-103-generic #150-Ubuntu SMP Thu Nov 24 10:34:17 UTC 2016 x86_64 x86_64
Memory: 2.9392738342285156 GB (866.91015625 MB free)
Uptime: 27864.0 sec
Load Avg:  1.0166015625  1.05712890625  1.04541015625
Intel(R) Xeon(R) CPU E3-1241 v3 @ 3.50GHz: 
       speed         user         nice          sys         idle          irq
#1  3499 MHz    1600529 s       2860 s     228890 s     650255 s         99 s
#2  3499 MHz     515817 s       3870 s     111966 s    2055592 s          2 s

  BLAS: libopenblas (USE64BITINT DYNAMIC_ARCH NO_AFFINITY Nehalem)
  LAPACK: libopenblas64_
  LIBM: libopenlibm
  LLVM: libLLVM-3.7.1 (ORCJIT, haswell)
Environment:
  TERM = vt100
  LD_LIBRARY_PATH = :/usr/local/lib/
  PATH = /usr/local/sbin:/usr/local/bin:/usr/sbin:/usr/bin:/sbin:/bin:/usr/games:/usr/local/games:/home/vagrant/julia/bin/
  JAVA_HOME = /usr/lib/jvm/java-7-oracle
  HOME = /home/vagrant

Package Directory: /home/vagrant/.julia/v0.6
2 required packages:
 - JSON                          0.8.0
 - TransformUtils                0.0.2
18 additional packages:
 - CategoricalArrays             0.1.0
 - Compat                        0.9.5
 - DataArrays                    0.3.10
 - DataFrames                    0.8.5
 - DataStreams                   0.1.2
 - DataStreamsIntegrationTests   0.0.1              e92cc45b (dirty)
 - FileIO                        0.2.0
 - GZip                          0.2.20
 - Hiccup                        0.0.3
 - Juno                          0.2.5
 - Lazy                          0.11.4
 - MacroTools                    0.3.2
 - Media                         0.2.4
 - NullableArrays                0.0.10
 - Reexport                      0.0.3
 - SortingAlgorithms             0.1.0
 - StatsBase                     0.11.1
 - WeakRefStrings                0.2.0
INFO: Testing TransformUtils
WARNING: Method definition *(TransformUtils.SO3, TransformUtils.so3) in module TransformUtils at /home/vagrant/.julia/v0.6/TransformUtils/src/TransformUtils.jl:176 overwritten at /home/vagrant/.julia/v0.6/TransformUtils/src/TransformUtils.jl:203.
WARNING: Method definition *(TransformUtils.so3, TransformUtils.SO3) in module TransformUtils at /home/vagrant/.julia/v0.6/TransformUtils/src/TransformUtils.jl:179 overwritten at /home/vagrant/.julia/v0.6/TransformUtils/src/TransformUtils.jl:204.
[TEST] constructors SO3, Quaternion, AngleAxis... [SUCCESS]
[TEST] comparison functions for SO3, Quaternion, AngleAxis... [SUCCESS]
[TEST] trivial case quaterion -> SO3 -> Euler -> quaternion... [SUCCESS]
[TEST] convert functions 
WARNING: Need better coverage on convert function tests
[TEST] compare SO3 and quaternion rotations... dAA = TransformUtils.AngleAxis(0.7853981633974483,[1.0,0.0,0.0])
dAA = TransformUtils.so3([0.0 0.0754337 -0.0828176; -0.0754337 0.0 -0.0765841; 0.0828176 0.0765841 0.0])
dAA = TransformUtils.so3([0.0 -0.0378145 -0.0878608; 0.0378145 0.0 -0.0730147; 0.0878608 0.0730147 0.0])
dAA = TransformUtils.so3([0.0 2.25114e-5 -0.00672976; -2.25114e-5 0.0 -0.108825; 0.00672976 0.108825 0.0])
dAA = TransformUtils.Quaternion(0.9978789693032561,[0.0241121,0.0345739,0.0496066])
dAA = TransformUtils.SO3([0.980425 -0.151298 0.125996; 0.163349 0.982316 -0.0915038; -0.109924 0.110294 0.987802])
[SUCCESS]
[TEST] basic SE3 mechanics... [SUCCESS]
INFO: TransformUtils tests passed

>>> End of log
