>>> 'Pkg.add("TransformUtils")' log
INFO: Cloning cache of TransformUtils from git://github.com/dehann/TransformUtils.jl.git
INFO: Installing TransformUtils v0.0.6
INFO: Package database updated
INFO: METADATA is out-of-date — you may not have the latest version of TransformUtils
INFO: Use `Pkg.update()` to get the latest versions of your packages

>>> 'Pkg.test("TransformUtils")' log
Julia Version 0.4.7
Commit ae26b25 (2016-09-18 16:17 UTC)
Platform Info:
  System: Linux (x86_64-pc-linux-gnu)
  CPU: Intel(R) Xeon(R) CPU E3-1241 v3 @ 3.50GHz
  WORD_SIZE: 64
           Ubuntu 14.04.5 LTS
  uname: Linux 3.13.0-117-generic #164-Ubuntu SMP Fri Apr 7 11:05:26 UTC 2017 x86_64 x86_64
Memory: 2.9392738342285156 GB (495.16796875 MB free)
Uptime: 44757.0 sec
Load Avg:  0.9609375  0.93798828125  0.9541015625
Intel(R) Xeon(R) CPU E3-1241 v3 @ 3.50GHz: 
       speed         user         nice          sys         idle          irq
#1  3500 MHz    2209682 s       2845 s     160512 s    1636241 s         99 s
#2  3500 MHz    1414444 s       3885 s     131660 s    2765923 s          1 s

  BLAS: libopenblas (USE64BITINT DYNAMIC_ARCH NO_AFFINITY Nehalem)
  LAPACK: libopenblas64_
  LIBM: libopenlibm
  LLVM: libLLVM-3.3
Environment:
  TERM = vt100
  LD_LIBRARY_PATH = :/usr/local/lib/
  PATH = /usr/local/sbin:/usr/local/bin:/usr/sbin:/usr/bin:/sbin:/bin:/usr/games:/usr/local/games:/home/vagrant/julia/bin/
  JAVA_HOME = /usr/lib/jvm/java-7-oracle
  HOME = /home/vagrant

Package Directory: /home/vagrant/.julia/v0.4
2 required packages:
 - JSON                          0.9.1
 - TransformUtils                0.0.6
1 additional packages:
 - Compat                        0.25.0
INFO: Testing TransformUtils
WARNING: could not import Base.normalize into TransformUtils
WARNING: could not import Base.normalize! into TransformUtils
[TEST] constructors SO3, Quaternion, AngleAxis... [SUCCESS]
[TEST] comparison functions for SO3, Quaternion, AngleAxis... [SUCCESS]
[TEST] trivial case quaterion -> SO3 -> Euler -> quaternion... [SUCCESS]
[TEST] convert functions 
WARNING: Need better coverage on convert function tests
[TEST] compare SO3 and quaternion rotations... dAA = TransformUtils.AngleAxis(0.7853981633974483,[1.0,0.0,0.0])
dAA = TransformUtils.so3([0.0 -0.021302055671359885 -0.027418021536408328
 0.021302055671359885 0.0 -0.06796782044671329
 0.027418021536408328 0.06796782044671329 0.0])
dAA = TransformUtils.so3([0.0 0.05486846155046546 -0.045754752282037625
 -0.05486846155046546 0.0 -0.15671714085292743
 0.045754752282037625 0.15671714085292743 0.0])
dAA = TransformUtils.so3([0.0 -0.10517535630258752 0.09538506738830312
 0.10517535630258752 0.0 -0.015606926990680482
 -0.09538506738830312 0.015606926990680482 0.0])
dAA = TransformUtils.Quaternion(0.9924668914878212,[-0.05583532398584507,-0.035428943470193174,0.10313426133193031])
dAA = TransformUtils.SO3([0.9976052906522422 0.011594601578848996 0.0681854036937782
 -0.014889343656299674 0.998735759351871 0.04801239878746254
 -0.06754251630003398 -0.04891265895521811 0.9965167135004763])
[SUCCESS]
[TEST] basic SE3 mechanics... [SUCCESS]
[TEST] SE3 ⊕ and ⊖ mechanics... Compare operations on two different SE3 transforms
xi = TransformUtils.SE3(TransformUtils.SO3([0.910318653297391 0.139261666621396 0.38977703584056317
 -0.1586091130827008 0.987182369439692 0.01772339455506918
 -0.3823128283303393 -0.07795612661790467 0.9207386945365063]),[1.2407851335165088,-0.6190223019060215,-0.6606213083975155])
xj = TransformUtils.SE3(TransformUtils.SO3([0.9591219987386335 -0.06747338177259847 0.2748314652432979
 -0.02161658024874541 0.9508548760333045 0.30888141443285094
 -0.2821661124124554 -0.3021958760073642 0.910527285439697]),[-2.1602002564708367,-0.778915186482104,-1.5262585014767542])
Dx = TransformUtils.SE3(TransformUtils.SO3([0.9844109573561716 -0.09670316652051648 -0.14691345963529376
 0.13422599831495408 0.952828733891047 0.27221459411269305
 0.11365935251205572 -0.2876906349822489 0.9509551251925881]),[-2.7396757678924755,-0.5639886075881675,-2.1254855080242434])
[SUCCESS]
[TEST] previous discovered issues
TransformUtils.convert(Euler,q) = TransformUtils.Euler(0.7853981633974484,0.0,1.5707963267948963,TransformUtils.Quaternion(1.0,[0.0,0.0,0.0]))
INFO: TransformUtils tests passed

>>> End of log
