>>> 'Pkg.add("TransformUtils")' log
INFO: Cloning cache of TransformUtils from https://github.com/dehann/TransformUtils.jl.git
INFO: Installing TransformUtils v0.0.2
INFO: Package database updated

>>> 'Pkg.test("TransformUtils")' log
Julia Version 0.5.0
Commit 3c9d753 (2016-09-19 18:14 UTC)
Platform Info:
  System: Linux (x86_64-pc-linux-gnu)
  CPU: Intel(R) Xeon(R) CPU E3-1241 v3 @ 3.50GHz
  WORD_SIZE: 64
           Ubuntu 14.04.5 LTS
  uname: Linux 3.13.0-101-generic #148-Ubuntu SMP Thu Oct 20 22:08:32 UTC 2016 x86_64 x86_64
Memory: 2.939281463623047 GB (396.15234375 MB free)
Uptime: 32241.0 sec
Load Avg:  1.06494140625  1.001953125  1.01416015625
Intel(R) Xeon(R) CPU E3-1241 v3 @ 3.50GHz: 
       speed         user         nice          sys         idle          irq
#1  3503 MHz    1833085 s       4006 s     200456 s     819974 s        154 s
#2  3503 MHz     588811 s       4206 s      99008 s    2422772 s          9 s

  BLAS: libopenblas (USE64BITINT DYNAMIC_ARCH NO_AFFINITY Nehalem)
  LAPACK: libopenblas64_
  LIBM: libopenlibm
  LLVM: libLLVM-3.7.1 (ORCJIT, haswell)
Environment:
  TERM = vt100
  LD_LIBRARY_PATH = :/usr/local/lib/
  PATH = /usr/local/sbin:/usr/local/bin:/usr/sbin:/usr/bin:/sbin:/bin:/usr/games:/usr/local/games:/home/vagrant/julia/bin/
  JAVA_HOME = /usr/lib/jvm/java-7-oracle
  HOME = /home/vagrant

Package Directory: /home/vagrant/.julia/v0.5
2 required packages:
 - JSON                          0.8.0
 - TransformUtils                0.0.2
18 additional packages:
 - CategoricalArrays             0.1.0
 - Compat                        0.9.4
 - DataArrays                    0.3.10
 - DataFrames                    0.8.5
 - DataStreams                   0.1.2
 - DataStreamsIntegrationTests   0.0.1              e92cc45b (dirty)
 - FileIO                        0.2.0
 - GZip                          0.2.20
 - Hiccup                        0.0.3
 - Juno                          0.2.5
 - Lazy                          0.11.4
 - MacroTools                    0.3.2
 - Media                         0.2.4
 - NullableArrays                0.0.10
 - Reexport                      0.0.3
 - SortingAlgorithms             0.1.0
 - StatsBase                     0.11.1
 - WeakRefStrings                0.2.0
INFO: Testing TransformUtils
WARNING: Method definition *(TransformUtils.SO3, TransformUtils.so3) in module TransformUtils at /home/vagrant/.julia/v0.5/TransformUtils/src/TransformUtils.jl:176 overwritten at /home/vagrant/.julia/v0.5/TransformUtils/src/TransformUtils.jl:203.
WARNING: Method definition *(TransformUtils.so3, TransformUtils.SO3) in module TransformUtils at /home/vagrant/.julia/v0.5/TransformUtils/src/TransformUtils.jl:179 overwritten at /home/vagrant/.julia/v0.5/TransformUtils/src/TransformUtils.jl:204.
[TEST] constructors SO3, Quaternion, AngleAxis... [SUCCESS]
[TEST] comparison functions for SO3, Quaternion, AngleAxis... [SUCCESS]
[TEST] trivial case quaterion -> SO3 -> Euler -> quaternion... [SUCCESS]
[TEST] convert functions 
WARNING: Need better coverage on convert function tests
[TEST] compare SO3 and quaternion rotations... dAA = TransformUtils.AngleAxis(0.7853981633974483,[1.0,0.0,0.0])
dAA = TransformUtils.so3([0.0 0.225976 0.0406897; -0.225976 0.0 0.0333939; -0.0406897 -0.0333939 0.0])
dAA = TransformUtils.so3([0.0 0.0529846 -0.0660493; -0.0529846 0.0 -0.0177874; 0.0660493 0.0177874 0.0])
dAA = TransformUtils.so3([0.0 -0.160019 -0.00353545; 0.160019 0.0 0.00895598; 0.00353545 -0.00895598 0.0])
dAA = TransformUtils.Quaternion(0.9975508545337396,[0.00687692,0.0348902,0.0602302])
dAA = TransformUtils.SO3([0.992473 -0.0842237 0.0889019; 0.0862536 0.996087 -0.0192367; -0.0869339 0.02676 0.995855])
[SUCCESS]
[TEST] basic SE3 mechanics... [SUCCESS]
INFO: TransformUtils tests passed

>>> End of log
