>>> 'Pkg.add("TransformUtils")' log
INFO: Cloning cache of TransformUtils from https://github.com/dehann/TransformUtils.jl.git
INFO: Installing TransformUtils v0.0.2
INFO: Package database updated
INFO: METADATA is out-of-date — you may not have the latest version of TransformUtils
INFO: Use `Pkg.update()` to get the latest versions of your packages

>>> 'Pkg.test("TransformUtils")' log
Julia Version 0.6.0-dev.787
Commit c71f205 (2016-09-26 16:28 UTC)
Platform Info:
  OS: Linux (x86_64-pc-linux-gnu)
  CPU: Intel(R) Xeon(R) CPU E3-1241 v3 @ 3.50GHz
  WORD_SIZE: 64
           Ubuntu 14.04.5 LTS
  uname: Linux 3.13.0-96-generic #143-Ubuntu SMP Mon Aug 29 20:15:20 UTC 2016 x86_64 x86_64
Memory: 2.4471054077148438 GB (366.69921875 MB free)
Uptime: 24544.0 sec
Load Avg:  1.029296875  1.3046875  1.23974609375
Intel(R) Xeon(R) CPU E3-1241 v3 @ 3.50GHz: 
       speed         user         nice          sys         idle          irq
#1  3500 MHz    1435531 s       1891 s     173869 s     670897 s         54 s
#2  3500 MHz     405948 s       4532 s      81198 s    1836764 s          7 s

  BLAS: libopenblas (USE64BITINT DYNAMIC_ARCH NO_AFFINITY Nehalem)
  LAPACK: libopenblas64_
  LIBM: libopenlibm
  LLVM: libLLVM-3.7.1 (ORCJIT, haswell)
Environment:
  TERM = vt100
  LD_LIBRARY_PATH = :/usr/local/lib/
  PATH = /usr/local/sbin:/usr/local/bin:/usr/sbin:/usr/bin:/sbin:/bin:/usr/games:/usr/local/games:/home/vagrant/julia/bin/
  JAVA_HOME = /usr/lib/jvm/java-7-oracle
  HOME = /home/vagrant

Package Directory: /home/vagrant/.julia/v0.6
2 required packages:
 - JSON                          0.7.1
 - TransformUtils                0.0.2
1 additional packages:
 - Compat                        0.9.2
INFO: Testing TransformUtils
WARNING: Method definition *(TransformUtils.SO3, TransformUtils.so3) in module TransformUtils at /home/vagrant/.julia/v0.6/TransformUtils/src/TransformUtils.jl:176 overwritten at /home/vagrant/.julia/v0.6/TransformUtils/src/TransformUtils.jl:203.
WARNING: Method definition *(TransformUtils.so3, TransformUtils.SO3) in module TransformUtils at /home/vagrant/.julia/v0.6/TransformUtils/src/TransformUtils.jl:179 overwritten at /home/vagrant/.julia/v0.6/TransformUtils/src/TransformUtils.jl:204.
[TEST] constructors SO3, Quaternion, AngleAxis... [SUCCESS]
[TEST] comparison functions for SO3, Quaternion, AngleAxis... [SUCCESS]
[TEST] trivial case quaterion -> SO3 -> Euler -> quaternion... [SUCCESS]
[TEST] convert functions 
WARNING: Need better coverage on convert function tests
[TEST] compare SO3 and quaternion rotations... dAA = TransformUtils.AngleAxis(0.7853981633974483,[1.0,0.0,0.0])
dAA = TransformUtils.so3([0.0 0.0143912 -0.0326662; -0.0143912 0.0 0.120663; 0.0326662 -0.120663 0.0])
dAA = TransformUtils.so3([0.0 0.0292068 -0.000550359; -0.0292068 0.0 -0.0210963; 0.000550359 0.0210963 0.0])
dAA = TransformUtils.so3([0.0 -0.116955 -0.0444422; 0.116955 0.0 -0.0263108; 0.0444422 0.0263108 0.0])
dAA = TransformUtils.Quaternion(0.9992301244247156,[-0.0297365,0.0181798,0.018011])
dAA = TransformUtils.SO3([0.977824 -0.049692 -0.203446; 0.057994 0.997702 0.035047; 0.201237 -0.0460685 0.978459])
[SUCCESS]
[TEST] basic SE3 mechanics... [SUCCESS]
INFO: TransformUtils tests passed

>>> End of log
