>>> 'Pkg.add("TransformUtils")' log
INFO: Cloning cache of TransformUtils from git://github.com/dehann/TransformUtils.jl.git
INFO: Installing TransformUtils v0.0.4
INFO: Package database updated

>>> 'Pkg.test("TransformUtils")' log
Julia Version 0.4.7
Commit ae26b25 (2016-09-18 16:17 UTC)
Platform Info:
  System: Linux (x86_64-pc-linux-gnu)
  CPU: Intel(R) Xeon(R) CPU E3-1241 v3 @ 3.50GHz
  WORD_SIZE: 64
           Ubuntu 14.04.5 LTS
  uname: Linux 3.13.0-106-generic #153-Ubuntu SMP Tue Dec 6 15:44:32 UTC 2016 x86_64 x86_64
Memory: 2.9392738342285156 GB (353.28125 MB free)
Uptime: 33744.0 sec
Load Avg:  0.83935546875  0.919921875  0.94091796875
Intel(R) Xeon(R) CPU E3-1241 v3 @ 3.50GHz: 
       speed         user         nice          sys         idle          irq
#1  3500 MHz    1633458 s       2230 s     139704 s    1246508 s        143 s
#2  3500 MHz    1106690 s       4090 s     124732 s    2013839 s          2 s

  BLAS: libopenblas (USE64BITINT DYNAMIC_ARCH NO_AFFINITY Nehalem)
  LAPACK: libopenblas64_
  LIBM: libopenlibm
  LLVM: libLLVM-3.3
Environment:
  TERM = vt100
  LD_LIBRARY_PATH = :/usr/local/lib/
  PATH = /usr/local/sbin:/usr/local/bin:/usr/sbin:/usr/bin:/sbin:/bin:/usr/games:/usr/local/games:/home/vagrant/julia/bin/
  JAVA_HOME = /usr/lib/jvm/java-7-oracle
  HOME = /home/vagrant

Package Directory: /home/vagrant/.julia/v0.4
2 required packages:
 - JSON                          0.8.0
 - TransformUtils                0.0.4
1 additional packages:
 - Compat                        0.10.0
INFO: Testing TransformUtils
WARNING: could not import Base.normalize into TransformUtils
WARNING: could not import Base.normalize! into TransformUtils
[TEST] constructors SO3, Quaternion, AngleAxis... [SUCCESS]
[TEST] comparison functions for SO3, Quaternion, AngleAxis... [SUCCESS]
[TEST] trivial case quaterion -> SO3 -> Euler -> quaternion... [SUCCESS]
[TEST] convert functions 
WARNING: Need better coverage on convert function tests
[TEST] compare SO3 and quaternion rotations... dAA = TransformUtils.AngleAxis(0.7853981633974483,[1.0,0.0,0.0])
dAA = TransformUtils.so3([0.0 0.07697363393417805 -0.10741118006122126
 -0.07697363393417805 0.0 -0.19646516461274366
 0.10741118006122126 0.19646516461274366 0.0])
dAA = TransformUtils.so3([0.0 0.053035930191001945 0.22792481884276686
 -0.053035930191001945 0.0 0.26122217719681745
 -0.22792481884276686 -0.26122217719681745 0.0])
dAA = TransformUtils.so3([0.0 -0.0061918978342913105 0.06861544273427247
 0.0061918978342913105 0.0 -0.08575333042133686
 -0.06861544273427247 0.08575333042133686 0.0])
dAA = TransformUtils.Quaternion(0.9988916747851803,[-0.02940488848948591,-0.020242536225260663,-0.03067595646345275])
dAA = TransformUtils.SO3([0.9937909742225609 -0.0184790106168115 -0.10971793709506926
 0.01765301557403304 0.9998080843766323 -0.008495025383842232
 0.10985386017303513 0.0065054270999639185 0.9939264604704569])
[SUCCESS]
[TEST] basic SE3 mechanics... [SUCCESS]
INFO: TransformUtils tests passed

>>> End of log
