>>> 'Pkg.add("TransformUtils")' log
INFO: Cloning cache of TransformUtils from https://github.com/dehann/TransformUtils.jl.git
INFO: Installing TransformUtils v0.0.2
INFO: Package database updated

>>> 'Pkg.test("TransformUtils")' log
Julia Version 0.6.0-dev.994
Commit 1ea0de1 (2016-10-17 12:32 UTC)
Platform Info:
  OS: Linux (x86_64-pc-linux-gnu)
  CPU: Intel(R) Xeon(R) CPU E3-1241 v3 @ 3.50GHz
  WORD_SIZE: 64
           Ubuntu 14.04.5 LTS
  uname: Linux 3.13.0-98-generic #145-Ubuntu SMP Sat Oct 8 20:13:07 UTC 2016 x86_64 x86_64
Memory: 2.939289093017578 GB (525.37109375 MB free)
Uptime: 44016.0 sec
Load Avg:  0.2236328125  0.1337890625  0.1875
Intel(R) Xeon(R) CPU E3-1241 v3 @ 3.50GHz: 
       speed         user         nice          sys         idle          irq
#1  3499 MHz     991913 s       2348 s     164238 s    3061795 s         28 s
#2  3499 MHz     243367 s         78 s      56293 s    4058347 s          1 s

  BLAS: libopenblas (USE64BITINT DYNAMIC_ARCH NO_AFFINITY Nehalem)
  LAPACK: libopenblas64_
  LIBM: libopenlibm
  LLVM: libLLVM-3.7.1 (ORCJIT, haswell)
Environment:
  TERM = vt100
  LD_LIBRARY_PATH = :/usr/local/lib/
  PATH = /usr/local/sbin:/usr/local/bin:/usr/sbin:/usr/bin:/sbin:/bin:/usr/games:/usr/local/games:/home/vagrant/julia/bin/
  JAVA_HOME = /usr/lib/jvm/java-7-oracle
  HOME = /home/vagrant

Package Directory: /home/vagrant/.julia/v0.6
2 required packages:
 - JSON                          0.8.0
 - TransformUtils                0.0.2
1 additional packages:
 - Compat                        0.9.2
INFO: Testing TransformUtils
WARNING: Method definition *(TransformUtils.SO3, TransformUtils.so3) in module TransformUtils at /home/vagrant/.julia/v0.6/TransformUtils/src/TransformUtils.jl:176 overwritten at /home/vagrant/.julia/v0.6/TransformUtils/src/TransformUtils.jl:203.
WARNING: Method definition *(TransformUtils.so3, TransformUtils.SO3) in module TransformUtils at /home/vagrant/.julia/v0.6/TransformUtils/src/TransformUtils.jl:179 overwritten at /home/vagrant/.julia/v0.6/TransformUtils/src/TransformUtils.jl:204.
[TEST] constructors SO3, Quaternion, AngleAxis... [SUCCESS]
[TEST] comparison functions for SO3, Quaternion, AngleAxis... [SUCCESS]
[TEST] trivial case quaterion -> SO3 -> Euler -> quaternion... [SUCCESS]
[TEST] convert functions 
WARNING: Need better coverage on convert function tests
[TEST] compare SO3 and quaternion rotations... dAA = TransformUtils.AngleAxis(0.7853981633974483,[1.0,0.0,0.0])
dAA = TransformUtils.so3([0.0 -0.294677 0.1639; 0.294677 0.0 -0.111219; -0.1639 0.111219 0.0])
dAA = TransformUtils.so3([0.0 -0.0660305 0.204288; 0.0660305 0.0 0.124559; -0.204288 -0.124559 0.0])
dAA = TransformUtils.so3([0.0 0.118037 -0.0275718; -0.118037 0.0 -0.00181428; 0.0275718 0.00181428 0.0])
dAA = TransformUtils.Quaternion(0.9937481413376649,[0.05224,-0.0627759,0.0761236])
dAA = TransformUtils.SO3([0.996057 0.0705643 -0.0537609; -0.0610619 0.984979 0.161515; 0.0643505 -0.157596 0.985405])
[SUCCESS]
[TEST] basic SE3 mechanics... [SUCCESS]
INFO: TransformUtils tests passed

>>> End of log
