>>> 'Pkg.add("TransformUtils")' log
INFO: Installing TranscodingStreams v0.5.2
INFO: Installing TransformUtils v0.1.0
INFO: Package database updated

>>> 'Pkg.test("TransformUtils")' log
Julia Version 0.6.3
Commit d55cadc350 (2018-05-28 20:20 UTC)
Platform Info:
  OS: Linux (x86_64-pc-linux-gnu)
  CPU: Intel(R) Xeon(R) CPU E3-1241 v3 @ 3.50GHz
  WORD_SIZE: 64
           Ubuntu 14.04.5 LTS
  uname: Linux 3.13.0-143-generic #192-Ubuntu SMP Tue Feb 27 10:45:36 UTC 2018 x86_64 x86_64
Memory: 2.939197540283203 GB (2314.55078125 MB free)
Uptime: 75128.0 sec
Load Avg:  1.150390625  1.1181640625  1.07177734375
Intel(R) Xeon(R) CPU E3-1241 v3 @ 3.50GHz: 
       speed         user         nice          sys         idle          irq
#1  3499 MHz    4815237 s       3314 s     351241 s    1105542 s         13 s
#2  3499 MHz     685552 s        513 s     103994 s    6608433 s          0 s

  BLAS: libopenblas (USE64BITINT DYNAMIC_ARCH NO_AFFINITY Nehalem)
  LAPACK: libopenblas64_
  LIBM: libopenlibm
  LLVM: libLLVM-3.9.1 (ORCJIT, haswell)
Environment:
  TERM = vt100
  LD_LIBRARY_PATH = :/usr/local/lib/
  PATH = /usr/local/sbin:/usr/local/bin:/usr/sbin:/usr/bin:/sbin:/bin:/usr/games:/usr/local/games:/home/vagrant/julia/bin/
  JAVA_HOME = /usr/lib/jvm/java-8-openjdk-amd64
  HOME = /home/vagrant

Package Directory: /home/vagrant/.julia/v0.6
10 required packages:
 - Cairo                         0.5.2
 - Colors                        0.8.2
 - Conda                         0.8.1
 - Distributions                 0.15.0
 - JSON                          0.17.2
 - POMDPModels                   0.2.2
 - PyCall                        1.17.1
 - PyPlot                        2.5.0
 - RDatasets                     0.4.0
 - TransformUtils                0.1.0
71 additional packages:
 - AbstractTrees                 0.1.0
 - AssetRegistry                 0.0.1
 - AutoHashEquals                0.2.0
 - BinDeps                       0.8.8
 - BinaryProvider                0.3.2
 - Blink                         0.6.2
 - CPUTime                       0.0.5
 - CSV                           0.2.5
 - Calculus                      0.4.0
 - CategoricalArrays             0.3.10
 - CodecZlib                     0.4.3
 - ColorTypes                    0.6.7
 - Compat                        0.69.0
 - D3Trees                       0.2.0
 - DataFrames                    0.11.6
 - DataStreams                   0.3.6
 - DataStructures                0.8.3
 - DiscreteValueIteration        0.0.0-             master (unregistered)
 - Emoji_Entities                0.2.4              81d15593 (dirty)
 - FileIO                        0.9.0
 - FixedPointNumbers             0.4.6
 - Graphics                      0.3.0
 - HTML_Entities                 0.2.4              1a5cf18a (dirty)
 - Hiccup                        0.1.1
 - HttpCommon                    0.4.0
 - HttpParser                    0.3.1
 - HttpServer                    0.3.1
 - InternedStrings               0.6.2
 - Iterators                     0.3.1
 - LaTeXStrings                  1.0.0
 - LaTeX_Entities                0.2.4              96871748 (dirty)
 - Lazy                          0.12.1
 - LightXML                      0.6.0
 - MCTS                          0.0.0-             master (unregistered)
 - MacroTools                    0.4.1
 - MbedTLS                       0.5.11
 - Missings                      0.2.9
 - Mocking                       0.5.3
 - Mustache                      0.3.2
 - Mux                           0.3.0
 - NaNMath                       0.3.1
 - NamedTuples                   4.0.2
 - Nullables                     0.0.5
 - PDMats                        0.8.0
 - POMDPToolbox                  0.2.7
 - POMDPXFiles                   0.0.0-             master (unregistered)
 - POMDPs                        0.6.7
 - Pidfile                       1.0.0
 - ProgressMeter                 0.5.5
 - QMDP                          0.0.0-             master (unregistered)
 - QuadGK                        0.2.1
 - RData                         0.4.0
 - Reexport                      0.1.0
 - Requires                      0.4.4
 - Rmath                         0.3.3
 - SARSOP                        0.0.0-             master (unregistered)
 - SHA                           0.5.7
 - SortingAlgorithms             0.2.1
 - SpecialFunctions              0.5.0
 - StaticArrays                  0.7.1
 - StatsBase                     0.23.0
 - StatsFuns                     0.6.0
 - StrTables                     0.2.4
 - TabularTDLearning             0.0.0-             master (unregistered)
 - TikzPictures                  1.2.0
 - TimeZones                     0.7.2
 - TranscodingStreams            0.5.2
 - URIParser                     0.3.1
 - VersionParsing                1.1.1
 - WeakRefStrings                0.4.7
 - WebSockets                    0.5.0
INFO: Testing TransformUtils
[TEST] constructors SO3, Quaternion, AngleAxis... [SUCCESS]
[TEST] comparison functions for SO3, Quaternion, AngleAxis... [SUCCESS]
[TEST] trivial case quaterion -> SO3 -> Euler -> quaternion... [SUCCESS]
[TEST] convert functions 
WARNING: Need better coverage on convert function tests
[TEST] compare SO3 and quaternion rotations... dAA = TransformUtils.AngleAxis(0.7853981633974483, [1.0, 0.0, 0.0])
dAA = TransformUtils.so3([0.0 -0.0599243 0.063627; 0.0599243 0.0 0.0560154; -0.063627 -0.0560154 0.0])
dAA = TransformUtils.so3([0.0 0.0472915 0.0243206; -0.0472915 0.0 0.129968; -0.0243206 -0.129968 0.0])
dAA = TransformUtils.so3([0.0 -0.106207 -0.0109537; 0.106207 0.0 -0.0988337; 0.0109537 0.0988337 0.0])
dAA = TransformUtils.Quaternion(0.9989240034378618, [0.00691913, 0.0409513, -0.0206386])
dAA = TransformUtils.SO3([0.999674 0.0106346 -0.0232114; -0.00649933 0.985171 0.171453; 0.0246905 -0.171246 0.984919])
[SUCCESS]
[TEST] basic SE3 mechanics... [SUCCESS]
[TEST] SE3 ⊕ and ⊖ mechanics... Compare operations on two different SE3 transforms
xi = TransformUtils.SE3(TransformUtils.SO3([0.981477 0.184433 -0.0518353; -0.19096 0.920093 -0.342; -0.0153826 0.345564 0.938269]), [-0.415339, 0.0676905, 0.959098])
xj = TransformUtils.SE3(TransformUtils.SO3([0.983345 0.131316 -0.125652; -0.154116 0.968918 -0.193512; 0.0963355 0.209655 0.973018]), [-0.790908, 0.220275, 0.439552])
Dx = TransformUtils.SE3(TransformUtils.SO3([0.993079 -0.0593662 -0.101339; 0.07285 0.988162 0.135016; 0.0921243 -0.141464 0.985648]), [-0.389758, -0.108412, -0.52019])
[SUCCESS]
[TEST] previous discovered issues
TransformUtils.convert(Euler, q) = TransformUtils.Euler(0.7853981633974484, 0.0, 1.5707963267948963, TransformUtils.Quaternion(1.0, [0.0, 0.0, 0.0]))
INFO: TransformUtils tests passed

>>> End of log
