>>> 'Pkg.add("TransformUtils")' log
INFO: Cloning cache of TransformUtils from git://github.com/dehann/TransformUtils.jl.git
INFO: Installing TransformUtils v0.0.7
INFO: Package database updated

>>> 'Pkg.test("TransformUtils")' log
Julia Version 0.4.7
Commit ae26b25 (2016-09-18 16:17 UTC)
Platform Info:
  System: Linux (x86_64-pc-linux-gnu)
  CPU: Intel(R) Xeon(R) CPU E3-1241 v3 @ 3.50GHz
  WORD_SIZE: 64
           Ubuntu 14.04.5 LTS
  uname: Linux 3.13.0-135-generic #184-Ubuntu SMP Wed Oct 18 11:55:51 UTC 2017 x86_64 x86_64
Memory: 2.93927001953125 GB (460.65625 MB free)
Uptime: 58432.0 sec
Load Avg:  0.947265625  0.95654296875  0.9970703125
Intel(R) Xeon(R) CPU E3-1241 v3 @ 3.50GHz: 
       speed         user         nice          sys         idle          irq
#1  3500 MHz    2684556 s       6815 s     226575 s    2356591 s        142 s
#2  3500 MHz    2043450 s        116 s     197292 s    3396850 s          2 s

  BLAS: libopenblas (USE64BITINT DYNAMIC_ARCH NO_AFFINITY Nehalem)
  LAPACK: libopenblas64_
  LIBM: libopenlibm
  LLVM: libLLVM-3.3
Environment:
  TERM = vt100
  LD_LIBRARY_PATH = :/usr/local/lib/
  PATH = /usr/local/sbin:/usr/local/bin:/usr/sbin:/usr/bin:/sbin:/bin:/usr/games:/usr/local/games:/home/vagrant/julia/bin/
  JAVA_HOME = /usr/lib/jvm/java-8-openjdk-amd64
  HOME = /home/vagrant

Package Directory: /home/vagrant/.julia/v0.4
2 required packages:
 - JSON                          0.9.1
 - TransformUtils                0.0.7
1 additional packages:
 - Compat                        0.26.0
INFO: Testing TransformUtils
WARNING: could not import Base.normalize into TransformUtils
WARNING: could not import Base.normalize! into TransformUtils
[TEST] constructors SO3, Quaternion, AngleAxis... [SUCCESS]
[TEST] comparison functions for SO3, Quaternion, AngleAxis... [SUCCESS]
[TEST] trivial case quaterion -> SO3 -> Euler -> quaternion... [SUCCESS]
[TEST] convert functions 
WARNING: Need better coverage on convert function tests
[TEST] compare SO3 and quaternion rotations... dAA = TransformUtils.AngleAxis(0.7853981633974483,[1.0,0.0,0.0])
dAA = TransformUtils.so3([0.0 -0.1345251779070199 -0.09651455970993603
 0.1345251779070199 0.0 0.07295781078915782
 0.09651455970993603 -0.07295781078915782 0.0])
dAA = TransformUtils.so3([0.0 0.04544489190627767 -0.2002353274777836
 -0.04544489190627767 0.0 0.020582090086548214
 0.2002353274777836 -0.020582090086548214 0.0])
dAA = TransformUtils.so3([0.0 -0.03510948788084885 -0.07127320162389104
 0.03510948788084885 0.0 0.015642428993713195
 0.07127320162389104 -0.015642428993713195 0.0])
dAA = TransformUtils.Quaternion(0.9970882739290297,[0.03710368299650629,-0.06645594159371573,0.004679586329580009])
dAA = TransformUtils.SO3([0.9900428342416975 -0.06679964001760462 0.12390720100214256
 0.06384131865586783 0.9975755990869831 0.027698558419656745
 -0.12545705400234322 -0.01951236017927175 0.991907150594897])
[SUCCESS]
[TEST] basic SE3 mechanics... [SUCCESS]
[TEST] SE3 ⊕ and ⊖ mechanics... Compare operations on two different SE3 transforms
xi = TransformUtils.SE3(TransformUtils.SO3([0.983322101469896 -0.15015588750522424 0.10261995034273813
 0.17193008828213685 0.9514629651367501 -0.2552611813740588
 -0.05931011300043386 0.2686474184143632 0.9614108773439033]),[-1.0884606188264627,-1.413076075480854,0.5112037318818661])
xj = TransformUtils.SE3(TransformUtils.SO3([0.9914588436507803 0.025730553881719655 0.1278565600334901
 -0.057751999149235386 0.9656068207021637 0.2535116849530336
 -0.11693617037052417 -0.2587303739617739 0.9588454128005601]),[-1.1522847901450939,0.5815337062107565,-0.38750346094949173])
Dx = TransformUtils.SE3(TransformUtils.SO3([0.9719295848259143 0.2066636159604308 0.11244123789022284
 -0.23523687123569634 0.845368287597227 0.4795999090243582
 0.004061594682697248 -0.4925876654597553 0.8702533512061541]),[0.3334761427501718,1.6659455450031364,-1.3797229532815103])
[SUCCESS]
[TEST] previous discovered issues
TransformUtils.convert(Euler,q) = TransformUtils.Euler(0.7853981633974484,0.0,1.5707963267948963,TransformUtils.Quaternion(1.0,[0.0,0.0,0.0]))
INFO: TransformUtils tests passed

>>> End of log
