>>> 'Pkg.add("TransformUtils")' log
INFO: Installing TransformUtils v0.0.6
INFO: Package database updated
INFO: METADATA is out-of-date — you may not have the latest version of TransformUtils
INFO: Use `Pkg.update()` to get the latest versions of your packages

>>> 'Pkg.test("TransformUtils")' log
Julia Version 0.6.0
Commit 9036443 (2017-06-19 13:05 UTC)
Platform Info:
  OS: Linux (x86_64-pc-linux-gnu)
  CPU: Intel(R) Xeon(R) CPU E3-1241 v3 @ 3.50GHz
  WORD_SIZE: 64
           Ubuntu 14.04.5 LTS
  uname: Linux 3.13.0-126-generic #175-Ubuntu SMP Thu Jul 20 17:33:56 UTC 2017 x86_64 x86_64
Memory: 2.9392738342285156 GB (2415.05859375 MB free)
Uptime: 77774.0 sec
Load Avg:  1.0927734375  1.14111328125  1.10009765625
Intel(R) Xeon(R) CPU E3-1241 v3 @ 3.50GHz: 
       speed         user         nice          sys         idle          irq
#1  3500 MHz    5196453 s       6971 s     235006 s    1077611 s         57 s
#2  3500 MHz    1076982 s         90 s     123118 s    6421888 s          5 s

  BLAS: libopenblas (USE64BITINT DYNAMIC_ARCH NO_AFFINITY Nehalem)
  LAPACK: libopenblas64_
  LIBM: libopenlibm
  LLVM: libLLVM-3.9.1 (ORCJIT, haswell)
Environment:
  TERM = vt100
  LD_LIBRARY_PATH = :/usr/local/lib/
  PATH = /usr/local/sbin:/usr/local/bin:/usr/sbin:/usr/bin:/sbin:/bin:/usr/games:/usr/local/games:/home/vagrant/julia/bin/
  JAVA_HOME = /usr/lib/jvm/java-8-openjdk-amd64
  HOME = /home/vagrant

Package Directory: /home/vagrant/.julia/v0.6
2 required packages:
 - JSON                          0.13.0
 - TransformUtils                0.0.6
1 additional packages:
 - Compat                        0.29.0
INFO: Testing TransformUtils

WARNING: deprecated syntax "typealias FloatInt Union{Float64,Int}" at /home/vagrant/.julia/v0.6/TransformUtils/src/TransformUtils.jl:77.
Use "const FloatInt = Union{Float64,Int}" instead.

WARNING: deprecated syntax "typealias VectorFloatInt Union{Vector{Float64},Vector{Int}}" at /home/vagrant/.julia/v0.6/TransformUtils/src/TransformUtils.jl:78.
Use "const VectorFloatInt = Union{Vector{Float64},Vector{Int}}" instead.

WARNING: deprecated syntax "typealias AxisAngle AngleAxis" at /home/vagrant/.julia/v0.6/TransformUtils/src/TransformUtils.jl:97.
Use "const AxisAngle = AngleAxis" instead.

WARNING: deprecated syntax "typealias FloatInt Union{Float64,Int}" at /home/vagrant/.julia/v0.6/TransformUtils/src/TransformUtils.jl:77.
Use "const FloatInt = Union{Float64,Int}" instead.

WARNING: deprecated syntax "typealias VectorFloatInt Union{Vector{Float64},Vector{Int}}" at /home/vagrant/.julia/v0.6/TransformUtils/src/TransformUtils.jl:78.
Use "const VectorFloatInt = Union{Vector{Float64},Vector{Int}}" instead.

WARNING: deprecated syntax "typealias AxisAngle AngleAxis" at /home/vagrant/.julia/v0.6/TransformUtils/src/TransformUtils.jl:97.
Use "const AxisAngle = AngleAxis" instead.
WARNING: Method definition *(TransformUtils.SO3, TransformUtils.so3) in module TransformUtils at /home/vagrant/.julia/v0.6/TransformUtils/src/TransformUtils.jl:202 overwritten at /home/vagrant/.julia/v0.6/TransformUtils/src/TransformUtils.jl:229.
WARNING: Method definition *(TransformUtils.so3, TransformUtils.SO3) in module TransformUtils at /home/vagrant/.julia/v0.6/TransformUtils/src/TransformUtils.jl:205 overwritten at /home/vagrant/.julia/v0.6/TransformUtils/src/TransformUtils.jl:230.
WARNING: Method definition compare(TransformUtils.SE3, TransformUtils.SE3) in module TransformUtils at /home/vagrant/.julia/v0.6/TransformUtils/src/TransformUtils.jl:259 overwritten at /home/vagrant/.julia/v0.6/TransformUtils/src/TransformUtils.jl:272.
WARNING: Method definition #compare(Array{Any, 1}, typeof(TransformUtils.compare), TransformUtils.SE3, TransformUtils.SE3) in module TransformUtils overwritten.
WARNING: Method definition *(TransformUtils.SO3, TransformUtils.so3) in module TransformUtils at /home/vagrant/.julia/v0.6/TransformUtils/src/TransformUtils.jl:229 overwritten at /home/vagrant/.julia/v0.6/TransformUtils/src/TransformUtils.jl:202.
WARNING: Method definition *(TransformUtils.so3, TransformUtils.SO3) in module TransformUtils at /home/vagrant/.julia/v0.6/TransformUtils/src/TransformUtils.jl:230 overwritten at /home/vagrant/.julia/v0.6/TransformUtils/src/TransformUtils.jl:205.
[TEST] constructors SO3, Quaternion, AngleAxis... [SUCCESS]
[TEST] comparison functions for SO3, Quaternion, AngleAxis... [SUCCESS]
[TEST] trivial case quaterion -> SO3 -> Euler -> quaternion... [SUCCESS]
[TEST] convert functions 
WARNING: Need better coverage on convert function tests
[TEST] compare SO3 and quaternion rotations... dAA = TransformUtils.AngleAxis(0.7853981633974483, [1.0, 0.0, 0.0])
dAA = TransformUtils.so3([0.0 0.0508264 0.122538; -0.0508264 0.0 -0.183127; -0.122538 0.183127 0.0])
dAA = TransformUtils.so3([0.0 -0.151699 0.0511575; 0.151699 0.0 0.0139752; -0.0511575 -0.0139752 0.0])
dAA = TransformUtils.so3([0.0 0.0784978 -0.0718144; -0.0784978 0.0 -0.134589; 0.0718144 0.134589 0.0])
dAA = TransformUtils.Quaternion(0.99706289952302, [-0.0106211, -0.0758259, -0.00178986])
dAA = TransformUtils.SO3([0.990954 0.00216977 0.134188; 0.00873955 0.996704 -0.0806563; -0.133921 0.0810994 0.987668])
[SUCCESS]
[TEST] basic SE3 mechanics... [SUCCESS]
[TEST] SE3 ⊕ and ⊖ mechanics... Compare operations on two different SE3 transforms
xi = TransformUtils.SE3(TransformUtils.SO3([0.999225 -0.00585458 0.0389238; 0.00142242 0.993602 0.112933; -0.039336 -0.11279 0.99284]), [-0.0273101, 0.3847, 0.821724])
xj = TransformUtils.SE3(TransformUtils.SO3([0.756286 0.0737912 -0.650067; -0.194442 0.974073 -0.115643; 0.624679 0.213859 0.751026]), [-2.03062, 0.0011338, 1.62084])
Dx = TransformUtils.SE3(TransformUtils.SO3([0.730851 0.0667072 -0.67927; -0.268084 0.943288 -0.195806; 0.627685 0.325206 0.707285]), [-2.03374, -0.459516, 0.672099])
[SUCCESS]
[TEST] previous discovered issues
TransformUtils.convert(Euler, q) = TransformUtils.Euler(0.7853981633974484, 0.0, 1.5707963267948963, TransformUtils.Quaternion(1.0, [0.0, 0.0, 0.0]))
INFO: TransformUtils tests passed

>>> End of log
