>>> 'Pkg.add("TransformUtils")' log
INFO: Cloning cache of TransformUtils from git://github.com/dehann/TransformUtils.jl.git
INFO: Installing TransformUtils v0.0.2
INFO: Package database updated
INFO: METADATA is out-of-date — you may not have the latest version of TransformUtils
INFO: Use `Pkg.update()` to get the latest versions of your packages

>>> 'Pkg.test("TransformUtils")' log
Julia Version 0.4.7
Commit ae26b25 (2016-09-18 16:17 UTC)
Platform Info:
  System: Linux (x86_64-pc-linux-gnu)
  CPU: Intel(R) Xeon(R) CPU E3-1241 v3 @ 3.50GHz
  WORD_SIZE: 64
           Ubuntu 14.04.5 LTS
  uname: Linux 3.13.0-100-generic #147-Ubuntu SMP Tue Oct 18 16:48:51 UTC 2016 x86_64 x86_64
Memory: 2.939289093017578 GB (1102.62890625 MB free)
Uptime: 30831.0 sec
Load Avg:  0.9169921875  0.931640625  1.00244140625
Intel(R) Xeon(R) CPU E3-1241 v3 @ 3.50GHz: 
       speed         user         nice          sys         idle          irq
#1  3499 MHz    1505469 s       6609 s     126566 s    1119852 s        151 s
#2  3499 MHz     908805 s        130 s     107780 s    1930274 s          4 s

  BLAS: libopenblas (USE64BITINT DYNAMIC_ARCH NO_AFFINITY Nehalem)
  LAPACK: libopenblas64_
  LIBM: libopenlibm
  LLVM: libLLVM-3.3
Environment:
  TERM = vt100
  LD_LIBRARY_PATH = :/usr/local/lib/
  PATH = /usr/local/sbin:/usr/local/bin:/usr/sbin:/usr/bin:/sbin:/bin:/usr/games:/usr/local/games:/home/vagrant/julia/bin/
  JAVA_HOME = /usr/lib/jvm/java-7-oracle
  HOME = /home/vagrant

Package Directory: /home/vagrant/.julia/v0.4
2 required packages:
 - JSON                          0.8.0
 - TransformUtils                0.0.2
1 additional packages:
 - Compat                        0.9.3
INFO: Testing TransformUtils
[TEST] constructors SO3, Quaternion, AngleAxis... [SUCCESS]
[TEST] comparison functions for SO3, Quaternion, AngleAxis... [SUCCESS]
[TEST] trivial case quaterion -> SO3 -> Euler -> quaternion... [SUCCESS]
[TEST] convert functions 
WARNING: Need better coverage on convert function tests
[TEST] compare SO3 and quaternion rotations... dAA = TransformUtils.AngleAxis(0.7853981633974483,[1.0,0.0,0.0])
dAA = TransformUtils.so3([0.0 -0.2497112624604111 0.17510472896649068
 0.2497112624604111 0.0 0.05722757188768884
 -0.17510472896649068 -0.05722757188768884 0.0])
dAA = TransformUtils.so3([0.0 -0.047034422157021534 -0.09467192783447742
 0.047034422157021534 0.0 -0.0016523382558924146
 0.09467192783447742 0.0016523382558924146 0.0])
dAA = TransformUtils.so3([0.0 0.07840232793299762 0.06447409982684285
 -0.07840232793299762 0.0 0.13766116604676684
 -0.06447409982684285 -0.13766116604676684 0.0])
dAA = TransformUtils.Quaternion(0.9982148595222313,[0.05136606173038507,-0.02541443040829707,-0.016814537113588355])
dAA = TransformUtils.SO3([0.9910646086412879 -0.046176023293183356 0.12513479280966933
 0.047014988785905855 0.9988871148692705 -0.0037580018103312825
 -0.12482200258028482 0.009607633474102477 0.9921326327920451])
[SUCCESS]
[TEST] basic SE3 mechanics... [SUCCESS]
INFO: TransformUtils tests passed

>>> End of log
