>>> 'Pkg.add("TransformUtils")' log
INFO: Cloning cache of TransformUtils from git://github.com/dehann/TransformUtils.jl.git
INFO: Installing TransformUtils v0.0.6
INFO: Package database updated

>>> 'Pkg.test("TransformUtils")' log
Julia Version 0.4.7
Commit ae26b25 (2016-09-18 16:17 UTC)
Platform Info:
  System: Linux (x86_64-pc-linux-gnu)
  CPU: Intel(R) Xeon(R) CPU E3-1241 v3 @ 3.50GHz
  WORD_SIZE: 64
           Ubuntu 14.04.5 LTS
  uname: Linux 3.13.0-128-generic #177-Ubuntu SMP Tue Aug 8 11:40:23 UTC 2017 x86_64 x86_64
Memory: 2.9392738342285156 GB (455.83984375 MB free)
Uptime: 49543.0 sec
Load Avg:  1.03271484375  1.0029296875  0.98681640625
Intel(R) Xeon(R) CPU E3-1241 v3 @ 3.50GHz: 
       speed         user         nice          sys         idle          irq
#1  3501 MHz    2357071 s        841 s     178150 s    1909556 s        131 s
#2  3501 MHz    1733820 s       5869 s     149229 s    2867905 s          1 s

  BLAS: libopenblas (USE64BITINT DYNAMIC_ARCH NO_AFFINITY Nehalem)
  LAPACK: libopenblas64_
  LIBM: libopenlibm
  LLVM: libLLVM-3.3
Environment:
  TERM = vt100
  LD_LIBRARY_PATH = :/usr/local/lib/
  PATH = /usr/local/sbin:/usr/local/bin:/usr/sbin:/usr/bin:/sbin:/bin:/usr/games:/usr/local/games:/home/vagrant/julia/bin/
  JAVA_HOME = /usr/lib/jvm/java-8-openjdk-amd64
  HOME = /home/vagrant

Package Directory: /home/vagrant/.julia/v0.4
2 required packages:
 - JSON                          0.9.1
 - TransformUtils                0.0.6
1 additional packages:
 - Compat                        0.26.0
INFO: Testing TransformUtils
WARNING: could not import Base.normalize into TransformUtils
WARNING: could not import Base.normalize! into TransformUtils
[TEST] constructors SO3, Quaternion, AngleAxis... [SUCCESS]
[TEST] comparison functions for SO3, Quaternion, AngleAxis... [SUCCESS]
[TEST] trivial case quaterion -> SO3 -> Euler -> quaternion... [SUCCESS]
[TEST] convert functions 
WARNING: Need better coverage on convert function tests
[TEST] compare SO3 and quaternion rotations... dAA = TransformUtils.AngleAxis(0.7853981633974483,[1.0,0.0,0.0])
dAA = TransformUtils.so3([0.0 0.14512242141651063 0.040258948367797226
 -0.14512242141651063 0.0 -0.04019368114433913
 -0.040258948367797226 0.04019368114433913 0.0])
dAA = TransformUtils.so3([0.0 -0.056910665430536606 -0.00884345124666717
 0.056910665430536606 0.0 0.061103499297482294
 0.00884345124666717 -0.061103499297482294 0.0])
dAA = TransformUtils.so3([0.0 -0.04006577943179754 -0.042669925198653924
 0.04006577943179754 0.0 0.05206717611697323
 0.042669925198653924 -0.05206717611697323 0.0])
dAA = TransformUtils.Quaternion(0.9982320452718126,[0.018412449336803905,0.041760625154000135,0.038076445325429975])
dAA = TransformUtils.SO3([0.9833997506338498 0.0792992433283815 0.16320710910015032
 -0.10278605625269645 0.9846736371165749 0.1409001597147196
 -0.1495324616707013 -0.15533659702453287 0.9764786656817129])
[SUCCESS]
[TEST] basic SE3 mechanics... [SUCCESS]
[TEST] SE3 ⊕ and ⊖ mechanics... Compare operations on two different SE3 transforms
xi = TransformUtils.SE3(TransformUtils.SO3([0.8692770269594621 -0.21580218371483095 -0.4447323553604222
 0.3242236790239096 0.9280295987314878 0.1834122946764325
 0.3731440155767199 -0.30362885466006684 0.8766829884611065]),[1.2198340384194313,-1.0407217291509,-0.5855579920510495])
xj = TransformUtils.SE3(TransformUtils.SO3([0.9981224148815605 -0.0011480204047569335 0.06123991312985475
 0.004554604878196194 0.9984473910276032 -0.055516330251341534
 -0.061081097611334775 0.05569101722291278 0.9965779498440008]),[2.0472116144418746,0.48518887923579446,-1.3973796345989862])
Dx = TransformUtils.SE3(TransformUtils.SO3([0.8463295500614236 0.3435031084645676 0.40710183881678497
 -0.192624204899559 0.9099270771858962 -0.3673263261607381
 -0.4966107211686438 0.23246145633010135 0.8362651869719602]),[0.9110302831380364,1.484032797453982,-0.7998010356878722])
[SUCCESS]
[TEST] previous discovered issues
TransformUtils.convert(Euler,q) = TransformUtils.Euler(0.7853981633974484,0.0,1.5707963267948963,TransformUtils.Quaternion(1.0,[0.0,0.0,0.0]))
INFO: TransformUtils tests passed

>>> End of log
