>>> 'Pkg.add("TransformUtils")' log
INFO: Installing TranscodingStreams v0.5.3
INFO: Installing TransformUtils v0.1.0
INFO: Package database updated

>>> 'Pkg.test("TransformUtils")' log
Julia Version 0.6.4
Commit 9d11f62bcb (2018-07-09 19:09 UTC)
Platform Info:
  OS: Linux (x86_64-pc-linux-gnu)
  CPU: Intel(R) Xeon(R) CPU E3-1241 v3 @ 3.50GHz
  WORD_SIZE: 64
           Ubuntu 14.04.5 LTS
  uname: Linux 3.13.0-143-generic #192-Ubuntu SMP Tue Feb 27 10:45:36 UTC 2018 x86_64 x86_64
Memory: 2.939197540283203 GB (917.05078125 MB free)
Uptime: 76374.0 sec
Load Avg:  1.04931640625  1.18359375  1.06494140625
Intel(R) Xeon(R) CPU E3-1241 v3 @ 3.50GHz: 
       speed         user         nice          sys         idle          irq
#1  3502 MHz    4919845 s       1616 s     355864 s    1120558 s         10 s
#2  3502 MHz     808497 s       6982 s     109154 s    6603015 s          0 s

  BLAS: libopenblas (USE64BITINT DYNAMIC_ARCH NO_AFFINITY Nehalem MAX_THREADS=16)
  LAPACK: libopenblas64_
  LIBM: libopenlibm
  LLVM: libLLVM-3.9.1 (ORCJIT, haswell)
Environment:
  TERM = vt100
  LD_LIBRARY_PATH = :/usr/local/lib/
  PATH = /usr/local/sbin:/usr/local/bin:/usr/sbin:/usr/bin:/sbin:/bin:/usr/games:/usr/local/games:/home/vagrant/julia/bin/
  JAVA_HOME = /usr/lib/jvm/java-8-openjdk-amd64
  HOME = /home/vagrant

Package Directory: /home/vagrant/.julia/v0.6
7 required packages:
 - Conda                         1.0.0
 - JSON                          0.17.2
 - POMDPModels                   0.2.2
 - PyCall                        1.17.1
 - PyPlot                        2.6.0
 - RDatasets                     0.4.0
 - TransformUtils                0.1.0
87 additional packages:
 - AMG                           0.1.2              master
 - AbstractTrees                 0.1.0
 - AssetRegistry                 0.0.2
 - AutoHashEquals                0.2.0
 - BinDeps                       0.8.8
 - BinaryProvider                0.3.3
 - Blink                         0.7.0
 - CPUTime                       0.1.0
 - CSV                           0.2.5
 - Calculus                      0.4.0
 - CategoricalArrays             0.3.11
 - CodecZlib                     0.4.3
 - ColorTypes                    0.6.7
 - Colors                        0.8.2
 - CommonSubexpressions          0.1.0
 - Compat                        1.0.0
 - D3Trees                       0.2.0
 - DataFrames                    0.11.7
 - DataStreams                   0.3.6
 - DataStructures                0.8.4
 - DiffResults                   0.0.3
 - DiffRules                     0.0.6
 - DiscreteValueIteration        0.0.0-             master (unregistered)
 - Distributions                 0.15.0
 - Emoji_Entities                0.2.4              81d15593 (dirty)
 - FileIO                        0.9.1
 - FixedPointNumbers             0.4.6
 - ForwardDiff                   0.7.5
 - FunctionalCollections         0.3.2
 - HTML_Entities                 0.2.4              1a5cf18a (dirty)
 - Hiccup                        0.1.1
 - HttpCommon                    0.4.0
 - HttpParser                    0.4.0
 - HttpServer                    0.3.1
 - IncompleteSelectedInversion   0.0.0-             master (unregistered)
 - InfrastructureModels          0.0.8
 - InternedStrings               0.6.2
 - IterativeSolvers              0.6.0
 - Iterators                     0.3.1
 - JSExpr                        0.2.2
 - JuMP                          0.18.2
 - LaTeXStrings                  1.0.0
 - LaTeX_Entities                0.2.4              96871748 (dirty)
 - Lazy                          0.12.1
 - LightXML                      0.7.0
 - MCTS                          0.0.0-             master (unregistered)
 - MacroTools                    0.4.2
 - MathProgBase                  0.7.2
 - MbedTLS                       0.5.12
 - Memento                       0.9.0
 - Missings                      0.2.10
 - Mocking                       0.5.5
 - Mustache                      0.3.3
 - Mux                           0.3.1
 - NaNMath                       0.3.1
 - NamedTuples                   4.0.2
 - Nullables                     0.0.6
 - Observables                   0.1.2
 - PDMats                        0.8.0
 - POMDPToolbox                  0.2.7
 - POMDPs                        0.6.7
 - Pidfile                       1.0.0
 - PowerModels                   0.8.2              master
 - ProgressMeter                 0.5.6
 - QuadGK                        0.3.0
 - RData                         0.4.0
 - RecipesBase                   0.3.1
 - Reexport                      0.1.0
 - Requires                      0.4.4
 - ReverseDiffSparse             0.8.1
 - Rmath                         0.4.0
 - SHA                           0.5.7
 - SortingAlgorithms             0.2.1
 - SpecialFunctions              0.6.0
 - StaticArrays                  0.7.2
 - StatsBase                     0.23.1
 - StatsFuns                     0.6.1
 - StrTables                     0.2.4
 - Syslogs                       0.2.0
 - TikzPictures                  1.2.0
 - TimeZones                     0.7.2
 - TranscodingStreams            0.5.3
 - URIParser                     0.3.1
 - VersionParsing                1.1.1
 - WeakRefStrings                0.4.7
 - WebIO                         0.2.5
 - WebSockets                    0.5.0
INFO: Testing TransformUtils
[TEST] constructors SO3, Quaternion, AngleAxis... [SUCCESS]
[TEST] comparison functions for SO3, Quaternion, AngleAxis... [SUCCESS]
[TEST] trivial case quaterion -> SO3 -> Euler -> quaternion... [SUCCESS]
[TEST] convert functions 
WARNING: Need better coverage on convert function tests
[TEST] compare SO3 and quaternion rotations... dAA = TransformUtils.AngleAxis(0.7853981633974483, [1.0, 0.0, 0.0])
dAA = TransformUtils.so3([0.0 0.00245001 0.0251371; -0.00245001 0.0 -0.0541603; -0.0251371 0.0541603 0.0])
dAA = TransformUtils.so3([0.0 0.0856365 -0.173772; -0.0856365 0.0 0.0436185; 0.173772 -0.0436185 0.0])
dAA = TransformUtils.so3([0.0 0.0771504 0.0848342; -0.0771504 0.0 -0.051206; -0.0848342 0.051206 0.0])
dAA = TransformUtils.Quaternion(0.9975413146570801, [0.0104175, -0.0363712, 0.058991])
dAA = TransformUtils.SO3([0.993633 0.0283098 0.109052; -0.0230855 0.998538 -0.0488746; -0.110276 0.0460459 0.992834])
[SUCCESS]
[TEST] basic SE3 mechanics... [SUCCESS]
[TEST] SE3 ⊕ and ⊖ mechanics... Compare operations on two different SE3 transforms
xi = TransformUtils.SE3(TransformUtils.SO3([0.915966 -0.399988 -0.0318544; 0.401107 0.910583 0.099755; -0.0108948 -0.104149 0.994502]), [0.833414, 1.51102, -1.16124])
xj = TransformUtils.SE3(TransformUtils.SO3([0.943655 0.224798 -0.242862; -0.246724 0.966997 -0.0635913; 0.220552 0.119928 0.967974]), [0.691102, -0.108117, 0.125406])
Dx = TransformUtils.SE3(TransformUtils.SO3([0.76299 0.59247 -0.258507; -0.625084 0.778125 -0.0615768; 0.164668 0.208571 0.964045]), [-0.793818, -1.55144, 1.12259])
[SUCCESS]
[TEST] previous discovered issues
TransformUtils.convert(Euler, q) = TransformUtils.Euler(0.7853981633974484, 0.0, 1.5707963267948963, TransformUtils.Quaternion(1.0, [0.0, 0.0, 0.0]))
INFO: TransformUtils tests passed

>>> End of log
