>>> 'Pkg.add("TransformUtils")' log
INFO: Cloning cache of TransformUtils from git://github.com/dehann/TransformUtils.jl.git
INFO: Installing TransformUtils v0.0.6
INFO: Package database updated
INFO: METADATA is out-of-date — you may not have the latest version of TransformUtils
INFO: Use `Pkg.update()` to get the latest versions of your packages

>>> 'Pkg.test("TransformUtils")' log
Julia Version 0.4.7
Commit ae26b25 (2016-09-18 16:17 UTC)
Platform Info:
  System: Linux (x86_64-pc-linux-gnu)
  CPU: Intel(R) Xeon(R) CPU E3-1241 v3 @ 3.50GHz
  WORD_SIZE: 64
           Ubuntu 14.04.5 LTS
  uname: Linux 3.13.0-121-generic #170-Ubuntu SMP Wed Jun 14 09:04:33 UTC 2017 x86_64 x86_64
Memory: 2.9392738342285156 GB (454.6328125 MB free)
Uptime: 47617.0 sec
Load Avg:  0.91796875  0.9375  0.94775390625
Intel(R) Xeon(R) CPU E3-1241 v3 @ 3.50GHz: 
       speed         user         nice          sys         idle          irq
#1  3500 MHz    2315925 s       7107 s     186008 s    1767032 s        154 s
#2  3500 MHz    1630288 s        790 s     158362 s    2803539 s          4 s

  BLAS: libopenblas (USE64BITINT DYNAMIC_ARCH NO_AFFINITY Nehalem)
  LAPACK: libopenblas64_
  LIBM: libopenlibm
  LLVM: libLLVM-3.3
Environment:
  TERM = vt100
  LD_LIBRARY_PATH = :/usr/local/lib/
  PATH = /usr/local/sbin:/usr/local/bin:/usr/sbin:/usr/bin:/sbin:/bin:/usr/games:/usr/local/games:/home/vagrant/julia/bin/
  JAVA_HOME = /usr/lib/jvm/java-8-openjdk-amd64
  HOME = /home/vagrant

Package Directory: /home/vagrant/.julia/v0.4
2 required packages:
 - JSON                          0.9.1
 - TransformUtils                0.0.6
1 additional packages:
 - Compat                        0.26.0
INFO: Testing TransformUtils
WARNING: could not import Base.normalize into TransformUtils
WARNING: could not import Base.normalize! into TransformUtils
[TEST] constructors SO3, Quaternion, AngleAxis... [SUCCESS]
[TEST] comparison functions for SO3, Quaternion, AngleAxis... [SUCCESS]
[TEST] trivial case quaterion -> SO3 -> Euler -> quaternion... [SUCCESS]
[TEST] convert functions 
WARNING: Need better coverage on convert function tests
[TEST] compare SO3 and quaternion rotations... dAA = TransformUtils.AngleAxis(0.7853981633974483,[1.0,0.0,0.0])
dAA = TransformUtils.so3([0.0 -0.006367792261853367 0.09251818257892988
 0.006367792261853367 0.0 0.12485742752871405
 -0.09251818257892988 -0.12485742752871405 0.0])
dAA = TransformUtils.so3([0.0 0.0826309977085569 0.01767945874100837
 -0.0826309977085569 0.0 0.142943596297183
 -0.01767945874100837 -0.142943596297183 0.0])
dAA = TransformUtils.so3([0.0 0.22297989275121588 -0.02768412592871078
 -0.22297989275121588 0.0 0.12648382675208325
 0.02768412592871078 -0.12648382675208325 0.0])
dAA = TransformUtils.Quaternion(0.9964009804370331,[-0.03139484609258424,-0.07859359246103526,-0.004743105207648524])
dAA = TransformUtils.SO3([0.9985931517917843 0.035626337561837695 -0.03927443527895613
 -0.03811334008611501 0.9971890778479353 -0.06450826558097089
 0.03686584465370432 0.06591439215160017 0.9971440229000295])
[SUCCESS]
[TEST] basic SE3 mechanics... [SUCCESS]
[TEST] SE3 ⊕ and ⊖ mechanics... Compare operations on two different SE3 transforms
xi = TransformUtils.SE3(TransformUtils.SO3([0.9423753656519397 0.13893625077737143 -0.30434419401772767
 -0.23021214899376566 0.9293725229658601 -0.2885638231167309
 0.24275715575044357 0.34199916926214763 0.9078025840214137]),[2.503847587261069,-0.867573335929797,0.6338951512974325])
xj = TransformUtils.SE3(TransformUtils.SO3([0.8152004805141522 -0.0749976309201164 -0.5743026483709313
 -0.17527456202002886 0.9131397798620673 -0.3680415334471673
 0.5520208369963787 0.4006882800754538 0.7312468104080813]),[0.7694008197006235,-1.9111921619164263,-0.6830327654177574])
Dx = TransformUtils.SE3(TransformUtils.SO3([0.9425821927949534 -0.18362184370146017 -0.2789656400733508
 0.13915620414641444 0.9752621902925575 -0.1717533435870312
 0.30360230676564237 0.12307184365824653 0.9448168926438293]),[-1.7139398495130038,-1.6612764458743674,-0.3664911239208535])
[SUCCESS]
[TEST] previous discovered issues
TransformUtils.convert(Euler,q) = TransformUtils.Euler(0.7853981633974484,0.0,1.5707963267948963,TransformUtils.Quaternion(1.0,[0.0,0.0,0.0]))
INFO: TransformUtils tests passed

>>> End of log
