>>> 'Pkg.add("TransformUtils")' log
INFO: Cloning cache of TransformUtils from git://github.com/dehann/TransformUtils.jl.git
INFO: Installing TransformUtils v0.0.6
INFO: Package database updated
INFO: METADATA is out-of-date — you may not have the latest version of TransformUtils
INFO: Use `Pkg.update()` to get the latest versions of your packages

>>> 'Pkg.test("TransformUtils")' log
Julia Version 0.4.7
Commit ae26b25 (2016-09-18 16:17 UTC)
Platform Info:
  System: Linux (x86_64-pc-linux-gnu)
  CPU: Intel(R) Xeon(R) CPU E3-1241 v3 @ 3.50GHz
  WORD_SIZE: 64
           Ubuntu 14.04.5 LTS
  uname: Linux 3.13.0-121-generic #170-Ubuntu SMP Wed Jun 14 09:04:33 UTC 2017 x86_64 x86_64
Memory: 2.9392738342285156 GB (453.203125 MB free)
Uptime: 47776.0 sec
Load Avg:  1.13818359375  1.04345703125  0.9814453125
Intel(R) Xeon(R) CPU E3-1241 v3 @ 3.50GHz: 
       speed         user         nice          sys         idle          irq
#1  3500 MHz    2289656 s        493 s     177668 s    1815178 s        155 s
#2  3500 MHz    1611088 s       7340 s     150289 s    2799705 s          2 s

  BLAS: libopenblas (USE64BITINT DYNAMIC_ARCH NO_AFFINITY Nehalem)
  LAPACK: libopenblas64_
  LIBM: libopenlibm
  LLVM: libLLVM-3.3
Environment:
  TERM = vt100
  LD_LIBRARY_PATH = :/usr/local/lib/
  PATH = /usr/local/sbin:/usr/local/bin:/usr/sbin:/usr/bin:/sbin:/bin:/usr/games:/usr/local/games:/home/vagrant/julia/bin/
  JAVA_HOME = /usr/lib/jvm/java-8-openjdk-amd64
  HOME = /home/vagrant

Package Directory: /home/vagrant/.julia/v0.4
2 required packages:
 - JSON                          0.9.1
 - TransformUtils                0.0.6
1 additional packages:
 - Compat                        0.26.0
INFO: Testing TransformUtils
WARNING: could not import Base.normalize into TransformUtils
WARNING: could not import Base.normalize! into TransformUtils
[TEST] constructors SO3, Quaternion, AngleAxis... [SUCCESS]
[TEST] comparison functions for SO3, Quaternion, AngleAxis... [SUCCESS]
[TEST] trivial case quaterion -> SO3 -> Euler -> quaternion... [SUCCESS]
[TEST] convert functions 
WARNING: Need better coverage on convert function tests
[TEST] compare SO3 and quaternion rotations... dAA = TransformUtils.AngleAxis(0.7853981633974483,[1.0,0.0,0.0])
dAA = TransformUtils.so3([0.0 0.05099282554652528 0.12674543834805546
 -0.05099282554652528 0.0 0.01656708603159152
 -0.12674543834805546 -0.01656708603159152 0.0])
dAA = TransformUtils.so3([0.0 0.06342860957073218 0.1468878372391409
 -0.06342860957073218 0.0 0.0819351225081541
 -0.1468878372391409 -0.0819351225081541 0.0])
dAA = TransformUtils.so3([0.0 -0.03823680362034337 0.014774880321803619
 0.03823680362034337 0.0 0.038096199839358795
 -0.014774880321803619 -0.038096199839358795 0.0])
dAA = TransformUtils.Quaternion(0.9967293055855934,[-0.06916237645098637,0.005804083112496156,-0.041395285839523156])
dAA = TransformUtils.SO3([0.9970970403227071 0.008043525302418598 -0.07571521564657241
 -0.006115245288780477 0.9996518947385888 0.02566501744802347
 0.07589529599886716 -0.025127495821483145 0.9967991337270441])
[SUCCESS]
[TEST] basic SE3 mechanics... [SUCCESS]
[TEST] SE3 ⊕ and ⊖ mechanics... Compare operations on two different SE3 transforms
xi = TransformUtils.SE3(TransformUtils.SO3([0.9334769794938795 0.3476530263430592 -0.08808008872325007
 -0.3314453690838492 0.9300853887971957 0.15838288057375544
 0.1369842913178529 -0.11865303544571329 0.983441285035189]),[-1.3500604077357843,-1.0691753195247091,0.5832089277789119])
xj = TransformUtils.SE3(TransformUtils.SO3([0.9823662089671322 -0.16868885327385763 -0.08062693260130618
 0.1684653464440353 0.9856606720889431 -0.009615952613451481
 0.08109290059577226 -0.004136457218915011 0.9966979638760382]),[1.2939297415665212,-0.77568471664681,0.15351197948628711])
Dx = TransformUtils.SE3(TransformUtils.SO3([0.8722876360925309 -0.4847264561410212 0.06445574169204044
 0.4885878239620504 0.8585942022759683 -0.15523509298519317
 0.019905230371251338 0.16690194287383253 0.9857725514888349]),[2.311966105245471,1.2431473457488766,-0.6089807188334144])
[SUCCESS]
[TEST] previous discovered issues
TransformUtils.convert(Euler,q) = TransformUtils.Euler(0.7853981633974484,0.0,1.5707963267948963,TransformUtils.Quaternion(1.0,[0.0,0.0,0.0]))
INFO: TransformUtils tests passed

>>> End of log
