>>> 'Pkg.add("TransformUtils")' log
INFO: Cloning cache of TransformUtils from git://github.com/dehann/TransformUtils.jl.git
INFO: Installing TransformUtils v0.0.5
INFO: Package database updated
INFO: METADATA is out-of-date — you may not have the latest version of TransformUtils
INFO: Use `Pkg.update()` to get the latest versions of your packages

>>> 'Pkg.test("TransformUtils")' log
Julia Version 0.4.7
Commit ae26b25 (2016-09-18 16:17 UTC)
Platform Info:
  System: Linux (x86_64-pc-linux-gnu)
  CPU: Intel(R) Xeon(R) CPU E3-1241 v3 @ 3.50GHz
  WORD_SIZE: 64
           Ubuntu 14.04.5 LTS
  uname: Linux 3.13.0-116-generic #163-Ubuntu SMP Fri Mar 31 14:13:22 UTC 2017 x86_64 x86_64
Memory: 2.9392738342285156 GB (453.8046875 MB free)
Uptime: 42496.0 sec
Load Avg:  1.03076171875  0.99462890625  1.0078125
Intel(R) Xeon(R) CPU E3-1241 v3 @ 3.50GHz: 
       speed         user         nice          sys         idle          irq
#1  3500 MHz    2057771 s       5560 s     169510 s    1593026 s         98 s
#2  3500 MHz    1420141 s       2640 s     148004 s    2504930 s          2 s

  BLAS: libopenblas (USE64BITINT DYNAMIC_ARCH NO_AFFINITY Nehalem)
  LAPACK: libopenblas64_
  LIBM: libopenlibm
  LLVM: libLLVM-3.3
Environment:
  TERM = vt100
  LD_LIBRARY_PATH = :/usr/local/lib/
  PATH = /usr/local/sbin:/usr/local/bin:/usr/sbin:/usr/bin:/sbin:/bin:/usr/games:/usr/local/games:/home/vagrant/julia/bin/
  JAVA_HOME = /usr/lib/jvm/java-7-oracle
  HOME = /home/vagrant

Package Directory: /home/vagrant/.julia/v0.4
2 required packages:
 - JSON                          0.9.0
 - TransformUtils                0.0.5
1 additional packages:
 - Compat                        0.23.0
INFO: Testing TransformUtils
WARNING: could not import Base.normalize into TransformUtils
WARNING: could not import Base.normalize! into TransformUtils
[TEST] constructors SO3, Quaternion, AngleAxis... [SUCCESS]
[TEST] comparison functions for SO3, Quaternion, AngleAxis... [SUCCESS]
[TEST] trivial case quaterion -> SO3 -> Euler -> quaternion... [SUCCESS]
[TEST] convert functions 
WARNING: Need better coverage on convert function tests
[TEST] compare SO3 and quaternion rotations... dAA = TransformUtils.AngleAxis(0.7853981633974483,[1.0,0.0,0.0])
dAA = TransformUtils.so3([0.0 0.009918541344763405 -0.09593353448581077
 -0.009918541344763405 0.0 -0.11871627072393465
 0.09593353448581077 0.11871627072393465 0.0])
dAA = TransformUtils.so3([0.0 0.0008016067544772219 0.06232424173349486
 -0.0008016067544772219 0.0 -0.016960872395182264
 -0.06232424173349486 0.016960872395182264 0.0])
dAA = TransformUtils.so3([0.0 0.23951545553351453 0.13266232601787833
 -0.23951545553351453 0.0 0.014168713101637238
 -0.13266232601787833 -0.014168713101637238 0.0])
dAA = TransformUtils.Quaternion(0.9978064391753513,[-0.032120159589639714,-0.05021853146163032,-0.028787226090394177])
dAA = TransformUtils.SO3([0.9777539082144646 -0.08644576275607203 -0.19111364439218298
 0.08986299765109328 0.9959109949739005 0.00926993760796445
 0.1895308329124854 -0.026237762702198096 0.9815241429449828])
[SUCCESS]
[TEST] basic SE3 mechanics... [SUCCESS]
[TEST] SE3 ⊕ and ⊖ mechanics... Compare operations on two different SE3 transforms
xi = TransformUtils.SE3(TransformUtils.SO3([0.9717229848609084 -0.21478504593127765 -0.09809090037972935
 0.21332928228960488 0.9766547790982146 -0.025220225661553044
 0.1012178739690234 0.003581411581561236 0.9948578368190474]),[-0.05690798843255198,-0.4671489715166096,0.08654897986818624])
xj = TransformUtils.SE3(TransformUtils.SO3([0.9251920375806454 -0.16907660380993772 0.3397540222594444
 0.2238847982813566 0.9660519235998078 -0.12891577873800916
 -0.3064233847079722 0.19533761274574957 0.9316372289420929]),[-3.433142348713306,-1.1755288760321176,-0.16504861483345115])
Dx = TransformUtils.SE3(TransformUtils.SO3([0.9157760281257921 0.06156319926001048 0.3969436216983727
 0.0188433156630611 0.9805139385445998 -0.1955437183204289
 -0.401247050786633 0.18655398365253217 0.8967711053654661]),[-3.457348880412065,0.03242095844589421,0.09873953052516272])
[SUCCESS]
[TEST] previous discovered issues
TransformUtils.convert(Euler,q) = TransformUtils.Euler(0.7853981633974484,0.0,1.5707963267948963,TransformUtils.Quaternion(1.0,[0.0,0.0,0.0]))
INFO: TransformUtils tests passed

>>> End of log
