>>> 'Pkg.add("TransformUtils")' log
INFO: Installing TransformUtils v0.0.7
INFO: Package database updated
INFO: METADATA is out-of-date — you may not have the latest version of TransformUtils
INFO: Use `Pkg.update()` to get the latest versions of your packages

>>> 'Pkg.test("TransformUtils")' log
Julia Version 0.5.2
Commit f4c6c9d (2017-05-06 16:34 UTC)
Platform Info:
  OS: Linux (x86_64-pc-linux-gnu)
  CPU: Intel(R) Xeon(R) CPU E3-1241 v3 @ 3.50GHz
  WORD_SIZE: 64
           Ubuntu 14.04.5 LTS
  uname: Linux 3.13.0-135-generic #184-Ubuntu SMP Wed Oct 18 11:55:51 UTC 2017 x86_64 x86_64
Memory: 2.93927001953125 GB (840.203125 MB free)
Uptime: 55771.0 sec
Load Avg:  0.92333984375  0.962890625  0.9970703125
Intel(R) Xeon(R) CPU E3-1241 v3 @ 3.50GHz: 
       speed         user         nice          sys         idle          irq
#1  3499 MHz    3504592 s       1658 s     300198 s    1128273 s        113 s
#2  3499 MHz    1131281 s       5342 s     138191 s    4160162 s          2 s

  BLAS: libopenblas (USE64BITINT DYNAMIC_ARCH NO_AFFINITY Nehalem)
  LAPACK: libopenblas64_
  LIBM: libopenlibm
  LLVM: libLLVM-3.7.1 (ORCJIT, haswell)
Environment:
  TERM = vt100
  LD_LIBRARY_PATH = :/usr/local/lib/
  PATH = /usr/local/sbin:/usr/local/bin:/usr/sbin:/usr/bin:/sbin:/bin:/usr/games:/usr/local/games:/home/vagrant/julia/bin/
  JAVA_HOME = /usr/lib/jvm/java-8-openjdk-amd64
  HOME = /home/vagrant

Package Directory: /home/vagrant/.julia/v0.5
2 required packages:
 - JSON                          0.14.0
 - TransformUtils                0.0.7
1 additional packages:
 - Compat                        0.37.0
INFO: Testing TransformUtils
WARNING: Method definition *(TransformUtils.SO3, TransformUtils.so3) in module TransformUtils at /home/vagrant/.julia/v0.5/TransformUtils/src/TransformUtils.jl:204 overwritten at /home/vagrant/.julia/v0.5/TransformUtils/src/TransformUtils.jl:231.
WARNING: Method definition *(TransformUtils.so3, TransformUtils.SO3) in module TransformUtils at /home/vagrant/.julia/v0.5/TransformUtils/src/TransformUtils.jl:207 overwritten at /home/vagrant/.julia/v0.5/TransformUtils/src/TransformUtils.jl:232.
WARNING: Method definition compare(TransformUtils.SE3, TransformUtils.SE3) in module TransformUtils at /home/vagrant/.julia/v0.5/TransformUtils/src/TransformUtils.jl:262 overwritten at /home/vagrant/.julia/v0.5/TransformUtils/src/TransformUtils.jl:275.
WARNING: Method definition #compare(Array{Any, 1}, TransformUtils.#compare, TransformUtils.SE3, TransformUtils.SE3) in module TransformUtils overwritten.
[TEST] constructors SO3, Quaternion, AngleAxis... [SUCCESS]
[TEST] comparison functions for SO3, Quaternion, AngleAxis... [SUCCESS]
[TEST] trivial case quaterion -> SO3 -> Euler -> quaternion... [SUCCESS]
[TEST] convert functions 
WARNING: Need better coverage on convert function tests
[TEST] compare SO3 and quaternion rotations... dAA = TransformUtils.AngleAxis(0.7853981633974483,[1.0,0.0,0.0])
dAA = TransformUtils.so3([0.0 0.01766 -0.0153894; -0.01766 0.0 -0.00865127; 0.0153894 0.00865127 0.0])
dAA = TransformUtils.so3([0.0 -0.0959623 0.0518517; 0.0959623 0.0 -0.080547; -0.0518517 0.080547 0.0])
dAA = TransformUtils.so3([0.0 0.196385 -0.031606; -0.196385 0.0 0.02157; 0.031606 -0.02157 0.0])
dAA = TransformUtils.Quaternion(0.9944132018032944,[0.0987368,-0.0271821,0.0255843])
dAA = TransformUtils.SO3([0.974529 -0.207225 0.0857368; 0.206838 0.978282 0.0134699; -0.0866661 0.00460681 0.996227])
[SUCCESS]
[TEST] basic SE3 mechanics... [SUCCESS]
[TEST] SE3 ⊕ and ⊖ mechanics... Compare operations on two different SE3 transforms
xi = TransformUtils.SE3(TransformUtils.SO3([0.982617 0.168312 -0.0783256; -0.184877 0.925509 -0.330536; 0.016858 0.339271 0.940538]),[1.16,0.869404,-0.625521])
xj = TransformUtils.SE3(TransformUtils.SO3([0.885941 -0.188011 -0.423982; 0.2914 0.936833 0.193471; 0.360826 -0.294952 0.884764]),[-0.424199,0.185932,1.56236])
Dx = TransformUtils.SE3(TransformUtils.SO3([0.82275 -0.362914 -0.437465; 0.541225 0.735334 0.407872; 0.173661 -0.572344 0.801414]),[-1.39342,-0.156914,2.40778])
[SUCCESS]
[TEST] previous discovered issues
TransformUtils.convert(Euler,q) = TransformUtils.Euler(0.7853981633974484,0.0,1.5707963267948963,TransformUtils.Quaternion(1.0,[0.0,0.0,0.0]))
INFO: TransformUtils tests passed

>>> End of log
