>>> 'Pkg.add("TransformUtils")' log
INFO: Cloning cache of TransformUtils from git://github.com/dehann/TransformUtils.jl.git
INFO: Installing TransformUtils v0.0.5
INFO: Package database updated

>>> 'Pkg.test("TransformUtils")' log
Julia Version 0.4.7
Commit ae26b25 (2016-09-18 16:17 UTC)
Platform Info:
  System: Linux (x86_64-pc-linux-gnu)
  CPU: Intel(R) Xeon(R) CPU E3-1241 v3 @ 3.50GHz
  WORD_SIZE: 64
           Ubuntu 14.04.5 LTS
  uname: Linux 3.13.0-116-generic #163-Ubuntu SMP Fri Mar 31 14:13:22 UTC 2017 x86_64 x86_64
Memory: 2.9392738342285156 GB (448.703125 MB free)
Uptime: 42041.0 sec
Load Avg:  0.91259765625  0.95703125  0.9580078125
Intel(R) Xeon(R) CPU E3-1241 v3 @ 3.50GHz: 
       speed         user         nice          sys         idle          irq
#1  3500 MHz    2072110 s       3144 s     168935 s    1523121 s        126 s
#2  3500 MHz    1357083 s       3671 s     143778 s    2567487 s          2 s

  BLAS: libopenblas (USE64BITINT DYNAMIC_ARCH NO_AFFINITY Nehalem)
  LAPACK: libopenblas64_
  LIBM: libopenlibm
  LLVM: libLLVM-3.3
Environment:
  TERM = vt100
  LD_LIBRARY_PATH = :/usr/local/lib/
  PATH = /usr/local/sbin:/usr/local/bin:/usr/sbin:/usr/bin:/sbin:/bin:/usr/games:/usr/local/games:/home/vagrant/julia/bin/
  JAVA_HOME = /usr/lib/jvm/java-7-oracle
  HOME = /home/vagrant

Package Directory: /home/vagrant/.julia/v0.4
2 required packages:
 - JSON                          0.9.0
 - TransformUtils                0.0.5
1 additional packages:
 - Compat                        0.23.0
INFO: Testing TransformUtils
WARNING: could not import Base.normalize into TransformUtils
WARNING: could not import Base.normalize! into TransformUtils
[TEST] constructors SO3, Quaternion, AngleAxis... [SUCCESS]
[TEST] comparison functions for SO3, Quaternion, AngleAxis... [SUCCESS]
[TEST] trivial case quaterion -> SO3 -> Euler -> quaternion... [SUCCESS]
[TEST] convert functions 
WARNING: Need better coverage on convert function tests
[TEST] compare SO3 and quaternion rotations... dAA = TransformUtils.AngleAxis(0.7853981633974483,[1.0,0.0,0.0])
dAA = TransformUtils.so3([0.0 0.09682391286404463 -0.060665225760328415
 -0.09682391286404463 0.0 -0.11108453002324892
 0.060665225760328415 0.11108453002324892 0.0])
dAA = TransformUtils.so3([0.0 0.13824813308564643 -0.05426382771186869
 -0.13824813308564643 0.0 -0.120106041424101
 0.05426382771186869 0.120106041424101 0.0])
dAA = TransformUtils.so3([0.0 0.06285222910705904 -0.038838751153051944
 -0.06285222910705904 0.0 0.0019052569974117315
 0.038838751153051944 -0.0019052569974117315 0.0])
dAA = TransformUtils.Quaternion(0.9949014178159798,[0.025548361553032643,-0.09755505437863334,-0.0012088899414316213])
dAA = TransformUtils.SO3([0.9937879130557993 0.10919501022599812 0.02149496699099098
 -0.11025286828524064 0.9922975032565154 0.05647981998699749
 -0.015162087556698838 -0.058498844199098766 0.9981723279716249])
[SUCCESS]
[TEST] basic SE3 mechanics... [SUCCESS]
[TEST] SE3 ⊕ and ⊖ mechanics... Compare operations on two different SE3 transforms
xi = TransformUtils.SE3(TransformUtils.SO3([0.961776439129526 0.0494864386395055 -0.26932726101549326
 -0.08150132113826987 0.9906935525349879 -0.10901293326170884
 0.2614261191771889 0.12679659836282534 0.9568589273532283]),[0.1870108881366334,0.0020861175222922283,1.6225109783610123])
xj = TransformUtils.SE3(TransformUtils.SO3([0.9659181184898274 0.23575894627155225 0.10686396785633127
 -0.1793533783753513 0.907256173721978 -0.3804189807418976
 -0.18664017262749125 0.3482871724544037 0.9186193398058288]),[-1.20840984730159,-1.114324988588368,1.4663024409965884])
Dx = TransformUtils.SE3(TransformUtils.SO3([0.8948222097674752 0.24385618692274091 0.3739349849992022
 -0.15354972688741164 0.9546413411529333 -0.25511250681714986
 -0.41918455873237226 0.17086272226916627 0.8916783253276463]),[-1.291930797641349,-1.1948823985758836,0.3480585605369346])
[SUCCESS]
[TEST] previous discovered issues
TransformUtils.convert(Euler,q) = TransformUtils.Euler(0.7853981633974484,0.0,1.5707963267948963,TransformUtils.Quaternion(1.0,[0.0,0.0,0.0]))
INFO: TransformUtils tests passed

>>> End of log
