>>> 'Pkg.add("TransformUtils")' log
INFO: Cloning cache of TransformUtils from git://github.com/dehann/TransformUtils.jl.git
INFO: Installing TransformUtils v0.0.6
INFO: Package database updated
INFO: METADATA is out-of-date — you may not have the latest version of TransformUtils
INFO: Use `Pkg.update()` to get the latest versions of your packages

>>> 'Pkg.test("TransformUtils")' log
Julia Version 0.4.7
Commit ae26b25 (2016-09-18 16:17 UTC)
Platform Info:
  System: Linux (x86_64-pc-linux-gnu)
  CPU: Intel(R) Xeon(R) CPU E3-1241 v3 @ 3.50GHz
  WORD_SIZE: 64
           Ubuntu 14.04.5 LTS
  uname: Linux 3.13.0-121-generic #170-Ubuntu SMP Wed Jun 14 09:04:33 UTC 2017 x86_64 x86_64
Memory: 2.9392738342285156 GB (460.4375 MB free)
Uptime: 47339.0 sec
Load Avg:  1.07275390625  1.0068359375  0.970703125
Intel(R) Xeon(R) CPU E3-1241 v3 @ 3.50GHz: 
       speed         user         nice          sys         idle          irq
#1  3500 MHz    2359290 s        182 s     166871 s    1709783 s        101 s
#2  3500 MHz    1556307 s       6495 s     140239 s    2866664 s          0 s

  BLAS: libopenblas (USE64BITINT DYNAMIC_ARCH NO_AFFINITY Nehalem)
  LAPACK: libopenblas64_
  LIBM: libopenlibm
  LLVM: libLLVM-3.3
Environment:
  TERM = vt100
  LD_LIBRARY_PATH = :/usr/local/lib/
  PATH = /usr/local/sbin:/usr/local/bin:/usr/sbin:/usr/bin:/sbin:/bin:/usr/games:/usr/local/games:/home/vagrant/julia/bin/
  JAVA_HOME = /usr/lib/jvm/java-8-openjdk-amd64
  HOME = /home/vagrant

Package Directory: /home/vagrant/.julia/v0.4
2 required packages:
 - JSON                          0.9.1
 - TransformUtils                0.0.6
1 additional packages:
 - Compat                        0.26.0
INFO: Testing TransformUtils
WARNING: could not import Base.normalize into TransformUtils
WARNING: could not import Base.normalize! into TransformUtils
[TEST] constructors SO3, Quaternion, AngleAxis... [SUCCESS]
[TEST] comparison functions for SO3, Quaternion, AngleAxis... [SUCCESS]
[TEST] trivial case quaterion -> SO3 -> Euler -> quaternion... [SUCCESS]
[TEST] convert functions 
WARNING: Need better coverage on convert function tests
[TEST] compare SO3 and quaternion rotations... dAA = TransformUtils.AngleAxis(0.7853981633974483,[1.0,0.0,0.0])
dAA = TransformUtils.so3([0.0 -0.0730703343850883 0.041282250592776584
 0.0730703343850883 0.0 0.1306500733252603
 -0.041282250592776584 -0.1306500733252603 0.0])
dAA = TransformUtils.so3([0.0 0.21304676470950687 -0.20447444365263304
 -0.21304676470950687 0.0 0.10913645515331039
 0.20447444365263304 -0.10913645515331039 0.0])
dAA = TransformUtils.so3([0.0 -0.048768044057118286 0.07005667807542225
 0.048768044057118286 0.0 -0.0472912188317367
 -0.07005667807542225 0.0472912188317367 0.0])
dAA = TransformUtils.Quaternion(0.994528354533326,[-0.01673813880993172,0.05172248249302347,0.08920746349478595])
dAA = TransformUtils.SO3([0.9989301435927745 -0.04048838140896667 -0.022344108677704
 0.043339044522893416 0.9882046337849474 0.14687861990705373
 0.016133674149482108 -0.1476898531952691 0.9889021244903858])
[SUCCESS]
[TEST] basic SE3 mechanics... [SUCCESS]
[TEST] SE3 ⊕ and ⊖ mechanics... Compare operations on two different SE3 transforms
xi = TransformUtils.SE3(TransformUtils.SO3([0.9509640773703929 -0.20024599323170486 0.2357304938817323
 0.2337402481278383 0.964397027618371 -0.12370880941140622
 -0.20256559420645456 0.17274233793572163 0.9639124777324376]),[0.18138243221940556,-0.3942649119378593,0.4582637071882336])
xj = TransformUtils.SE3(TransformUtils.SO3([0.9988052021731112 0.029803636137266512 -0.0387286894295154
 -0.04447569675901894 0.8827799459070897 -0.46767668265808965
 0.02025044467981451 0.4688403890209046 0.8830507398292561]),[-0.4674553794695171,1.9816446014494136,2.225871576988243])
Dx = TransformUtils.SE3(TransformUtils.SO3([0.9353300638016783 0.13971245895015655 -0.32502015408717233
 -0.23940086035157315 0.9263708820718447 -0.29073048844653193
 0.2604705354002157 0.3497390708278577 0.8999098191067767]),[-0.41973231023739255,2.7265879606316648,1.256947486469338])
[SUCCESS]
[TEST] previous discovered issues
TransformUtils.convert(Euler,q) = TransformUtils.Euler(0.7853981633974484,0.0,1.5707963267948963,TransformUtils.Quaternion(1.0,[0.0,0.0,0.0]))
INFO: TransformUtils tests passed

>>> End of log
