>>> 'Pkg.add("TransformUtils")' log
INFO: Cloning cache of TransformUtils from https://github.com/dehann/TransformUtils.jl.git
INFO: Installing TransformUtils v0.0.2
INFO: Package database updated
INFO: METADATA is out-of-date — you may not have the latest version of TransformUtils
INFO: Use `Pkg.update()` to get the latest versions of your packages

>>> 'Pkg.test("TransformUtils")' log
Julia Version 0.6.0-dev.1031
Commit 90a3740 (2016-10-19 02:14 UTC)
Platform Info:
  OS: Linux (x86_64-pc-linux-gnu)
  CPU: Intel(R) Xeon(R) CPU E3-1241 v3 @ 3.50GHz
  WORD_SIZE: 64
           Ubuntu 14.04.5 LTS
  uname: Linux 3.13.0-98-generic #145-Ubuntu SMP Sat Oct 8 20:13:07 UTC 2016 x86_64 x86_64
Memory: 2.939289093017578 GB (983.46484375 MB free)
Uptime: 43829.0 sec
Load Avg:  0.20947265625  0.138671875  0.18017578125
Intel(R) Xeon(R) CPU E3-1241 v3 @ 3.50GHz: 
       speed         user         nice          sys         idle          irq
#1  3496 MHz     954336 s       3504 s     109217 s    3132043 s         27 s
#2  3496 MHz     243290 s       2287 s      48557 s    4054183 s          0 s

  BLAS: libopenblas (USE64BITINT DYNAMIC_ARCH NO_AFFINITY Nehalem)
  LAPACK: libopenblas64_
  LIBM: libopenlibm
  LLVM: libLLVM-3.7.1 (ORCJIT, haswell)
Environment:
  TERM = vt100
  LD_LIBRARY_PATH = :/usr/local/lib/
  PATH = /usr/local/sbin:/usr/local/bin:/usr/sbin:/usr/bin:/sbin:/bin:/usr/games:/usr/local/games:/home/vagrant/julia/bin/
  JAVA_HOME = /usr/lib/jvm/java-7-oracle
  HOME = /home/vagrant

Package Directory: /home/vagrant/.julia/v0.6
2 required packages:
 - JSON                          0.8.0
 - TransformUtils                0.0.2
1 additional packages:
 - Compat                        0.9.3
INFO: Testing TransformUtils
WARNING: Method definition *(TransformUtils.SO3, TransformUtils.so3) in module TransformUtils at /home/vagrant/.julia/v0.6/TransformUtils/src/TransformUtils.jl:176 overwritten at /home/vagrant/.julia/v0.6/TransformUtils/src/TransformUtils.jl:203.
WARNING: Method definition *(TransformUtils.so3, TransformUtils.SO3) in module TransformUtils at /home/vagrant/.julia/v0.6/TransformUtils/src/TransformUtils.jl:179 overwritten at /home/vagrant/.julia/v0.6/TransformUtils/src/TransformUtils.jl:204.
[TEST] constructors SO3, Quaternion, AngleAxis... [SUCCESS]
[TEST] comparison functions for SO3, Quaternion, AngleAxis... [SUCCESS]
[TEST] trivial case quaterion -> SO3 -> Euler -> quaternion... [SUCCESS]
[TEST] convert functions 
WARNING: Need better coverage on convert function tests
[TEST] compare SO3 and quaternion rotations... dAA = TransformUtils.AngleAxis(0.7853981633974483,[1.0,0.0,0.0])
dAA = TransformUtils.so3([0.0 -0.00744928 0.0592725; 0.00744928 0.0 0.0755118; -0.0592725 -0.0755118 0.0])
dAA = TransformUtils.so3([0.0 -0.110682 -0.153068; 0.110682 0.0 -0.052558; 0.153068 0.052558 0.0])
dAA = TransformUtils.so3([0.0 -0.0826632 -0.184265; 0.0826632 0.0 0.184972; 0.184265 -0.184972 0.0])
dAA = TransformUtils.Quaternion(0.9954019665795357,[0.00786806,-0.043795,0.0848234])
dAA = TransformUtils.SO3([0.996564 -0.0328693 0.0760244; 0.0335178 0.999412 -0.00727013; -0.0757407 0.00979332 0.997079])
[SUCCESS]
[TEST] basic SE3 mechanics... [SUCCESS]
INFO: TransformUtils tests passed

>>> End of log
