>>> 'Pkg.add("TransformUtils")' log
INFO: Cloning cache of TransformUtils from git://github.com/dehann/TransformUtils.jl.git
INFO: Installing TransformUtils v0.0.5
INFO: Package database updated
INFO: METADATA is out-of-date — you may not have the latest version of TransformUtils
INFO: Use `Pkg.update()` to get the latest versions of your packages

>>> 'Pkg.test("TransformUtils")' log
Julia Version 0.4.7
Commit ae26b25 (2016-09-18 16:17 UTC)
Platform Info:
  System: Linux (x86_64-pc-linux-gnu)
  CPU: Intel(R) Xeon(R) CPU E3-1241 v3 @ 3.50GHz
  WORD_SIZE: 64
           Ubuntu 14.04.5 LTS
  uname: Linux 3.13.0-113-generic #160-Ubuntu SMP Thu Mar 9 09:27:29 UTC 2017 x86_64 x86_64
Memory: 2.9392738342285156 GB (441.87109375 MB free)
Uptime: 40124.0 sec
Load Avg:  1.02880859375  1.03662109375  1.04541015625
Intel(R) Xeon(R) CPU E3-1241 v3 @ 3.50GHz: 
       speed         user         nice          sys         idle          irq
#1  3507 MHz    1930663 s       4880 s     152918 s    1520327 s        160 s
#2  3507 MHz    1309846 s       3013 s     137236 s    2400211 s          7 s

  BLAS: libopenblas (USE64BITINT DYNAMIC_ARCH NO_AFFINITY Nehalem)
  LAPACK: libopenblas64_
  LIBM: libopenlibm
  LLVM: libLLVM-3.3
Environment:
  TERM = vt100
  LD_LIBRARY_PATH = :/usr/local/lib/
  PATH = /usr/local/sbin:/usr/local/bin:/usr/sbin:/usr/bin:/sbin:/bin:/usr/games:/usr/local/games:/home/vagrant/julia/bin/
  JAVA_HOME = /usr/lib/jvm/java-7-oracle
  HOME = /home/vagrant

Package Directory: /home/vagrant/.julia/v0.4
2 required packages:
 - JSON                          0.8.3
 - TransformUtils                0.0.5
1 additional packages:
 - Compat                        0.21.0
INFO: Testing TransformUtils
WARNING: could not import Base.normalize into TransformUtils
WARNING: could not import Base.normalize! into TransformUtils
[TEST] constructors SO3, Quaternion, AngleAxis... [SUCCESS]
[TEST] comparison functions for SO3, Quaternion, AngleAxis... [SUCCESS]
[TEST] trivial case quaterion -> SO3 -> Euler -> quaternion... [SUCCESS]
[TEST] convert functions 
WARNING: Need better coverage on convert function tests
[TEST] compare SO3 and quaternion rotations... dAA = TransformUtils.AngleAxis(0.7853981633974483,[1.0,0.0,0.0])
dAA = TransformUtils.so3([0.0 -0.00663298045754185 -0.20986671901861886
 0.00663298045754185 0.0 -0.04090098869695499
 0.20986671901861886 0.04090098869695499 0.0])
dAA = TransformUtils.so3([0.0 -0.014488822797382332 -0.10354843540607817
 0.014488822797382332 0.0 0.0020025014560792055
 0.10354843540607817 -0.0020025014560792055 0.0])
dAA = TransformUtils.so3([0.0 0.20744113240931675 -0.23962079980561293
 -0.20744113240931675 0.0 0.0833381933610381
 0.23962079980561293 -0.0833381933610381 0.0])
dAA = TransformUtils.Quaternion(0.9959637179638062,[0.05233077117494839,-0.05059663605555598,0.05251422005332206])
dAA = TransformUtils.SO3([0.9924095249235955 0.10615369628542212 -0.06208645267581303
 -0.10002423269559083 0.9904717264762758 0.0946620933888753
 0.07154360708394505 -0.08773341333863746 0.9935715175413243])
[SUCCESS]
[TEST] basic SE3 mechanics... [SUCCESS]
[TEST] SE3 ⊕ and ⊖ mechanics... Compare operations on two different SE3 transforms
xi = TransformUtils.SE3(TransformUtils.SO3([0.9723906344013544 -0.23265443828384452 -0.01812088506006924
 0.23307656029088095 0.9721006629183924 0.026374574813509456
 0.011479162491349016 -0.0298699430942018 0.9994878765287983]),[-0.17811428980928457,-0.28488246269843387,1.391195271396962])
xj = TransformUtils.SE3(TransformUtils.SO3([0.9835886665476142 0.1704610996821904 0.059129929259425104
 -0.17191061092650228 0.9849028974999775 0.02032300044348057
 -0.05477295765213916 -0.03015453516947823 0.998043399416453]),[0.22292555782625043,-0.9656398454465114,2.0084524256038567])
Dx = TransformUtils.SE3(TransformUtils.SO3([0.9157353259009431 0.394966407621473 0.0736909068181559
 -0.39431462243417914 0.9186669424237117 -0.023812337820129918
 -0.07710247357695159 -0.007251603164653342 0.9969968018102453]),[0.23838439787108442,-0.7735058396077289,0.5917191588258088])
[SUCCESS]
[TEST] previous discovered issues
TransformUtils.convert(Euler,q) = TransformUtils.Euler(0.7853981633974484,0.0,1.5707963267948963,TransformUtils.Quaternion(1.0,[0.0,0.0,0.0]))
INFO: TransformUtils tests passed

>>> End of log
