>>> 'Pkg.add("TransformUtils")' log
INFO: Installing TransformUtils v0.0.7
INFO: Package database updated
INFO: METADATA is out-of-date — you may not have the latest version of TransformUtils
INFO: Use `Pkg.update()` to get the latest versions of your packages

>>> 'Pkg.test("TransformUtils")' log
Julia Version 0.5.2
Commit f4c6c9d (2017-05-06 16:34 UTC)
Platform Info:
  OS: Linux (x86_64-pc-linux-gnu)
  CPU: Intel(R) Xeon(R) CPU E3-1241 v3 @ 3.50GHz
  WORD_SIZE: 64
           Ubuntu 14.04.5 LTS
  uname: Linux 3.13.0-135-generic #184-Ubuntu SMP Wed Oct 18 11:55:51 UTC 2017 x86_64 x86_64
Memory: 2.93927001953125 GB (853.30078125 MB free)
Uptime: 60915.0 sec
Load Avg:  0.9970703125  1.0146484375  1.0400390625
Intel(R) Xeon(R) CPU E3-1241 v3 @ 3.50GHz: 
       speed         user         nice          sys         idle          irq
#1  3500 MHz    3818692 s       5750 s     416031 s    1198603 s        108 s
#2  3500 MHz    1188504 s       1720 s     177934 s    4579632 s          1 s

  BLAS: libopenblas (USE64BITINT DYNAMIC_ARCH NO_AFFINITY Nehalem)
  LAPACK: libopenblas64_
  LIBM: libopenlibm
  LLVM: libLLVM-3.7.1 (ORCJIT, haswell)
Environment:
  TERM = vt100
  LD_LIBRARY_PATH = :/usr/local/lib/
  PATH = /usr/local/sbin:/usr/local/bin:/usr/sbin:/usr/bin:/sbin:/bin:/usr/games:/usr/local/games:/home/vagrant/julia/bin/
  JAVA_HOME = /usr/lib/jvm/java-8-openjdk-amd64
  HOME = /home/vagrant

Package Directory: /home/vagrant/.julia/v0.5
2 required packages:
 - JSON                          0.14.0
 - TransformUtils                0.0.7
1 additional packages:
 - Compat                        0.41.0
INFO: Testing TransformUtils
WARNING: Method definition *(TransformUtils.SO3, TransformUtils.so3) in module TransformUtils at /home/vagrant/.julia/v0.5/TransformUtils/src/TransformUtils.jl:204 overwritten at /home/vagrant/.julia/v0.5/TransformUtils/src/TransformUtils.jl:231.
WARNING: Method definition *(TransformUtils.so3, TransformUtils.SO3) in module TransformUtils at /home/vagrant/.julia/v0.5/TransformUtils/src/TransformUtils.jl:207 overwritten at /home/vagrant/.julia/v0.5/TransformUtils/src/TransformUtils.jl:232.
WARNING: Method definition compare(TransformUtils.SE3, TransformUtils.SE3) in module TransformUtils at /home/vagrant/.julia/v0.5/TransformUtils/src/TransformUtils.jl:262 overwritten at /home/vagrant/.julia/v0.5/TransformUtils/src/TransformUtils.jl:275.
WARNING: Method definition #compare(Array{Any, 1}, TransformUtils.#compare, TransformUtils.SE3, TransformUtils.SE3) in module TransformUtils overwritten.
[TEST] constructors SO3, Quaternion, AngleAxis... [SUCCESS]
[TEST] comparison functions for SO3, Quaternion, AngleAxis... [SUCCESS]
[TEST] trivial case quaterion -> SO3 -> Euler -> quaternion... [SUCCESS]
[TEST] convert functions 
WARNING: Need better coverage on convert function tests
[TEST] compare SO3 and quaternion rotations... dAA = TransformUtils.AngleAxis(0.7853981633974483,[1.0,0.0,0.0])
dAA = TransformUtils.so3([0.0 -0.151083 -0.0337832; 0.151083 0.0 0.0471842; 0.0337832 -0.0471842 0.0])
dAA = TransformUtils.so3([0.0 -0.095163 0.0220455; 0.095163 0.0 0.0331413; -0.0220455 -0.0331413 0.0])
dAA = TransformUtils.so3([0.0 0.094975 -0.0884827; -0.094975 0.0 -0.126203; 0.0884827 0.126203 0.0])
dAA = TransformUtils.Quaternion(0.9887610665503741,[0.0911324,0.1178,-0.0130201])
dAA = TransformUtils.SO3([0.958579 -0.211564 0.190699; 0.238753 0.961937 -0.132947; -0.155314 0.17297 0.972604])
[SUCCESS]
[TEST] basic SE3 mechanics... [SUCCESS]
[TEST] SE3 ⊕ and ⊖ mechanics... Compare operations on two different SE3 transforms
xi = TransformUtils.SE3(TransformUtils.SO3([0.959751 -0.276608 -0.0486402; 0.247879 0.915693 -0.316327; 0.132038 0.291539 0.947402]),[-0.531851,0.400727,-1.8066])
xj = TransformUtils.SE3(TransformUtils.SO3([0.770326 0.349099 0.533599; -0.364792 0.927624 -0.0802546; -0.522996 -0.132831 0.841921]),[-0.857499,-0.874089,-1.89565])
Dx = TransformUtils.SE3(TransformUtils.SO3([0.579841 0.547448 0.603395; -0.69959 0.714129 0.0243659; -0.417563 -0.436257 0.79707]),[-0.640299,-1.10322,0.334736])
[SUCCESS]
[TEST] previous discovered issues
TransformUtils.convert(Euler,q) = TransformUtils.Euler(0.7853981633974484,0.0,1.5707963267948963,TransformUtils.Quaternion(1.0,[0.0,0.0,0.0]))
INFO: TransformUtils tests passed

>>> End of log
