>>> 'Pkg.add("TransformUtils")' log
INFO: Cloning cache of TransformUtils from git://github.com/dehann/TransformUtils.jl.git
INFO: Installing TransformUtils v0.0.6
INFO: Package database updated
INFO: METADATA is out-of-date — you may not have the latest version of TransformUtils
INFO: Use `Pkg.update()` to get the latest versions of your packages

>>> 'Pkg.test("TransformUtils")' log
Julia Version 0.4.7
Commit ae26b25 (2016-09-18 16:17 UTC)
Platform Info:
  System: Linux (x86_64-pc-linux-gnu)
  CPU: Intel(R) Xeon(R) CPU E3-1241 v3 @ 3.50GHz
  WORD_SIZE: 64
           Ubuntu 14.04.5 LTS
  uname: Linux 3.13.0-121-generic #170-Ubuntu SMP Wed Jun 14 09:04:33 UTC 2017 x86_64 x86_64
Memory: 2.9392738342285156 GB (449.25390625 MB free)
Uptime: 47617.0 sec
Load Avg:  0.96484375  1.00830078125  1.0302734375
Intel(R) Xeon(R) CPU E3-1241 v3 @ 3.50GHz: 
       speed         user         nice          sys         idle          irq
#1  3500 MHz    2362311 s        124 s     186472 s    1710916 s        141 s
#2  3500 MHz    1492442 s       6959 s     159492 s    2919220 s          8 s

  BLAS: libopenblas (USE64BITINT DYNAMIC_ARCH NO_AFFINITY Nehalem)
  LAPACK: libopenblas64_
  LIBM: libopenlibm
  LLVM: libLLVM-3.3
Environment:
  TERM = vt100
  LD_LIBRARY_PATH = :/usr/local/lib/
  PATH = /usr/local/sbin:/usr/local/bin:/usr/sbin:/usr/bin:/sbin:/bin:/usr/games:/usr/local/games:/home/vagrant/julia/bin/
  JAVA_HOME = /usr/lib/jvm/java-8-openjdk-amd64
  HOME = /home/vagrant

Package Directory: /home/vagrant/.julia/v0.4
2 required packages:
 - JSON                          0.9.1
 - TransformUtils                0.0.6
1 additional packages:
 - Compat                        0.26.0
INFO: Testing TransformUtils
WARNING: could not import Base.normalize into TransformUtils
WARNING: could not import Base.normalize! into TransformUtils
[TEST] constructors SO3, Quaternion, AngleAxis... [SUCCESS]
[TEST] comparison functions for SO3, Quaternion, AngleAxis... [SUCCESS]
[TEST] trivial case quaterion -> SO3 -> Euler -> quaternion... [SUCCESS]
[TEST] convert functions 
WARNING: Need better coverage on convert function tests
[TEST] compare SO3 and quaternion rotations... dAA = TransformUtils.AngleAxis(0.7853981633974483,[1.0,0.0,0.0])
dAA = TransformUtils.so3([0.0 0.0034779700652689226 0.06679944088103627
 -0.0034779700652689226 0.0 0.05636896729191685
 -0.06679944088103627 -0.05636896729191685 0.0])
dAA = TransformUtils.so3([0.0 -0.053690607617898456 0.10790345782859526
 0.053690607617898456 0.0 -0.03388270946101795
 -0.10790345782859526 0.03388270946101795 0.0])
dAA = TransformUtils.so3([0.0 -0.12275864264960148 -0.15060623169177476
 0.12275864264960148 0.0 0.05122415646045733
 0.15060623169177476 -0.05122415646045733 0.0])
dAA = TransformUtils.Quaternion(0.9936561636441941,[0.028656177233013908,-0.08136496593231042,-0.07215257637206565])
dAA = TransformUtils.SO3([0.9856727975255399 0.13841056488010844 -0.09639321422042782
 -0.1467880085494987 0.9854200457074775 -0.08602682177056853
 0.08308078456687987 0.09894366602992913 0.9916187443711972])
[SUCCESS]
[TEST] basic SE3 mechanics... [SUCCESS]
[TEST] SE3 ⊕ and ⊖ mechanics... Compare operations on two different SE3 transforms
xi = TransformUtils.SE3(TransformUtils.SO3([0.9335867250599195 -0.19889130686499074 0.29809071579878216
 0.21885629641369334 0.9751361394209829 -0.034805619017954814
 -0.28375649474853587 0.09773309392768398 0.9539027696989597]),[1.139112100848834,2.2309390469863293,-1.5516357833714973])
xj = TransformUtils.SE3(TransformUtils.SO3([0.9752391299474596 -0.026872633296166085 0.21951423871596942
 -0.040862557928725014 0.9536034706025526 0.2982795202729955
 -0.21734509605427818 -0.29986377312789303 0.9288933344505493]),[0.9735443854091349,-1.8590667040808266,0.6303573337518881])
Dx = TransformUtils.SE3(TransformUtils.SO3([0.9632003599948091 0.26870248327545626 0.006636413750896963
 -0.2550549507340041 0.9059313257123842 0.337987285558314
 0.08480588783772369 -0.3272421253057219 0.9411272776906691]),[-1.668850050702629,-3.742129500741413,2.1744102610323623])
[SUCCESS]
[TEST] previous discovered issues
TransformUtils.convert(Euler,q) = TransformUtils.Euler(0.7853981633974484,0.0,1.5707963267948963,TransformUtils.Quaternion(1.0,[0.0,0.0,0.0]))
INFO: TransformUtils tests passed

>>> End of log
