>>> 'Pkg.add("TransformUtils")' log
INFO: Cloning cache of TransformUtils from git://github.com/dehann/TransformUtils.jl.git
INFO: Installing TransformUtils v0.0.6
INFO: Package database updated
INFO: METADATA is out-of-date — you may not have the latest version of TransformUtils
INFO: Use `Pkg.update()` to get the latest versions of your packages

>>> 'Pkg.test("TransformUtils")' log
Julia Version 0.4.7
Commit ae26b25 (2016-09-18 16:17 UTC)
Platform Info:
  System: Linux (x86_64-pc-linux-gnu)
  CPU: Intel(R) Xeon(R) CPU E3-1241 v3 @ 3.50GHz
  WORD_SIZE: 64
           Ubuntu 14.04.5 LTS
  uname: Linux 3.13.0-121-generic #170-Ubuntu SMP Wed Jun 14 09:04:33 UTC 2017 x86_64 x86_64
Memory: 2.9392738342285156 GB (452.08984375 MB free)
Uptime: 46800.0 sec
Load Avg:  1.130859375  1.0302734375  1.0341796875
Intel(R) Xeon(R) CPU E3-1241 v3 @ 3.50GHz: 
       speed         user         nice          sys         idle          irq
#1  3500 MHz    2318723 s       5297 s     173487 s    1698766 s        135 s
#2  3500 MHz    1537625 s       2184 s     146028 s    2835590 s          1 s

  BLAS: libopenblas (USE64BITINT DYNAMIC_ARCH NO_AFFINITY Nehalem)
  LAPACK: libopenblas64_
  LIBM: libopenlibm
  LLVM: libLLVM-3.3
Environment:
  TERM = vt100
  LD_LIBRARY_PATH = :/usr/local/lib/
  PATH = /usr/local/sbin:/usr/local/bin:/usr/sbin:/usr/bin:/sbin:/bin:/usr/games:/usr/local/games:/home/vagrant/julia/bin/
  JAVA_HOME = /usr/lib/jvm/java-8-openjdk-amd64
  HOME = /home/vagrant

Package Directory: /home/vagrant/.julia/v0.4
2 required packages:
 - JSON                          0.9.1
 - TransformUtils                0.0.6
1 additional packages:
 - Compat                        0.26.0
INFO: Testing TransformUtils
WARNING: could not import Base.normalize into TransformUtils
WARNING: could not import Base.normalize! into TransformUtils
[TEST] constructors SO3, Quaternion, AngleAxis... [SUCCESS]
[TEST] comparison functions for SO3, Quaternion, AngleAxis... [SUCCESS]
[TEST] trivial case quaterion -> SO3 -> Euler -> quaternion... [SUCCESS]
[TEST] convert functions 
WARNING: Need better coverage on convert function tests
[TEST] compare SO3 and quaternion rotations... dAA = TransformUtils.AngleAxis(0.7853981633974483,[1.0,0.0,0.0])
dAA = TransformUtils.so3([0.0 0.004193727423139052 0.03661869708904521
 -0.004193727423139052 0.0 0.023929807333753318
 -0.03661869708904521 -0.023929807333753318 0.0])
dAA = TransformUtils.so3([0.0 -0.1303589995406826 0.02242945369325154
 0.1303589995406826 0.0 -0.18321195322692763
 -0.02242945369325154 0.18321195322692763 0.0])
dAA = TransformUtils.so3([0.0 -0.1082156614328218 -0.05788854328085072
 0.1082156614328218 0.0 -0.060948490661518695
 0.05788854328085072 0.060948490661518695 0.0])
dAA = TransformUtils.Quaternion(0.994720536822312,[0.07239360189038914,0.008136218062581,-0.0722773960855364])
dAA = TransformUtils.SO3([0.9998777568555608 0.005558834045797735 -0.014614058626659154
 -0.005782328862177049 0.9998662952754589 -0.015295628298911745
 0.01452707879863619 0.01537826180620279 0.9997762114820485])
[SUCCESS]
[TEST] basic SE3 mechanics... [SUCCESS]
[TEST] SE3 ⊕ and ⊖ mechanics... Compare operations on two different SE3 transforms
xi = TransformUtils.SE3(TransformUtils.SO3([0.9699676739253551 0.040020083055660405 0.23991895400750235
 0.052782505003307535 0.9282352180184583 -0.3682300737253831
 -0.2374378207139962 0.36983479147106113 0.8982457950428406]),[0.304663415315041,-1.265953437402008,-0.015995474356317554])
xj = TransformUtils.SE3(TransformUtils.SO3([0.9223937689463861 0.16693512435625324 -0.34831365070155235
 0.01701926073523316 0.8833393275461594 0.46842499631672635
 0.38587573099756733 -0.43800033866021293 0.8119455791865806]),[-0.3368565246259431,0.4763838297881035,-0.4021823421012439])
Dx = TransformUtils.SE3(TransformUtils.SO3([0.8039689650885951 0.31254438262757156 -0.5059149257160965
 0.19542242294956874 0.6646396669180779 0.7211547613151746
 0.5616439973710154 -0.6786531677130643 0.4732714846365984]),[-0.438593310132659,1.4487997920922906,-1.1423845033701396])
[SUCCESS]
[TEST] previous discovered issues
TransformUtils.convert(Euler,q) = TransformUtils.Euler(0.7853981633974484,0.0,1.5707963267948963,TransformUtils.Quaternion(1.0,[0.0,0.0,0.0]))
INFO: TransformUtils tests passed

>>> End of log
