>>> 'Pkg.add("TransformUtils")' log
INFO: Cloning cache of TransformUtils from https://github.com/dehann/TransformUtils.jl.git
INFO: Installing TransformUtils v0.0.2
INFO: Package database updated

>>> 'Pkg.test("TransformUtils")' log
Julia Version 0.5.0-rc3+0
Commit e6f843b (2016-08-22 23:43 UTC)
Platform Info:
  System: Linux (x86_64-unknown-linux-gnu)
  CPU: Intel(R) Xeon(R) CPU E3-1241 v3 @ 3.50GHz
  WORD_SIZE: 64
           Ubuntu 14.04.5 LTS
  uname: Linux 3.13.0-95-generic #142-Ubuntu SMP Fri Aug 12 17:00:09 UTC 2016 x86_64 x86_64
Memory: 2.4471054077148438 GB (427.5859375 MB free)
Uptime: 25705.0 sec
Load Avg:  0.81494140625  0.91552734375  0.9404296875
Intel(R) Xeon(R) CPU E3-1241 v3 @ 3.50GHz: 
       speed         user         nice          sys         idle          irq
#1  3500 MHz    1350328 s       5002 s     171696 s     683573 s         73 s
#2  3500 MHz     441410 s       1898 s      70296 s    1962062 s          2 s

  BLAS: libopenblas (USE64BITINT DYNAMIC_ARCH NO_AFFINITY Nehalem)
  LAPACK: libopenblas64_
  LIBM: libopenlibm
  LLVM: libLLVM-3.7.1 (ORCJIT, haswell)
Environment:
  TERM = vt100
  LD_LIBRARY_PATH = :/usr/local/lib/
  PATH = /usr/local/sbin:/usr/local/bin:/usr/sbin:/usr/bin:/sbin:/bin:/usr/games:/usr/local/games:/home/vagrant/julia/bin/
  JAVA_HOME = /usr/lib/jvm/java-7-oracle
  HOME = /home/vagrant

Package Directory: /home/vagrant/.julia/v0.5
2 required packages:
 - JSON                          0.7.0
 - TransformUtils                0.0.2
1 additional packages:
 - Compat                        0.8.8
INFO: Testing TransformUtils
WARNING: Method definition *(TransformUtils.SO3, TransformUtils.so3) in module TransformUtils at /home/vagrant/.julia/v0.5/TransformUtils/src/TransformUtils.jl:176 overwritten at /home/vagrant/.julia/v0.5/TransformUtils/src/TransformUtils.jl:203.
WARNING: Method definition *(TransformUtils.so3, TransformUtils.SO3) in module TransformUtils at /home/vagrant/.julia/v0.5/TransformUtils/src/TransformUtils.jl:179 overwritten at /home/vagrant/.julia/v0.5/TransformUtils/src/TransformUtils.jl:204.
[TEST] constructors SO3, Quaternion, AngleAxis... [SUCCESS]
[TEST] comparison functions for SO3, Quaternion, AngleAxis... [SUCCESS]
[TEST] trivial case quaterion -> SO3 -> Euler -> quaternion... [SUCCESS]
[TEST] convert functions 
WARNING: Need better coverage on convert function tests
[TEST] compare SO3 and quaternion rotations... dAA = TransformUtils.AngleAxis(0.7853981633974483,[1.0,0.0,0.0])
dAA = TransformUtils.so3([0.0 0.148472 -0.0511412; -0.148472 0.0 -0.207117; 0.0511412 0.207117 0.0])
dAA = TransformUtils.so3([0.0 -0.162389 0.0550199; 0.162389 0.0 0.198404; -0.0550199 -0.198404 0.0])
dAA = TransformUtils.so3([0.0 -0.0910633 0.0142073; 0.0910633 0.0 0.0415719; -0.0142073 -0.0415719 0.0])
dAA = TransformUtils.Quaternion(0.9995425597038405,[-0.00442832,-0.0290179,0.00728167])
dAA = TransformUtils.SO3([0.985409 0.00528311 0.170121; -0.0178056 0.997234 0.0721681; -0.16927 -0.0741443 0.982777])
[SUCCESS]
[TEST] basic SE3 mechanics... [SUCCESS]
INFO: TransformUtils tests passed

>>> End of log
