>>> 'Pkg.add("TransformUtils")' log
INFO: Cloning cache of TransformUtils from git://github.com/dehann/TransformUtils.jl.git
INFO: Installing TransformUtils v0.0.6
INFO: Package database updated

>>> 'Pkg.test("TransformUtils")' log
Julia Version 0.4.7
Commit ae26b25 (2016-09-18 16:17 UTC)
Platform Info:
  System: Linux (x86_64-pc-linux-gnu)
  CPU: Intel(R) Xeon(R) CPU E3-1241 v3 @ 3.50GHz
  WORD_SIZE: 64
           Ubuntu 14.04.5 LTS
  uname: Linux 3.13.0-128-generic #177-Ubuntu SMP Tue Aug 8 11:40:23 UTC 2017 x86_64 x86_64
Memory: 2.9392738342285156 GB (460.43359375 MB free)
Uptime: 50060.0 sec
Load Avg:  1.09619140625  1.03662109375  1.04541015625
Intel(R) Xeon(R) CPU E3-1241 v3 @ 3.50GHz: 
       speed         user         nice          sys         idle          irq
#1  3499 MHz    2470246 s        118 s     191596 s    1847123 s        119 s
#2  3499 MHz    1660292 s       6144 s     164678 s    3000339 s          3 s

  BLAS: libopenblas (USE64BITINT DYNAMIC_ARCH NO_AFFINITY Nehalem)
  LAPACK: libopenblas64_
  LIBM: libopenlibm
  LLVM: libLLVM-3.3
Environment:
  TERM = vt100
  LD_LIBRARY_PATH = :/usr/local/lib/
  PATH = /usr/local/sbin:/usr/local/bin:/usr/sbin:/usr/bin:/sbin:/bin:/usr/games:/usr/local/games:/home/vagrant/julia/bin/
  JAVA_HOME = /usr/lib/jvm/java-8-openjdk-amd64
  HOME = /home/vagrant

Package Directory: /home/vagrant/.julia/v0.4
2 required packages:
 - JSON                          0.9.1
 - TransformUtils                0.0.6
1 additional packages:
 - Compat                        0.26.0
INFO: Testing TransformUtils
WARNING: could not import Base.normalize into TransformUtils
WARNING: could not import Base.normalize! into TransformUtils
[TEST] constructors SO3, Quaternion, AngleAxis... [SUCCESS]
[TEST] comparison functions for SO3, Quaternion, AngleAxis... [SUCCESS]
[TEST] trivial case quaterion -> SO3 -> Euler -> quaternion... [SUCCESS]
[TEST] convert functions 
WARNING: Need better coverage on convert function tests
[TEST] compare SO3 and quaternion rotations... dAA = TransformUtils.AngleAxis(0.7853981633974483,[1.0,0.0,0.0])
dAA = TransformUtils.so3([0.0 -0.023665517073847737 0.05174496146076486
 0.023665517073847737 0.0 0.08315654858456552
 -0.05174496146076486 -0.08315654858456552 0.0])
dAA = TransformUtils.so3([0.0 -0.0167815029785436 -0.03378450020049772
 0.0167815029785436 0.0 0.05092106786072598
 0.03378450020049772 -0.05092106786072598 0.0])
dAA = TransformUtils.so3([0.0 0.06863747982706253 -0.11287401027701138
 -0.06863747982706253 0.0 0.05040279610451536
 0.11287401027701138 -0.05040279610451536 0.0])
dAA = TransformUtils.Quaternion(0.9927596032007016,[-0.014869470011143863,-0.11903967998037646,0.006068253829791712])
dAA = TransformUtils.SO3([0.9949514342425754 -0.07984869446155254 0.060793334268064055
 0.08339234329113943 0.9948174507283554 -0.05817178703417647
 -0.05583332856865777 0.0629478015432029 0.9964538191516066])
[SUCCESS]
[TEST] basic SE3 mechanics... [SUCCESS]
[TEST] SE3 ⊕ and ⊖ mechanics... Compare operations on two different SE3 transforms
xi = TransformUtils.SE3(TransformUtils.SO3([0.9743026795087343 0.12054008773371105 -0.1902744753014705
 -0.1759392735482453 0.9347325348968362 -0.30874011762103515
 0.14064018175975312 0.3342830768293306 0.9319201488432898]),[0.8656343434222855,-0.8009189438431699,-0.09651916434494348])
xj = TransformUtils.SE3(TransformUtils.SO3([0.9966624007496063 0.044392655653918506 0.06850803643386476
 -0.056636277464383496 0.9804091958464357 0.18865349393722522
 -0.058791079314879834 -0.1919038843372847 0.9796512176122957]),[-0.39108235242132044,0.01620653442234647,1.0802055978009013])
Dx = TransformUtils.SE3(TransformUtils.SO3([0.9727470050488132 -0.1562299955167182 0.1713343300958995
 0.04754513914234967 0.857621246565196 0.5120793465703282
 -0.2269421157751444 -0.48997753615936923 0.841676475937575]),[-1.202692122758192,1.0056682029258832,1.0834552091199403])
[SUCCESS]
[TEST] previous discovered issues
TransformUtils.convert(Euler,q) = TransformUtils.Euler(0.7853981633974484,0.0,1.5707963267948963,TransformUtils.Quaternion(1.0,[0.0,0.0,0.0]))
INFO: TransformUtils tests passed

>>> End of log
