>>> 'Pkg.add("TransformUtils")' log
INFO: Cloning cache of TransformUtils from git://github.com/dehann/TransformUtils.jl.git
INFO: Installing TransformUtils v0.0.6
INFO: Package database updated

>>> 'Pkg.test("TransformUtils")' log
Julia Version 0.4.7
Commit ae26b25 (2016-09-18 16:17 UTC)
Platform Info:
  System: Linux (x86_64-pc-linux-gnu)
  CPU: Intel(R) Xeon(R) CPU E3-1241 v3 @ 3.50GHz
  WORD_SIZE: 64
           Ubuntu 14.04.5 LTS
  uname: Linux 3.13.0-128-generic #177-Ubuntu SMP Tue Aug 8 11:40:23 UTC 2017 x86_64 x86_64
Memory: 2.9392738342285156 GB (448.85546875 MB free)
Uptime: 49380.0 sec
Load Avg:  1.0234375  1.0419921875  1.03564453125
Intel(R) Xeon(R) CPU E3-1241 v3 @ 3.50GHz: 
       speed         user         nice          sys         idle          irq
#1  3507 MHz    2339633 s       6502 s     210911 s    1896253 s        143 s
#2  3507 MHz    1689397 s         99 s     186646 s    2885482 s          3 s

  BLAS: libopenblas (USE64BITINT DYNAMIC_ARCH NO_AFFINITY Nehalem)
  LAPACK: libopenblas64_
  LIBM: libopenlibm
  LLVM: libLLVM-3.3
Environment:
  TERM = vt100
  LD_LIBRARY_PATH = :/usr/local/lib/
  PATH = /usr/local/sbin:/usr/local/bin:/usr/sbin:/usr/bin:/sbin:/bin:/usr/games:/usr/local/games:/home/vagrant/julia/bin/
  JAVA_HOME = /usr/lib/jvm/java-8-openjdk-amd64
  HOME = /home/vagrant

Package Directory: /home/vagrant/.julia/v0.4
2 required packages:
 - JSON                          0.9.1
 - TransformUtils                0.0.6
1 additional packages:
 - Compat                        0.26.0
INFO: Testing TransformUtils
WARNING: could not import Base.normalize into TransformUtils
WARNING: could not import Base.normalize! into TransformUtils
[TEST] constructors SO3, Quaternion, AngleAxis... [SUCCESS]
[TEST] comparison functions for SO3, Quaternion, AngleAxis... [SUCCESS]
[TEST] trivial case quaterion -> SO3 -> Euler -> quaternion... [SUCCESS]
[TEST] convert functions 
WARNING: Need better coverage on convert function tests
[TEST] compare SO3 and quaternion rotations... dAA = TransformUtils.AngleAxis(0.7853981633974483,[1.0,0.0,0.0])
dAA = TransformUtils.so3([0.0 -0.006875275530896801 0.05750920555952249
 0.006875275530896801 0.0 -0.17530320268906496
 -0.05750920555952249 0.17530320268906496 0.0])
dAA = TransformUtils.so3([0.0 -0.11126408144465903 0.07312357751025934
 0.11126408144465903 0.0 -0.09227489943244759
 -0.07312357751025934 0.09227489943244759 0.0])
dAA = TransformUtils.so3([0.0 0.14762665778705666 0.19027574759976193
 -0.14762665778705666 0.0 -0.005876532008257183
 -0.19027574759976193 0.005876532008257183 0.0])
dAA = TransformUtils.Quaternion(0.9978416379161815,[0.02608917590661041,0.057507257180336335,-0.01800932849555563])
dAA = TransformUtils.SO3([0.984292658851372 0.0845176080014103 0.15499914731706468
 -0.09090764808502987 0.9952580932693177 0.03459952747611782
 -0.15133988651689131 -0.04814666883224851 0.9873085318325839])
[SUCCESS]
[TEST] basic SE3 mechanics... [SUCCESS]
[TEST] SE3 ⊕ and ⊖ mechanics... Compare operations on two different SE3 transforms
xi = TransformUtils.SE3(TransformUtils.SO3([0.9746121553702896 0.22274661472534332 -0.02269564347794517
 -0.21863051616381976 0.9249117321254438 -0.31102891373416247
 -0.04828917069509777 0.30809452024518513 0.950129424125192]),[0.8761155177631804,-0.33566996108921426,-1.513902658822941])
xj = TransformUtils.SE3(TransformUtils.SO3([0.9150462260450437 -0.2548760291524103 0.3126157609018178
 0.3428776311101176 0.8997160879617168 -0.270084970235625
 -0.21242724468635585 0.35432918427129884 0.9106730999039112]),[-0.9024309086162396,0.606277585006258,0.5417690703293079])
Dx = TransformUtils.SE3(TransformUtils.SO3([0.8271095966375253 -0.46222093129794567 0.31975228821725454
 0.4555073228272133 0.8845520727063959 0.10040273662407745
 -0.32924579572242874 0.06260544178327271 0.9421665270313023]),[-2.038598127263989,1.108394335997354,1.7005465297553097])
[SUCCESS]
[TEST] previous discovered issues
TransformUtils.convert(Euler,q) = TransformUtils.Euler(0.7853981633974484,0.0,1.5707963267948963,TransformUtils.Quaternion(1.0,[0.0,0.0,0.0]))
INFO: TransformUtils tests passed

>>> End of log
