>>> 'Pkg.add("TransformUtils")' log
INFO: Cloning cache of TransformUtils from git://github.com/dehann/TransformUtils.jl.git
INFO: Installing TransformUtils v0.0.6
INFO: Package database updated
INFO: METADATA is out-of-date — you may not have the latest version of TransformUtils
INFO: Use `Pkg.update()` to get the latest versions of your packages

>>> 'Pkg.test("TransformUtils")' log
Julia Version 0.4.7
Commit ae26b25 (2016-09-18 16:17 UTC)
Platform Info:
  System: Linux (x86_64-pc-linux-gnu)
  CPU: Intel(R) Xeon(R) CPU E3-1241 v3 @ 3.50GHz
  WORD_SIZE: 64
           Ubuntu 14.04.5 LTS
  uname: Linux 3.13.0-119-generic #166-Ubuntu SMP Wed May 3 12:18:55 UTC 2017 x86_64 x86_64
Memory: 2.9392738342285156 GB (453.93359375 MB free)
Uptime: 44840.0 sec
Load Avg:  0.9287109375  0.93505859375  0.951171875
Intel(R) Xeon(R) CPU E3-1241 v3 @ 3.50GHz: 
       speed         user         nice          sys         idle          irq
#1  3500 MHz    2129026 s       3444 s     163967 s    1703422 s         81 s
#2  3500 MHz    1537289 s       4026 s     137752 s    2618721 s          2 s

  BLAS: libopenblas (USE64BITINT DYNAMIC_ARCH NO_AFFINITY Nehalem)
  LAPACK: libopenblas64_
  LIBM: libopenlibm
  LLVM: libLLVM-3.3
Environment:
  TERM = vt100
  LD_LIBRARY_PATH = :/usr/local/lib/
  PATH = /usr/local/sbin:/usr/local/bin:/usr/sbin:/usr/bin:/sbin:/bin:/usr/games:/usr/local/games:/home/vagrant/julia/bin/
  JAVA_HOME = /usr/lib/jvm/java-7-oracle
  HOME = /home/vagrant

Package Directory: /home/vagrant/.julia/v0.4
2 required packages:
 - JSON                          0.9.1
 - TransformUtils                0.0.6
1 additional packages:
 - Compat                        0.26.0
INFO: Testing TransformUtils
WARNING: could not import Base.normalize into TransformUtils
WARNING: could not import Base.normalize! into TransformUtils
[TEST] constructors SO3, Quaternion, AngleAxis... [SUCCESS]
[TEST] comparison functions for SO3, Quaternion, AngleAxis... [SUCCESS]
[TEST] trivial case quaterion -> SO3 -> Euler -> quaternion... [SUCCESS]
[TEST] convert functions 
WARNING: Need better coverage on convert function tests
[TEST] compare SO3 and quaternion rotations... dAA = TransformUtils.AngleAxis(0.7853981633974483,[1.0,0.0,0.0])
dAA = TransformUtils.so3([0.0 0.04606431136384041 -0.09508396735125718
 -0.04606431136384041 0.0 0.03329297302621242
 0.09508396735125718 -0.03329297302621242 0.0])
dAA = TransformUtils.so3([0.0 0.013437396339223718 -0.043897068520052984
 -0.013437396339223718 0.0 0.009792648326179501
 0.043897068520052984 -0.009792648326179501 0.0])
dAA = TransformUtils.so3([0.0 -0.07667791267861909 -0.05104351349327314
 0.07667791267861909 0.0 0.013047189264716147
 0.05104351349327314 -0.013047189264716147 0.0])
dAA = TransformUtils.Quaternion(0.9977332250157418,[-0.009224439275513243,0.06254978998997315,0.023040077950172773])
dAA = TransformUtils.SO3([0.996892124338824 0.05437093996958176 0.05700783558468792
 -0.055347985665258344 0.9983436657644706 0.0157011308751099
 -0.05605972631065043 -0.018807602579358918 0.998250259790195])
[SUCCESS]
[TEST] basic SE3 mechanics... [SUCCESS]
[TEST] SE3 ⊕ and ⊖ mechanics... Compare operations on two different SE3 transforms
xi = TransformUtils.SE3(TransformUtils.SO3([0.9421983885549026 -0.03137197346416223 -0.3335835665699207
 0.060525645483937796 0.9951641419696039 0.07736263165543578
 0.3295433853733033 -0.09308130756959666 0.9395408598554065]),[0.9005387698871009,-1.2641456964527407,0.8305183257637699])
xj = TransformUtils.SE3(TransformUtils.SO3([0.8926476439444438 -0.42494660698289244 -0.1503348428480923
 0.44548146509095526 0.8825605007406324 0.15044343386422745
 0.068749167419318 -0.20126436283200108 0.9771213886887233]),[-0.8970488855558568,-1.4478762353690091,-3.839170954396045])
Dx = TransformUtils.SE3(TransformUtils.SO3([0.8906700582705039 -0.413291803817859 0.1894643296174707
 0.40892379937421935 0.910357927193333 0.06348047496365765
 -0.19871631439257953 0.020936315178145287 0.9798334027277243]),[-3.2436698157328485,0.30821261225284524,-3.8019320582202374])
[SUCCESS]
[TEST] previous discovered issues
TransformUtils.convert(Euler,q) = TransformUtils.Euler(0.7853981633974484,0.0,1.5707963267948963,TransformUtils.Quaternion(1.0,[0.0,0.0,0.0]))
INFO: TransformUtils tests passed

>>> End of log
