>>> 'Pkg.add("TransformUtils")' log
INFO: Cloning cache of TransformUtils from git://github.com/dehann/TransformUtils.jl.git
INFO: Installing TransformUtils v0.0.6
INFO: Package database updated
INFO: METADATA is out-of-date — you may not have the latest version of TransformUtils
INFO: Use `Pkg.update()` to get the latest versions of your packages

>>> 'Pkg.test("TransformUtils")' log
Julia Version 0.4.7
Commit ae26b25 (2016-09-18 16:17 UTC)
Platform Info:
  System: Linux (x86_64-pc-linux-gnu)
  CPU: Intel(R) Xeon(R) CPU E3-1241 v3 @ 3.50GHz
  WORD_SIZE: 64
           Ubuntu 14.04.5 LTS
  uname: Linux 3.13.0-117-generic #164-Ubuntu SMP Fri Apr 7 11:05:26 UTC 2017 x86_64 x86_64
Memory: 2.9392738342285156 GB (449.4765625 MB free)
Uptime: 44752.0 sec
Load Avg:  1.111328125  1.04248046875  1.0498046875
Intel(R) Xeon(R) CPU E3-1241 v3 @ 3.50GHz: 
       speed         user         nice          sys         idle          irq
#1  3500 MHz    2172726 s       6718 s     178555 s    1677659 s         90 s
#2  3500 MHz    1509172 s        285 s     155320 s    2665391 s          4 s

  BLAS: libopenblas (USE64BITINT DYNAMIC_ARCH NO_AFFINITY Nehalem)
  LAPACK: libopenblas64_
  LIBM: libopenlibm
  LLVM: libLLVM-3.3
Environment:
  TERM = vt100
  LD_LIBRARY_PATH = :/usr/local/lib/
  PATH = /usr/local/sbin:/usr/local/bin:/usr/sbin:/usr/bin:/sbin:/bin:/usr/games:/usr/local/games:/home/vagrant/julia/bin/
  JAVA_HOME = /usr/lib/jvm/java-7-oracle
  HOME = /home/vagrant

Package Directory: /home/vagrant/.julia/v0.4
2 required packages:
 - JSON                          0.9.1
 - TransformUtils                0.0.6
1 additional packages:
 - Compat                        0.25.0
INFO: Testing TransformUtils
WARNING: could not import Base.normalize into TransformUtils
WARNING: could not import Base.normalize! into TransformUtils
[TEST] constructors SO3, Quaternion, AngleAxis... [SUCCESS]
[TEST] comparison functions for SO3, Quaternion, AngleAxis... [SUCCESS]
[TEST] trivial case quaterion -> SO3 -> Euler -> quaternion... [SUCCESS]
[TEST] convert functions 
WARNING: Need better coverage on convert function tests
[TEST] compare SO3 and quaternion rotations... dAA = TransformUtils.AngleAxis(0.7853981633974483,[1.0,0.0,0.0])
dAA = TransformUtils.so3([0.0 0.0522144705405198 -0.13155863460556053
 -0.0522144705405198 0.0 -0.03906067775021231
 0.13155863460556053 0.03906067775021231 0.0])
dAA = TransformUtils.so3([0.0 0.1364572638403498 0.2106789034097823
 -0.1364572638403498 0.0 -0.10081143675593283
 -0.2106789034097823 0.10081143675593283 0.0])
dAA = TransformUtils.so3([0.0 0.04717801622280454 -0.16093906359612256
 -0.04717801622280454 0.0 0.035167727660913126
 0.16093906359612256 -0.035167727660913126 0.0])
dAA = TransformUtils.Quaternion(0.9992431023644813,[-0.024288979533922714,0.01793139117683542,-0.024530247872178303])
dAA = TransformUtils.SO3([0.9903626570031256 0.01182273285159503 0.1379928643141707
 -0.03743545387317883 0.9821142472675572 0.18452694141341036
 -0.13334314533195327 -0.18791441749370613 0.9730918647748437])
[SUCCESS]
[TEST] basic SE3 mechanics... [SUCCESS]
[TEST] SE3 ⊕ and ⊖ mechanics... Compare operations on two different SE3 transforms
xi = TransformUtils.SE3(TransformUtils.SO3([0.9579686040056782 -0.26156721974217134 0.11780807822795003
 0.20861877853074487 0.9170793466555216 0.3397700357333202
 -0.19691205901049377 -0.30091204943343874 0.9331010553643241]),[-0.5599316522430366,1.4736750129197624,-0.14153522226151352])
xj = TransformUtils.SE3(TransformUtils.SO3([0.9980074312090885 -0.05294434018632696 0.03432293830182387
 0.056211525175910056 0.9931431749965034 -0.10250316285492109
 -0.028660629595917003 0.10422826296211087 0.9941403510124044]),[1.1030482868907534,1.451065788790227,0.34317088937147844])
Dx = TransformUtils.SE3(TransformUtils.SO3([0.9734301889704812 0.1359454985486625 -0.18426201080322796
 -0.20087127149079353 0.8932760577079887 -0.4021300996137266
 0.10992906572224301 0.428458523255203 0.8968494268044137]),[1.4929213836033906,-0.6015694010837304,0.640510318176873])
[SUCCESS]
[TEST] previous discovered issues
TransformUtils.convert(Euler,q) = TransformUtils.Euler(0.7853981633974484,0.0,1.5707963267948963,TransformUtils.Quaternion(1.0,[0.0,0.0,0.0]))
INFO: TransformUtils tests passed

>>> End of log
