>>> 'Pkg.add("TransformUtils")' log
INFO: Cloning cache of TransformUtils from git://github.com/dehann/TransformUtils.jl.git
INFO: Installing TransformUtils v0.0.6
INFO: Package database updated
INFO: METADATA is out-of-date — you may not have the latest version of TransformUtils
INFO: Use `Pkg.update()` to get the latest versions of your packages

>>> 'Pkg.test("TransformUtils")' log
Julia Version 0.4.7
Commit ae26b25 (2016-09-18 16:17 UTC)
Platform Info:
  System: Linux (x86_64-pc-linux-gnu)
  CPU: Intel(R) Xeon(R) CPU E3-1241 v3 @ 3.50GHz
  WORD_SIZE: 64
           Ubuntu 14.04.5 LTS
  uname: Linux 3.13.0-119-generic #166-Ubuntu SMP Wed May 3 12:18:55 UTC 2017 x86_64 x86_64
Memory: 2.9392738342285156 GB (448.3984375 MB free)
Uptime: 46875.0 sec
Load Avg:  1.15478515625  1.07568359375  1.04541015625
Intel(R) Xeon(R) CPU E3-1241 v3 @ 3.50GHz: 
       speed         user         nice          sys         idle          irq
#1  3499 MHz    2351120 s         98 s     189972 s    1652556 s        150 s
#2  3499 MHz    1495024 s       6840 s     162389 s    2855098 s          4 s

  BLAS: libopenblas (USE64BITINT DYNAMIC_ARCH NO_AFFINITY Nehalem)
  LAPACK: libopenblas64_
  LIBM: libopenlibm
  LLVM: libLLVM-3.3
Environment:
  TERM = vt100
  LD_LIBRARY_PATH = :/usr/local/lib/
  PATH = /usr/local/sbin:/usr/local/bin:/usr/sbin:/usr/bin:/sbin:/bin:/usr/games:/usr/local/games:/home/vagrant/julia/bin/
  JAVA_HOME = /usr/lib/jvm/java-7-oracle
  HOME = /home/vagrant

Package Directory: /home/vagrant/.julia/v0.4
2 required packages:
 - JSON                          0.9.1
 - TransformUtils                0.0.6
1 additional packages:
 - Compat                        0.26.0
INFO: Testing TransformUtils
WARNING: could not import Base.normalize into TransformUtils
WARNING: could not import Base.normalize! into TransformUtils
[TEST] constructors SO3, Quaternion, AngleAxis... [SUCCESS]
[TEST] comparison functions for SO3, Quaternion, AngleAxis... [SUCCESS]
[TEST] trivial case quaterion -> SO3 -> Euler -> quaternion... [SUCCESS]
[TEST] convert functions 
WARNING: Need better coverage on convert function tests
[TEST] compare SO3 and quaternion rotations... dAA = TransformUtils.AngleAxis(0.7853981633974483,[1.0,0.0,0.0])
dAA = TransformUtils.so3([0.0 0.013893065353531055 0.0588054950114241
 -0.013893065353531055 0.0 0.12749335746042179
 -0.0588054950114241 -0.12749335746042179 0.0])
dAA = TransformUtils.so3([0.0 0.14769659378999267 0.13809096805750107
 -0.14769659378999267 0.0 -0.06243029104177649
 -0.13809096805750107 0.06243029104177649 0.0])
dAA = TransformUtils.so3([0.0 -0.02653718849400349 0.06395015020932553
 0.02653718849400349 0.0 -0.06379140549747128
 -0.06395015020932553 0.06379140549747128 0.0])
dAA = TransformUtils.Quaternion(0.9911556403061745,[0.037730539372064574,-0.11314859748666134,-0.05817471937836607])
dAA = TransformUtils.SO3([0.9717570286669479 -0.20446629941329242 0.11782109166282106
 0.20048259364861798 0.9786699730268047 0.044853244471685386
 -0.12447894151344699 -0.01996537753080327 0.9920213590542015])
[SUCCESS]
[TEST] basic SE3 mechanics... [SUCCESS]
[TEST] SE3 ⊕ and ⊖ mechanics... Compare operations on two different SE3 transforms
xi = TransformUtils.SE3(TransformUtils.SO3([0.9530173131407558 -0.04587099599834793 0.29942253185105205
 0.04262233042463346 0.9989401560386244 0.017375315902221914
 -0.2999022137349908 -0.003796890786971507 0.9539623922446858]),[1.1307189513710023,-1.7428387290312661,-0.02274280073688004])
xj = TransformUtils.SE3(TransformUtils.SO3([0.9933378734095041 -0.06583430837530774 -0.09458177991045093
 0.04642155856024628 0.9798103886935788 -0.1944650125574664
 0.10547468014230581 0.18877882839154084 0.9763388990509368]),[0.3870947581802204,0.1403784592513879,-0.31896006157906437])
Dx = TransformUtils.SE3(TransformUtils.SO3([0.9170146960977915 -0.07759462208085036 -0.3912328229645428
 0.00040648549426278857 0.9810750552715716 -0.19362740171118814
 0.3988532084742685 0.17740014246897554 0.8996917847472927]),[-0.5395834130477223,1.9164567588964567,-0.47251647188915274])
[SUCCESS]
[TEST] previous discovered issues
TransformUtils.convert(Euler,q) = TransformUtils.Euler(0.7853981633974484,0.0,1.5707963267948963,TransformUtils.Quaternion(1.0,[0.0,0.0,0.0]))
INFO: TransformUtils tests passed

>>> End of log
