>>> 'Pkg.add("TransformUtils")' log
INFO: Cloning cache of TransformUtils from git://github.com/dehann/TransformUtils.jl.git
INFO: Installing TransformUtils v0.0.5
INFO: Package database updated
INFO: METADATA is out-of-date — you may not have the latest version of TransformUtils
INFO: Use `Pkg.update()` to get the latest versions of your packages

>>> 'Pkg.test("TransformUtils")' log
Julia Version 0.4.7
Commit ae26b25 (2016-09-18 16:17 UTC)
Platform Info:
  System: Linux (x86_64-pc-linux-gnu)
  CPU: Intel(R) Xeon(R) CPU E3-1241 v3 @ 3.50GHz
  WORD_SIZE: 64
           Ubuntu 14.04.5 LTS
  uname: Linux 3.13.0-116-generic #163-Ubuntu SMP Fri Mar 31 14:13:22 UTC 2017 x86_64 x86_64
Memory: 2.9392738342285156 GB (450.8984375 MB free)
Uptime: 42947.0 sec
Load Avg:  0.97802734375  0.97412109375  1.0185546875
Intel(R) Xeon(R) CPU E3-1241 v3 @ 3.50GHz: 
       speed         user         nice          sys         idle          irq
#1  3500 MHz    2155794 s       1158 s     175064 s    1512424 s        108 s
#2  3500 MHz    1336296 s       5414 s     155058 s    2650438 s          1 s

  BLAS: libopenblas (USE64BITINT DYNAMIC_ARCH NO_AFFINITY Nehalem)
  LAPACK: libopenblas64_
  LIBM: libopenlibm
  LLVM: libLLVM-3.3
Environment:
  TERM = vt100
  LD_LIBRARY_PATH = :/usr/local/lib/
  PATH = /usr/local/sbin:/usr/local/bin:/usr/sbin:/usr/bin:/sbin:/bin:/usr/games:/usr/local/games:/home/vagrant/julia/bin/
  JAVA_HOME = /usr/lib/jvm/java-7-oracle
  HOME = /home/vagrant

Package Directory: /home/vagrant/.julia/v0.4
2 required packages:
 - JSON                          0.9.0
 - TransformUtils                0.0.5
1 additional packages:
 - Compat                        0.24.0
INFO: Testing TransformUtils
WARNING: could not import Base.normalize into TransformUtils
WARNING: could not import Base.normalize! into TransformUtils
[TEST] constructors SO3, Quaternion, AngleAxis... [SUCCESS]
[TEST] comparison functions for SO3, Quaternion, AngleAxis... [SUCCESS]
[TEST] trivial case quaterion -> SO3 -> Euler -> quaternion... [SUCCESS]
[TEST] convert functions 
WARNING: Need better coverage on convert function tests
[TEST] compare SO3 and quaternion rotations... dAA = TransformUtils.AngleAxis(0.7853981633974483,[1.0,0.0,0.0])
dAA = TransformUtils.so3([0.0 0.05464740929710077 -0.002117905260920432
 -0.05464740929710077 0.0 -0.00147689921674512
 0.002117905260920432 0.00147689921674512 0.0])
dAA = TransformUtils.so3([0.0 0.04391804820146111 0.07183860185426165
 -0.04391804820146111 0.0 0.0014326377292421812
 -0.07183860185426165 -0.0014326377292421812 0.0])
dAA = TransformUtils.so3([0.0 0.007893717241206985 -0.11745289438812995
 -0.007893717241206985 0.0 0.07281799837956668
 0.11745289438812995 -0.07281799837956668 0.0])
dAA = TransformUtils.Quaternion(0.9982324592982004,[0.0037100066883954484,-0.057032078604543304,0.016295246665322335])
dAA = TransformUtils.SO3([0.9855426584406143 -0.07405015424707617 -0.15238846101260747
 0.05638905817543859 0.9915153597533456 -0.11712201113061743
 0.15976840273312418 0.10683569641827442 0.9813563019917529])
[SUCCESS]
[TEST] basic SE3 mechanics... [SUCCESS]
[TEST] SE3 ⊕ and ⊖ mechanics... Compare operations on two different SE3 transforms
xi = TransformUtils.SE3(TransformUtils.SO3([0.9394386873657714 -0.1882771096506472 0.28636808946192766
 0.28472460154902773 0.8938430201631861 -0.3463763221963959
 -0.19075338516845214 0.40693535762716937 0.8933178385992434]),[0.6753965543583514,-0.18110492893379926,0.27029317227638516])
xj = TransformUtils.SE3(TransformUtils.SO3([0.854049053674114 -0.36880231359617843 0.36685837513195263
 0.4212431317336027 0.9041042005886312 -0.07176223550906745
 -0.30521211949334026 0.21582504016934254 0.9275047785053642]),[-0.9461176419118439,0.7363837327775807,-0.8825924714011111])
Dx = TransformUtils.SE3(TransformUtils.SO3([0.9804852497554962 -0.13021581012727254 0.147283800211701
 0.09152574276796083 0.9653911027389348 0.24421928089992526
 -0.1739876818130386 -0.22597314341620706 0.9584698352227488]),[-1.0421647352139205,0.656234910767693,-1.8120395820838489])
[SUCCESS]
[TEST] previous discovered issues
TransformUtils.convert(Euler,q) = TransformUtils.Euler(0.7853981633974484,0.0,1.5707963267948963,TransformUtils.Quaternion(1.0,[0.0,0.0,0.0]))
INFO: TransformUtils tests passed

>>> End of log
