>>> 'Pkg.add("TransformUtils")' log
INFO: Cloning cache of TransformUtils from git://github.com/dehann/TransformUtils.jl.git
INFO: Installing TransformUtils v0.0.4
INFO: Package database updated
INFO: METADATA is out-of-date — you may not have the latest version of TransformUtils
INFO: Use `Pkg.update()` to get the latest versions of your packages

>>> 'Pkg.test("TransformUtils")' log
Julia Version 0.4.7
Commit ae26b25 (2016-09-18 16:17 UTC)
Platform Info:
  System: Linux (x86_64-pc-linux-gnu)
  CPU: Intel(R) Xeon(R) CPU E3-1241 v3 @ 3.50GHz
  WORD_SIZE: 64
           Ubuntu 14.04.5 LTS
  uname: Linux 3.13.0-105-generic #152-Ubuntu SMP Fri Dec 2 15:37:11 UTC 2016 x86_64 x86_64
Memory: 2.9392738342285156 GB (460.37890625 MB free)
Uptime: 33325.0 sec
Load Avg:  0.95947265625  0.958984375  1.01025390625
Intel(R) Xeon(R) CPU E3-1241 v3 @ 3.50GHz: 
       speed         user         nice          sys         idle          irq
#1  3500 MHz    1672804 s       4567 s     127889 s    1180725 s        100 s
#2  3500 MHz    1063254 s       2483 s     111853 s    2039742 s          4 s

  BLAS: libopenblas (USE64BITINT DYNAMIC_ARCH NO_AFFINITY Nehalem)
  LAPACK: libopenblas64_
  LIBM: libopenlibm
  LLVM: libLLVM-3.3
Environment:
  TERM = vt100
  LD_LIBRARY_PATH = :/usr/local/lib/
  PATH = /usr/local/sbin:/usr/local/bin:/usr/sbin:/usr/bin:/sbin:/bin:/usr/games:/usr/local/games:/home/vagrant/julia/bin/
  JAVA_HOME = /usr/lib/jvm/java-7-oracle
  HOME = /home/vagrant

Package Directory: /home/vagrant/.julia/v0.4
2 required packages:
 - JSON                          0.8.0
 - TransformUtils                0.0.4
1 additional packages:
 - Compat                        0.10.0
INFO: Testing TransformUtils
WARNING: could not import Base.normalize into TransformUtils
WARNING: could not import Base.normalize! into TransformUtils
[TEST] constructors SO3, Quaternion, AngleAxis... [SUCCESS]
[TEST] comparison functions for SO3, Quaternion, AngleAxis... [SUCCESS]
[TEST] trivial case quaterion -> SO3 -> Euler -> quaternion... [SUCCESS]
[TEST] convert functions 
WARNING: Need better coverage on convert function tests
[TEST] compare SO3 and quaternion rotations... dAA = TransformUtils.AngleAxis(0.7853981633974483,[1.0,0.0,0.0])
dAA = TransformUtils.so3([0.0 0.041394586242049884 -0.18608867665991782
 -0.041394586242049884 0.0 0.004645848419550957
 0.18608867665991782 -0.004645848419550957 0.0])
dAA = TransformUtils.so3([0.0 0.06204613263847178 -0.10050889731115685
 -0.06204613263847178 0.0 0.09770230692339531
 0.10050889731115685 -0.09770230692339531 0.0])
dAA = TransformUtils.so3([0.0 -0.09037276925691494 0.04972239527362343
 0.09037276925691494 0.0 -0.02080282049685555
 -0.04972239527362343 0.02080282049685555 0.0])
dAA = TransformUtils.Quaternion(0.9947220753609426,[-0.020821248922941786,-0.08701699210630953,0.05022461017945748])
dAA = TransformUtils.SO3([0.9986655208540455 0.016398612416226428 0.04897206313951864
 -0.01873991149294326 0.9986840421486639 0.04773886964353843
 -0.04812476674806092 -0.04859289524640908 0.9976586276663059])
[SUCCESS]
[TEST] basic SE3 mechanics... [SUCCESS]
INFO: TransformUtils tests passed

>>> End of log
