>>> 'Pkg.add("TransformUtils")' log
INFO: Cloning cache of TransformUtils from git://github.com/dehann/TransformUtils.jl.git
INFO: Installing TransformUtils v0.0.4
INFO: Package database updated
INFO: METADATA is out-of-date — you may not have the latest version of TransformUtils
INFO: Use `Pkg.update()` to get the latest versions of your packages

>>> 'Pkg.test("TransformUtils")' log
Julia Version 0.4.7
Commit ae26b25 (2016-09-18 16:17 UTC)
Platform Info:
  System: Linux (x86_64-pc-linux-gnu)
  CPU: Intel(R) Xeon(R) CPU E3-1241 v3 @ 3.50GHz
  WORD_SIZE: 64
           Ubuntu 14.04.5 LTS
  uname: Linux 3.13.0-107-generic #154-Ubuntu SMP Tue Dec 20 09:57:27 UTC 2016 x86_64 x86_64
Memory: 2.9392738342285156 GB (408.08203125 MB free)
Uptime: 34813.0 sec
Load Avg:  1.08056640625  1.046875  0.98486328125
Intel(R) Xeon(R) CPU E3-1241 v3 @ 3.50GHz: 
       speed         user         nice          sys         idle          irq
#1  3500 MHz    1764440 s       4867 s     143130 s    1200451 s        123 s
#2  3500 MHz    1087206 s       2015 s     123393 s    2141870 s          8 s

  BLAS: libopenblas (USE64BITINT DYNAMIC_ARCH NO_AFFINITY Nehalem)
  LAPACK: libopenblas64_
  LIBM: libopenlibm
  LLVM: libLLVM-3.3
Environment:
  TERM = vt100
  LD_LIBRARY_PATH = :/usr/local/lib/
  PATH = /usr/local/sbin:/usr/local/bin:/usr/sbin:/usr/bin:/sbin:/bin:/usr/games:/usr/local/games:/home/vagrant/julia/bin/
  JAVA_HOME = /usr/lib/jvm/java-7-oracle
  HOME = /home/vagrant

Package Directory: /home/vagrant/.julia/v0.4
2 required packages:
 - JSON                          0.8.0
 - TransformUtils                0.0.4
1 additional packages:
 - Compat                        0.11.0
INFO: Testing TransformUtils
WARNING: could not import Base.normalize into TransformUtils
WARNING: could not import Base.normalize! into TransformUtils
[TEST] constructors SO3, Quaternion, AngleAxis... [SUCCESS]
[TEST] comparison functions for SO3, Quaternion, AngleAxis... [SUCCESS]
[TEST] trivial case quaterion -> SO3 -> Euler -> quaternion... [SUCCESS]
[TEST] convert functions 
WARNING: Need better coverage on convert function tests
[TEST] compare SO3 and quaternion rotations... dAA = TransformUtils.AngleAxis(0.7853981633974483,[1.0,0.0,0.0])
dAA = TransformUtils.so3([0.0 0.005837513006065345 -0.014110552312556417
 -0.005837513006065345 0.0 -0.11048972615911899
 0.014110552312556417 0.11048972615911899 0.0])
dAA = TransformUtils.so3([0.0 0.055567203331386865 0.10828122396511773
 -0.055567203331386865 0.0 0.09734119273332609
 -0.10828122396511773 -0.09734119273332609 0.0])
dAA = TransformUtils.so3([0.0 0.023855388720121946 -0.11141500440185868
 -0.023855388720121946 0.0 0.022880919238005604
 0.11141500440185868 -0.022880919238005604 0.0])
dAA = TransformUtils.Quaternion(0.9962642276542878,[0.010059134658180632,0.01742106680460573,0.08398159880428263])
dAA = TransformUtils.SO3([0.9999843773550462 0.0033310690144659253 0.004488766541314505
 -0.003388642212704502 0.9999113062982673 0.012880086989130958
 -0.0044454639573206205 -0.012895096591889822 0.9999069728400191])
ERROR: LoadError: test failed: compare(q1,convert(Quaternion,AA1))
 in expression: compare(q1,convert(Quaternion,AA1))
 in error at ./error.jl:21
 in default_handler at test.jl:28
 in do_test at test.jl:53
 [inlined code] from /home/vagrant/.julia/v0.4/TransformUtils/test/runtests.jl:61
 in anonymous at no file:0
 in include at ./boot.jl:261
 in include_from_node1 at ./loading.jl:333
 in process_options at ./client.jl:280
 in _start at ./client.jl:378
while loading /home/vagrant/.julia/v0.4/TransformUtils/test/runtests.jl, in expression starting on line 48
===========================[ ERROR: TransformUtils ]============================

failed process: Process(`/home/vagrant/julia/bin/julia --check-bounds=yes --code-coverage=none --color=no /home/vagrant/.julia/v0.4/TransformUtils/test/runtests.jl`, ProcessExited(1)) [1]

================================================================================
ERROR: TransformUtils had test errors
 in error at ./error.jl:21
 in test at pkg/entry.jl:803
 in anonymous at pkg/dir.jl:31
 in cd at file.jl:22
 in cd at pkg/dir.jl:31
 in test at pkg.jl:71
 in process_options at ./client.jl:257
 in _start at ./client.jl:378

>>> End of log
