>>> 'Pkg.add("TransformUtils")' log
INFO: Cloning cache of TransformUtils from https://github.com/dehann/TransformUtils.jl.git
INFO: Installing TransformUtils v0.0.2
INFO: Package database updated

>>> 'Pkg.test("TransformUtils")' log
Julia Version 0.6.0-dev.1378
Commit 1e0e793 (2016-12-03 13:48 UTC)
Platform Info:
  OS: Linux (x86_64-pc-linux-gnu)
  CPU: Intel(R) Xeon(R) CPU E3-1241 v3 @ 3.50GHz
  WORD_SIZE: 64
           Ubuntu 14.04.5 LTS
  uname: Linux 3.13.0-105-generic #152-Ubuntu SMP Fri Dec 2 15:37:11 UTC 2016 x86_64 x86_64
Memory: 2.9392738342285156 GB (488.58203125 MB free)
Uptime: 25652.0 sec
Load Avg:  0.931640625  0.98486328125  0.9794921875
Intel(R) Xeon(R) CPU E3-1241 v3 @ 3.50GHz: 
       speed         user         nice          sys         idle          irq
#1  3500 MHz    1484210 s       7316 s     168424 s     625318 s         73 s
#2  3500 MHz     497770 s         66 s      85326 s    1906965 s          1 s

  BLAS: libopenblas (USE64BITINT DYNAMIC_ARCH NO_AFFINITY Nehalem)
  LAPACK: libopenblas64_
  LIBM: libopenlibm
  LLVM: libLLVM-3.7.1 (ORCJIT, haswell)
Environment:
  TERM = vt100
  LD_LIBRARY_PATH = :/usr/local/lib/
  PATH = /usr/local/sbin:/usr/local/bin:/usr/sbin:/usr/bin:/sbin:/bin:/usr/games:/usr/local/games:/home/vagrant/julia/bin/
  JAVA_HOME = /usr/lib/jvm/java-7-oracle
  HOME = /home/vagrant

Package Directory: /home/vagrant/.julia/v0.6
2 required packages:
 - JSON                          0.8.0
 - TransformUtils                0.0.2
18 additional packages:
 - CategoricalArrays             0.1.0
 - Compat                        0.9.5
 - DataArrays                    0.3.10
 - DataFrames                    0.8.5
 - DataStreams                   0.1.2
 - DataStreamsIntegrationTests   0.0.1              e92cc45b (dirty)
 - FileIO                        0.2.0
 - GZip                          0.2.20
 - Hiccup                        0.0.3
 - Juno                          0.2.5
 - Lazy                          0.11.4
 - MacroTools                    0.3.2
 - Media                         0.2.4
 - NullableArrays                0.0.10
 - Reexport                      0.0.3
 - SortingAlgorithms             0.1.0
 - StatsBase                     0.11.1
 - WeakRefStrings                0.2.0
INFO: Testing TransformUtils
WARNING: Method definition *(TransformUtils.SO3, TransformUtils.so3) in module TransformUtils at /home/vagrant/.julia/v0.6/TransformUtils/src/TransformUtils.jl:176 overwritten at /home/vagrant/.julia/v0.6/TransformUtils/src/TransformUtils.jl:203.
WARNING: Method definition *(TransformUtils.so3, TransformUtils.SO3) in module TransformUtils at /home/vagrant/.julia/v0.6/TransformUtils/src/TransformUtils.jl:179 overwritten at /home/vagrant/.julia/v0.6/TransformUtils/src/TransformUtils.jl:204.
[TEST] constructors SO3, Quaternion, AngleAxis... [SUCCESS]
[TEST] comparison functions for SO3, Quaternion, AngleAxis... [SUCCESS]
[TEST] trivial case quaterion -> SO3 -> Euler -> quaternion... [SUCCESS]
[TEST] convert functions 
WARNING: Need better coverage on convert function tests
[TEST] compare SO3 and quaternion rotations... dAA = TransformUtils.AngleAxis(0.7853981633974483,[1.0,0.0,0.0])
dAA = TransformUtils.so3([0.0 0.0674878 0.229596; -0.0674878 0.0 -0.059768; -0.229596 0.059768 0.0])
dAA = TransformUtils.so3([0.0 0.0106663 0.0797644; -0.0106663 0.0 -0.0541079; -0.0797644 0.0541079 0.0])
dAA = TransformUtils.so3([0.0 0.0862304 -0.0777357; -0.0862304 0.0 0.203783; 0.0777357 -0.203783 0.0])
dAA = TransformUtils.Quaternion(0.9950483574886532,[0.0572933,-0.0167854,0.0794638])
dAA = TransformUtils.SO3([0.99858 0.0532255 0.00242856; -0.0532672 0.998319 0.0228428; -0.00120866 -0.0229397 0.999736])
[SUCCESS]
[TEST] basic SE3 mechanics... [SUCCESS]
INFO: TransformUtils tests passed

>>> End of log
